 &plot nbnd=  35, nks=   261 /
            0.000000  0.000000  0.000000
  -77.748  -48.998  -48.998  -48.833  -23.505  -23.386  -21.035  -19.646  -13.222  -10.454
   -9.170   -9.170   -9.088   -9.085   -8.656   -8.631   -8.631   -7.367   -7.366   -6.947
   -5.150   -3.450   -3.449   -3.241   -3.241   -1.967   -1.663    1.057    1.678    1.716
    2.255    2.256    2.373    2.373    3.004
            0.003333  0.005774  0.000000
  -77.748  -48.998  -48.998  -48.833  -23.504  -23.385  -21.034  -19.646  -13.222  -10.454
   -9.173   -9.171   -9.088   -9.088   -8.655   -8.632   -8.631   -7.368   -7.367   -6.947
   -5.150   -3.450   -3.450   -3.242   -3.241   -1.964   -1.661    1.059    1.679    1.716
    2.252    2.257    2.369    2.374    3.007
            0.006667  0.011547  0.000000
  -77.748  -48.998  -48.998  -48.833  -23.503  -23.384  -21.033  -19.646  -13.221  -10.454
   -9.182   -9.172   -9.097   -9.090   -8.651   -8.635   -8.630   -7.370   -7.368   -6.944
   -5.151   -3.452   -3.448   -3.245   -3.242   -1.957   -1.655    1.063    1.681    1.718
    2.242    2.261    2.359    2.379    3.017
            0.010000  0.017321  0.000000
  -77.748  -48.998  -48.998  -48.833  -23.500  -23.381  -21.032  -19.645  -13.219  -10.453
   -9.197   -9.175   -9.111   -9.093   -8.646   -8.640   -8.628   -7.374   -7.371   -6.939
   -5.152   -3.455   -3.445   -3.249   -3.244   -1.945   -1.645    1.071    1.684    1.720
    2.227    2.268    2.343    2.385    3.034
            0.013333  0.023094  0.000000
  -77.747  -48.999  -48.998  -48.833  -23.497  -23.378  -21.029  -19.644  -13.216  -10.452
   -9.217   -9.179   -9.130   -9.097   -8.649   -8.637   -8.626   -7.379   -7.374   -6.934
   -5.154   -3.459   -3.442   -3.255   -3.246   -1.928   -1.631    1.081    1.689    1.723
    2.207    2.278    2.322    2.395    3.055
            0.016667  0.028868  0.000000
  -77.747  -48.999  -48.998  -48.832  -23.492  -23.373  -21.026  -19.642  -13.213  -10.451
   -9.243   -9.185   -9.154   -9.102   -8.658   -8.629   -8.624   -7.385   -7.379   -6.927
   -5.157   -3.465   -3.437   -3.263   -3.249   -1.908   -1.614    1.095    1.694    1.727
    2.181    2.289    2.297    2.408    3.081
            0.020000  0.034641  0.000000
  -77.747  -49.000  -48.998  -48.832  -23.487  -23.368  -21.022  -19.640  -13.209  -10.449
   -9.274   -9.197   -9.177   -9.109   -8.669   -8.622   -8.618   -7.392   -7.384   -6.918
   -5.160   -3.471   -3.431   -3.272   -3.253   -1.883   -1.592    1.111    1.701    1.732
    2.150    2.266    2.306    2.423    3.110
            0.023333  0.040415  0.000000
  -77.747  -49.000  -48.998  -48.832  -23.480  -23.361  -21.018  -19.638  -13.205  -10.447
   -9.308   -9.226   -9.189   -9.116   -8.682   -8.618   -8.607   -7.400   -7.391   -6.910
   -5.165   -3.478   -3.425   -3.281   -3.257   -1.854   -1.568    1.130    1.708    1.738
    2.116    2.233    2.324    2.441    3.143
            0.026667  0.046188  0.000000
  -77.747  -49.001  -48.999  -48.832  -23.473  -23.354  -21.013  -19.635  -13.200  -10.445
   -9.347   -9.264   -9.198   -9.125   -8.697   -8.615   -8.595   -7.408   -7.398   -6.901
   -5.170   -3.486   -3.417   -3.292   -3.262   -1.821   -1.540    1.152    1.717    1.744
    2.078    2.198    2.345    2.462    3.178
            0.030000  0.051962  0.000000
  -77.747  -49.002  -48.999  -48.832  -23.464  -23.345  -21.007  -19.632  -13.194  -10.443
   -9.390   -9.308   -9.207   -9.136   -8.713   -8.610   -8.583   -7.418   -7.407   -6.891
   -5.176   -3.494   -3.409   -3.302   -3.267   -1.786   -1.509    1.176    1.726    1.751
    2.038    2.160    2.368    2.486    3.214
            0.033333  0.057735  0.000000
  -77.747  -49.003  -48.999  -48.832  -23.455  -23.336  -21.000  -19.629  -13.188  -10.441
   -9.437   -9.355   -9.217   -9.148   -8.731   -8.606   -8.570   -7.427   -7.417   -6.882
   -5.182   -3.502   -3.400   -3.314   -3.273   -1.747   -1.475    1.202    1.734    1.759
    1.996    2.121    2.395    2.512    3.252
            0.036667  0.063509  0.000000
  -77.747  -49.004  -48.999  -48.832  -23.444  -23.326  -20.993  -19.626  -13.181  -10.439
   -9.486   -9.406   -9.228   -9.161   -8.749   -8.601   -8.557   -7.438   -7.427   -6.874
   -5.190   -3.511   -3.391   -3.325   -3.280   -1.705   -1.438    1.230    1.742    1.766
    1.953    2.082    2.424    2.542    3.292
            0.040000  0.069282  0.000000
  -77.747  -49.005  -49.000  -48.831  -23.433  -23.314  -20.985  -19.622  -13.173  -10.436
   -9.539   -9.460   -9.240   -9.175   -8.769   -8.595   -8.544   -7.449   -7.438   -6.865
   -5.199   -3.520   -3.382   -3.335   -3.286   -1.662   -1.399    1.259    1.748    1.773
    1.912    2.043    2.456    2.575    3.333
            0.043333  0.075056  0.000000
  -77.747  -49.007  -49.000  -48.831  -23.420  -23.302  -20.977  -19.618  -13.165  -10.434
   -9.595   -9.518   -9.253   -9.191   -8.790   -8.589   -8.531   -7.462   -7.449   -6.858
   -5.209   -3.529   -3.375   -3.345   -3.291   -1.616   -1.358    1.290    1.750    1.775
    1.876    2.007    2.490    2.610    3.374
            0.046667  0.080829  0.000000
  -77.746  -49.008  -49.000  -48.831  -23.407  -23.289  -20.968  -19.613  -13.157  -10.431
   -9.653   -9.578   -9.268   -9.209   -8.812   -8.582   -8.517   -7.476   -7.460   -6.851
   -5.221   -3.537   -3.372   -3.351   -3.295   -1.568   -1.315    1.320    1.742    1.766
    1.856    1.977    2.528    2.648    3.417
            0.050000  0.086603  0.000000
  -77.746  -49.009  -49.001  -48.831  -23.393  -23.275  -20.958  -19.608  -13.147  -10.429
   -9.714   -9.640   -9.285   -9.228   -8.834   -8.575   -8.504   -7.492   -7.471   -6.845
   -5.233   -3.545   -3.377   -3.353   -3.295   -1.518   -1.271    1.349    1.715    1.752
    1.855    1.955    2.568    2.690    3.460
            0.053333  0.092376  0.000000
  -77.746  -49.011  -49.001  -48.830  -23.377  -23.259  -20.948  -19.603  -13.138  -10.427
   -9.777   -9.704   -9.303   -9.248   -8.857   -8.568   -8.490   -7.509   -7.481   -6.840
   -5.246   -3.553   -3.385   -3.357   -3.290   -1.467   -1.225    1.375    1.675    1.736
    1.865    1.943    2.611    2.734    3.503
            0.056667  0.098150  0.000000
  -77.746  -49.012  -49.001  -48.830  -23.361  -23.243  -20.937  -19.598  -13.128  -10.426
   -9.842   -9.769   -9.323   -9.269   -8.880   -8.559   -8.476   -7.528   -7.491   -6.835
   -5.261   -3.560   -3.394   -3.363   -3.280   -1.414   -1.177    1.393    1.630    1.721
    1.879    1.940    2.656    2.781    3.547
            0.060000  0.103923  0.000000
  -77.746  -49.014  -49.002  -48.830  -23.344  -23.226  -20.925  -19.592  -13.117  -10.426
   -9.909   -9.836   -9.345   -9.291   -8.904   -8.551   -8.463   -7.548   -7.500   -6.832
   -5.277   -3.567   -3.403   -3.373   -3.267   -1.361   -1.129    1.398    1.583    1.711
    1.895    1.946    2.703    2.831    3.591
            0.063333  0.109697  0.000000
  -77.746  -49.016  -49.002  -48.830  -23.325  -23.208  -20.913  -19.586  -13.107  -10.427
   -9.977   -9.903   -9.368   -9.315   -8.928   -8.542   -8.449   -7.570   -7.510   -6.830
   -5.293   -3.573   -3.411   -3.385   -3.252   -1.306   -1.079    1.388    1.535    1.715
    1.912    1.957    2.753    2.883    3.636
            0.066667  0.115470  0.000000
  -77.745  -49.018  -49.003  -48.829  -23.306  -23.189  -20.901  -19.580  -13.096  -10.431
  -10.046   -9.970   -9.394   -9.339   -8.952   -8.532   -8.435   -7.593   -7.519   -6.830
   -5.311   -3.578   -3.420   -3.398   -3.235   -1.251   -1.029    1.362    1.486    1.732
    1.930    1.972    2.805    2.939    3.681
            0.070000  0.121244  0.000000
  -77.745  -49.020  -49.003  -48.829  -23.286  -23.169  -20.887  -19.574  -13.084  -10.439
  -10.115  -10.034   -9.423   -9.364   -8.977   -8.522   -8.421   -7.618   -7.528   -6.830
   -5.330   -3.583   -3.427   -3.412   -3.217   -1.195   -0.978    1.325    1.435    1.761
    1.949    1.990    2.859    2.997    3.727
            0.073333  0.127017  0.000000
  -77.745  -49.022  -49.004  -48.829  -23.265  -23.149  -20.874  -19.567  -13.073  -10.454
  -10.183  -10.095   -9.453   -9.390   -9.002   -8.511   -8.407   -7.644   -7.536   -6.831
   -5.349   -3.587   -3.434   -3.427   -3.198   -1.139   -0.926    1.281    1.384    1.797
    1.968    2.011    2.914    3.058    3.772
            0.076667  0.132791  0.000000
  -77.745  -49.024  -49.004  -48.828  -23.243  -23.127  -20.860  -19.561  -13.061  -10.478
  -10.251  -10.149   -9.485   -9.417   -9.027   -8.500   -8.392   -7.671   -7.544   -6.833
   -5.370   -3.590   -3.443   -3.441   -3.179   -1.082   -0.875    1.233    1.332    1.838
    1.990    2.033    2.971    3.121    3.819
            0.080000  0.138564  0.000000
  -77.744  -49.026  -49.005  -48.828  -23.220  -23.104  -20.845  -19.553  -13.050  -10.515
  -10.319  -10.192   -9.520   -9.444   -9.052   -8.489   -8.378   -7.700   -7.552   -6.836
   -5.391   -3.592   -3.460   -3.447   -3.159   -1.026   -0.823    1.182    1.279    1.881
    2.013    2.056    3.029    3.186    3.865
            0.083333  0.144338  0.000000
  -77.744  -49.028  -49.005  -48.827  -23.197  -23.081  -20.830  -19.546  -13.038  -10.565
  -10.387  -10.222   -9.556   -9.473   -9.077   -8.477   -8.364   -7.730   -7.560   -6.840
   -5.413   -3.594   -3.478   -3.453   -3.138   -0.969   -0.771    1.131    1.226    1.923
    2.040    2.081    3.088    3.254    3.913
            0.086667  0.150111  0.000000
  -77.744  -49.030  -49.006  -48.827  -23.172  -23.057  -20.814  -19.539  -13.027  -10.626
  -10.457  -10.240   -9.594   -9.503   -9.103   -8.464   -8.349   -7.761   -7.567   -6.845
   -5.435   -3.595   -3.496   -3.459   -3.117   -0.912   -0.718    1.079    1.174    1.962
    2.072    2.107    3.148    3.323    3.961
            0.090000  0.155885  0.000000
  -77.744  -49.033  -49.007  -48.827  -23.147  -23.031  -20.798  -19.531  -13.016  -10.695
  -10.528  -10.251   -9.633   -9.534   -9.129   -8.452   -8.335   -7.793   -7.573   -6.851
   -5.458   -3.595   -3.515   -3.464   -3.095   -0.856   -0.666    1.027    1.122    1.997
    2.110    2.134    3.207    3.394    4.010
            0.093333  0.161658  0.000000
  -77.743  -49.035  -49.007  -48.826  -23.120  -23.005  -20.782  -19.523  -13.005  -10.769
  -10.599  -10.255   -9.674   -9.566   -9.155   -8.439   -8.320   -7.826   -7.579   -6.858
   -5.481   -3.595   -3.534   -3.468   -3.073   -0.799   -0.615    0.976    1.070    2.026
    2.152    2.164    3.266    3.467    4.060
            0.096667  0.167432  0.000000
  -77.743  -49.037  -49.008  -48.826  -23.093  -22.978  -20.765  -19.516  -12.994  -10.847
  -10.670  -10.257   -9.716   -9.599   -9.181   -8.426   -8.306   -7.860   -7.585   -6.865
   -5.505   -3.595   -3.554   -3.472   -3.051   -0.743   -0.563    0.925    1.019    2.051
    2.186    2.208    3.325    3.540    4.111
            0.100000  0.173205  0.000000
  -77.743  -49.040  -49.009  -48.825  -23.065  -22.951  -20.748  -19.508  -12.985  -10.927
  -10.741  -10.256   -9.759   -9.633   -9.207   -8.413   -8.292   -7.895   -7.590   -6.873
   -5.528   -3.595   -3.573   -3.475   -3.028   -0.688   -0.512    0.874    0.969    2.074
    2.215    2.261    3.382    3.615    4.164
            0.103333  0.178979  0.000000
  -77.742  -49.042  -49.010  -48.825  -23.036  -22.922  -20.730  -19.499  -12.975  -11.008
  -10.811  -10.253   -9.804   -9.669   -9.234   -8.399   -8.278   -7.931   -7.595   -6.882
   -5.552   -3.602   -3.587   -3.478   -3.005   -0.633   -0.461    0.825    0.920    2.094
    2.244    2.316    3.437    3.690    4.220
            0.106667  0.184752  0.000000
  -77.742  -49.045  -49.010  -48.824  -23.006  -22.893  -20.712  -19.491  -12.967  -11.090
  -10.880  -10.250   -9.849   -9.705   -9.261   -8.386   -8.264   -7.967   -7.598   -6.891
   -5.576   -3.620   -3.589   -3.480   -2.982   -0.578   -0.410    0.777    0.872    2.114
    2.274    2.374    3.490    3.765    4.277
            0.110000  0.190526  0.000000
  -77.742  -49.047  -49.011  -48.824  -22.976  -22.862  -20.694  -19.483  -12.960  -11.173
  -10.948  -10.246   -9.896   -9.742   -9.288   -8.372   -8.251   -8.003   -7.602   -6.901
   -5.601   -3.641   -3.589   -3.482   -2.959   -0.524   -0.360    0.730    0.826    2.132
    2.304    2.433    3.541    3.839    4.336
            0.113333  0.196299  0.000000
  -77.742  -49.050  -49.012  -48.823  -22.944  -22.831  -20.676  -19.475  -12.955  -11.256
  -11.015  -10.242   -9.943   -9.780   -9.315   -8.359   -8.239   -8.039   -7.604   -6.912
   -5.625   -3.664   -3.589   -3.482   -2.936   -0.471   -0.310    0.684    0.780    2.149
    2.334    2.493    3.589    3.912    4.398
            0.116667  0.202073  0.000000
  -77.741  -49.052  -49.013  -48.823  -22.912  -22.800  -20.657  -19.466  -12.950  -11.340
  -11.079  -10.238   -9.992   -9.818   -9.342   -8.346   -8.230   -8.073   -7.607   -6.923
   -5.649   -3.686   -3.590   -3.481   -2.913   -0.418   -0.261    0.639    0.736    2.166
    2.364    2.553    3.635    3.984    4.461
            0.120000  0.207846  0.000000
  -77.741  -49.055  -49.014  -48.822  -22.879  -22.767  -20.638  -19.458  -12.948  -11.423
  -11.142  -10.235  -10.041   -9.857   -9.369   -8.333   -8.225   -8.103   -7.608   -6.935
   -5.672   -3.709   -3.591   -3.479   -2.890   -0.367   -0.212    0.597    0.694    2.182
    2.394    2.614    3.677    4.054    4.527
            0.123333  0.213620  0.000000
  -77.741  -49.057  -49.015  -48.822  -22.846  -22.734  -20.619  -19.449  -12.947  -11.507
  -11.201  -10.232  -10.090   -9.896   -9.397   -8.322   -8.229   -8.123   -7.609   -6.947
   -5.696   -3.732   -3.594   -3.476   -2.867   -0.316   -0.163    0.556    0.652    2.197
    2.425    2.676    3.718    4.121    4.594
            0.126667  0.219393  0.000000
  -77.740  -49.060  -49.016  -48.821  -22.811  -22.700  -20.600  -19.441  -12.949  -11.590
  -11.258  -10.231  -10.140   -9.934   -9.424   -8.315   -8.243   -8.130   -7.609   -6.959
   -5.719   -3.756   -3.597   -3.471   -2.844   -0.267   -0.115    0.517    0.612    2.211
    2.455    2.738    3.756    4.185    4.662
            0.130000  0.225167  0.000000
  -77.740  -49.063  -49.016  -48.821  -22.776  -22.665  -20.581  -19.432  -12.953  -11.672
  -11.312  -10.234  -10.190   -9.970   -9.452   -8.318   -8.258   -8.127   -7.608   -6.972
   -5.742   -3.779   -3.601   -3.465   -2.822   -0.218   -0.068    0.480    0.574    2.224
    2.485    2.800    3.792    4.246    4.730
            0.133333  0.230940  0.000000
  -77.740  -49.065  -49.017  -48.820  -22.741  -22.630  -20.561  -19.424  -12.960  -11.754
  -11.363  -10.252  -10.229  -10.003   -9.480   -8.339   -8.259   -8.119   -7.607   -6.985
   -5.764   -3.803   -3.606   -3.459   -2.799   -0.172   -0.021    0.445    0.538    2.237
    2.515    2.863    3.826    4.303    4.797
            0.136667  0.236714  0.000000
  -77.739  -49.068  -49.018  -48.820  -22.704  -22.594  -20.542  -19.416  -12.970  -11.836
  -11.410  -10.299  -10.246  -10.031   -9.507   -8.373   -8.252   -8.108   -7.604   -6.999
   -5.786   -3.827   -3.612   -3.451   -2.777   -0.127    0.025    0.414    0.503    2.249
    2.544    2.925    3.859    4.356    4.864
            0.140000  0.242487  0.000000
  -77.739  -49.070  -49.019  -48.819  -22.667  -22.557  -20.522  -19.407  -12.982  -11.917
  -11.453  -10.351  -10.266  -10.052   -9.535   -8.411   -8.242   -8.097   -7.602   -7.013
   -5.807   -3.850   -3.619   -3.443   -2.756   -0.084    0.070    0.386    0.470    2.260
    2.573    2.988    3.891    4.405    4.929
            0.143333  0.248261  0.000000
  -77.739  -49.073  -49.021  -48.819  -22.629  -22.520  -20.503  -19.399  -12.998  -11.997
  -11.492  -10.403  -10.294  -10.066   -9.562   -8.452   -8.232   -8.085   -7.598   -7.027
   -5.828   -3.874   -3.627   -3.433   -2.735   -0.045    0.114    0.362    0.440    2.270
    2.601    3.051    3.922    4.451    4.990
            0.146667  0.254034  0.000000
  -77.738  -49.076  -49.022  -48.818  -22.591  -22.482  -20.483  -19.391  -13.018  -12.076
  -11.527  -10.457  -10.329  -10.073   -9.589   -8.493   -8.222   -8.073   -7.594   -7.041
   -5.848   -3.898   -3.635   -3.424   -2.714   -0.010    0.157    0.344    0.413    2.280
    2.629    3.114    3.954    4.494    5.048
            0.150000  0.259808  0.000000
  -77.738  -49.078  -49.023  -48.818  -22.552  -22.443  -20.464  -19.383  -13.040  -12.155
  -11.558  -10.510  -10.370  -10.075   -9.616   -8.535   -8.212   -8.061   -7.589   -7.056
   -5.867   -3.921   -3.644   -3.413   -2.694    0.018    0.196    0.331    0.391    2.289
    2.656    3.177    3.985    4.533    5.102
            0.153333  0.265581  0.000000
  -77.738  -49.081  -49.024  -48.817  -22.513  -22.404  -20.444  -19.376  -13.067  -12.232
  -11.584  -10.564  -10.415  -10.074   -9.643   -8.577   -8.202   -8.049   -7.583   -7.071
   -5.886   -3.944   -3.653   -3.403   -2.675    0.038    0.230    0.325    0.380    2.297
    2.683    3.239    4.017    4.569    5.149
            0.156667  0.271355  0.000000
  -77.737  -49.083  -49.025  -48.817  -22.473  -22.364  -20.425  -19.368  -13.096  -12.309
  -11.606  -10.619  -10.463  -10.071   -9.670   -8.619   -8.194   -8.038   -7.577   -7.085
   -5.904   -3.968   -3.663   -3.392   -2.656    0.050    0.251    0.325    0.386    2.305
    2.708    3.302    4.049    4.603    5.190
            0.160000  0.277128  0.000000
  -77.737  -49.085  -49.026  -48.816  -22.432  -22.324  -20.406  -19.361  -13.128  -12.384
  -11.625  -10.673  -10.513  -10.066   -9.696   -8.661   -8.186   -8.027   -7.570   -7.100
   -5.921   -3.990   -3.673   -3.380   -2.638    0.052    0.251    0.340    0.408    2.313
    2.732    3.364    4.083    4.634    5.224
            0.163333  0.282902  0.000000
  -77.737  -49.088  -49.027  -48.816  -22.391  -22.284  -20.387  -19.354  -13.163  -12.458
  -11.639  -10.728  -10.564  -10.060   -9.721   -8.703   -8.179   -8.016   -7.563   -7.115
   -5.937   -4.013   -3.683   -3.369   -2.620    0.049    0.239    0.368    0.440    2.321
    2.756    3.425    4.117    4.662    5.248
            0.166667  0.288675  0.000000
  -77.736  -49.090  -49.028  -48.815  -22.350  -22.243  -20.369  -19.347  -13.200  -12.531
  -11.650  -10.783  -10.617  -10.054   -9.747   -8.744   -8.173   -8.006   -7.555   -7.129
   -5.953   -4.035   -3.694   -3.357   -2.604    0.041    0.221    0.401    0.478    2.328
    2.778    3.485    4.153    4.687    5.263
            0.170000  0.294449  0.000000
  -77.736  -49.093  -49.030  -48.815  -22.308  -22.201  -20.350  -19.341  -13.240  -12.602
  -11.658  -10.838  -10.671  -10.047   -9.772   -8.785   -8.169   -7.996   -7.547   -7.143
   -5.967   -4.058   -3.705   -3.345   -2.588    0.031    0.203    0.438    0.518    2.336
    2.800    3.544    4.190    4.709    5.268
            0.173333  0.300222  0.000000
  -77.736  -49.095  -49.031  -48.814  -22.266  -22.159  -20.332  -19.334  -13.282  -12.673
  -11.663  -10.893  -10.726  -10.040   -9.796   -8.825   -8.166   -7.987   -7.538   -7.157
   -5.981   -4.079   -3.716   -3.333   -2.573    0.019    0.185    0.476    0.559    2.343
    2.820    3.601    4.229    4.729    5.262
            0.176667  0.305996  0.000000
  -77.735  -49.097  -49.032  -48.814  -22.223  -22.117  -20.315  -19.328  -13.325  -12.741
  -11.665  -10.948  -10.782  -10.033   -9.820   -8.865   -8.164   -7.978   -7.530   -7.170
   -5.994   -4.101   -3.727   -3.321   -2.559    0.008    0.168    0.515    0.602    2.351
    2.840    3.657    4.269    4.746    5.246
            0.180000  0.311769  0.000000
  -77.735  -49.099  -49.033  -48.813  -22.180  -22.075  -20.297  -19.323  -13.369  -12.809
  -11.666  -11.003  -10.838  -10.026   -9.843   -8.904   -8.163   -7.970   -7.521   -7.182
   -6.005   -4.122   -3.738   -3.308   -2.545   -0.003    0.152    0.554    0.644    2.359
    2.859    3.709    4.311    4.761    5.221
            0.183333  0.317543  0.000000
  -77.735  -49.101  -49.035  -48.813  -22.137  -22.032  -20.280  -19.318  -13.414  -12.874
  -11.664  -11.058  -10.895  -10.019   -9.866   -8.941   -8.165   -7.962   -7.513   -7.193
   -6.016   -4.143   -3.749   -3.296   -2.533   -0.013    0.138    0.594    0.687    2.367
    2.877    3.758    4.355    4.774    5.189
            0.186667  0.323316  0.000000
  -77.734  -49.103  -49.036  -48.812  -22.093  -21.989  -20.264  -19.313  -13.460  -12.939
  -11.661  -11.112  -10.953  -10.013   -9.888   -8.978   -8.167   -7.955   -7.506   -7.203
   -6.026   -4.164   -3.760   -3.284   -2.521   -0.023    0.124    0.634    0.730    2.376
    2.894    3.803    4.400    4.787    5.153
            0.190000  0.329090  0.000000
  -77.734  -49.105  -49.037  -48.812  -22.049  -21.946  -20.248  -19.308  -13.506  -13.001
  -11.657  -11.165  -11.011  -10.007   -9.909   -9.013   -8.172   -7.949   -7.499   -7.211
   -6.035   -4.185   -3.771   -3.272   -2.510   -0.031    0.112    0.674    0.773    2.386
    2.910    3.843    4.447    4.799    5.114
            0.193333  0.334863  0.000000
  -77.734  -49.107  -49.039  -48.812  -22.006  -21.902  -20.233  -19.304  -13.552  -13.062
  -11.652  -11.217  -11.069  -10.003   -9.930   -9.047   -8.178   -7.943   -7.494   -7.217
   -6.042   -4.206   -3.781   -3.259   -2.501   -0.038    0.101    0.714    0.815    2.396
    2.926    3.877    4.494    4.812    5.074
            0.196667  0.340637  0.000000
  -77.733  -49.109  -49.040  -48.811  -21.962  -21.859  -20.218  -19.300  -13.598  -13.121
  -11.648  -11.268  -11.127   -9.999   -9.948   -9.080   -8.187   -7.937   -7.489   -7.221
   -6.049   -4.226   -3.791   -3.247   -2.492   -0.044    0.091    0.753    0.858    2.407
    2.942    3.905    4.541    4.825    5.037
            0.200000  0.346410  0.000000
  -77.733  -49.111  -49.042  -48.811  -21.917  -21.815  -20.204  -19.297  -13.643  -13.178
  -11.645  -11.316  -11.186   -9.999   -9.964   -9.111   -8.197   -7.933   -7.486   -7.223
   -6.054   -4.247   -3.801   -3.235   -2.484   -0.049    0.082    0.792    0.901    2.419
    2.956    3.926    4.586    4.839    5.007
            0.203333  0.352184  0.000000
  -77.733  -49.113  -49.043  -48.810  -21.873  -21.771  -20.190  -19.294  -13.689  -13.234
  -11.646  -11.360  -11.244  -10.006   -9.973   -9.140   -8.209   -7.929   -7.485   -7.222
   -6.059   -4.267   -3.810   -3.223   -2.477   -0.052    0.075    0.830    0.943    2.432
    2.971    3.940    4.624    4.852    4.988
            0.206667  0.357957  0.000000
  -77.733  -49.114  -49.044  -48.810  -21.829  -21.728  -20.177  -19.292  -13.733  -13.287
  -11.652  -11.397  -11.302  -10.019   -9.976   -9.166   -8.223   -7.927   -7.485   -7.219
   -6.062   -4.288   -3.818   -3.212   -2.471   -0.054    0.069    0.867    0.985    2.446
    2.985    3.947    4.647    4.868    4.986
            0.210000  0.363731  0.000000
  -77.732  -49.116  -49.046  -48.809  -21.785  -21.684  -20.164  -19.290  -13.776  -13.339
  -11.666  -11.426  -11.360  -10.035   -9.977   -9.191   -8.238   -7.925   -7.487   -7.213
   -6.065   -4.309   -3.825   -3.200   -2.465   -0.055    0.064    0.904    1.027    2.461
    2.999    3.949    4.648    4.897    4.998
            0.213333  0.369504  0.000000
  -77.732  -49.117  -49.047  -48.809  -21.741  -21.640  -20.153  -19.289  -13.819  -13.388
  -11.690  -11.448  -11.413  -10.051   -9.978   -9.213   -8.256   -7.925   -7.489   -7.205
   -6.066   -4.330   -3.832   -3.188   -2.461   -0.054    0.061    0.940    1.069    2.477
    3.013    3.945    4.628    4.938    5.022
            0.216667  0.375278  0.000000
  -77.732  -49.119  -49.049  -48.809  -21.697  -21.597  -20.142  -19.288  -13.860  -13.436
  -11.724  -11.487  -11.439  -10.068   -9.980   -9.233   -8.275   -7.926   -7.491   -7.196
   -6.066   -4.351   -3.838   -3.177   -2.458   -0.053    0.058    0.975    1.111    2.494
    3.026    3.938    4.596    4.983    5.055
            0.220000  0.381051  0.000000
  -77.732  -49.120  -49.050  -48.808  -21.653  -21.554  -20.131  -19.287  -13.900  -13.481
  -11.765  -11.543  -11.440  -10.084   -9.983   -9.250   -8.297   -7.928   -7.494   -7.184
   -6.066   -4.373   -3.842   -3.166   -2.455   -0.050    0.057    1.009    1.153    2.512
    3.040    3.927    4.558    5.020    5.102
            0.223333  0.386825  0.000000
  -77.731  -49.121  -49.052  -48.808  -21.610  -21.511  -20.122  -19.287  -13.938  -13.524
  -11.811  -11.601  -11.433  -10.099   -9.988   -9.264   -8.319   -7.932   -7.497   -7.172
   -6.064   -4.394   -3.846   -3.154   -2.453   -0.046    0.058    1.042    1.194    2.531
    3.053    3.913    4.516    5.042    5.163
            0.226667  0.392598  0.000000
  -77.731  -49.122  -49.053  -48.807  -21.566  -21.468  -20.113  -19.288  -13.975  -13.566
  -11.859  -11.659  -11.422  -10.114   -9.993   -9.276   -8.344   -7.937   -7.499   -7.159
   -6.062   -4.416   -3.849   -3.143   -2.452   -0.041    0.059    1.074    1.234    2.551
    3.066    3.899    4.475    5.054    5.232
            0.230000  0.398372  0.000000
  -77.731  -49.123  -49.055  -48.807  -21.524  -21.426  -20.105  -19.288  -14.011  -13.604
  -11.910  -11.717  -11.408  -10.129  -10.001   -9.285   -8.370   -7.944   -7.500   -7.145
   -6.058   -4.438   -3.851   -3.133   -2.451   -0.035    0.062    1.105    1.274    2.572
    3.080    3.883    4.433    5.058    5.305
            0.233333  0.404145  0.000000
  -77.731  -49.124  -49.057  -48.807  -21.481  -21.384  -20.098  -19.290  -14.044  -13.641
  -11.962  -11.775  -11.392  -10.143  -10.009   -9.291   -8.397   -7.953   -7.501   -7.131
   -6.054   -4.461   -3.852   -3.122   -2.452   -0.028    0.066    1.135    1.313    2.594
    3.093    3.867    4.393    5.056    5.379
            0.236667  0.409919  0.000000
  -77.730  -49.125  -49.058  -48.806  -21.439  -21.343  -20.092  -19.291  -14.076  -13.675
  -12.014  -11.833  -11.374  -10.157  -10.019   -9.295   -8.426   -7.963   -7.501   -7.116
   -6.049   -4.484   -3.853   -3.112   -2.453   -0.020    0.071    1.163    1.352    2.617
    3.107    3.851    4.354    5.048    5.454
            0.240000  0.415692  0.000000
  -77.730  -49.126  -49.060  -48.806  -21.398  -21.302  -20.086  -19.293  -14.106  -13.707
  -12.066  -11.890  -11.356  -10.171  -10.029   -9.296   -8.456   -7.975   -7.500   -7.101
   -6.043   -4.507   -3.852   -3.101   -2.455   -0.011    0.077    1.191    1.389    2.641
    3.120    3.836    4.317    5.035    5.526
            0.243333  0.421466  0.000000
  -77.730  -49.127  -49.061  -48.806  -21.357  -21.262  -20.081  -19.296  -14.134  -13.737
  -12.119  -11.947  -11.336  -10.184  -10.041   -9.296   -8.486   -7.989   -7.497   -7.086
   -6.037   -4.530   -3.850   -3.091   -2.457   -0.001    0.084    1.217    1.426    2.666
    3.134    3.822    4.283    5.019    5.592
            0.246667  0.427239  0.000000
  -77.730  -49.127  -49.063  -48.805  -21.317  -21.223  -20.077  -19.299  -14.160  -13.764
  -12.171  -12.004  -11.315  -10.197  -10.052   -9.293   -8.518   -8.004   -7.494   -7.070
   -6.030   -4.553   -3.848   -3.081   -2.460    0.009    0.093    1.241    1.461    2.692
    3.148    3.810    4.251    5.001    5.647
            0.250000  0.433013  0.000000
  -77.730  -49.128  -49.064  -48.805  -21.277  -21.184  -20.074  -19.302  -14.185  -13.789
  -12.223  -12.061  -11.294  -10.209  -10.064   -9.289   -8.550   -8.020   -7.491   -7.055
   -6.023   -4.576   -3.844   -3.071   -2.464    0.021    0.102    1.265    1.494    2.719
    3.162    3.799    4.222    4.980    5.686
            0.253333  0.438786  0.000000
  -77.729  -49.128  -49.066  -48.805  -21.239  -21.146  -20.072  -19.306  -14.207  -13.812
  -12.275  -12.116  -11.272  -10.221  -10.076   -9.284   -8.583   -8.038   -7.486   -7.040
   -6.015   -4.599   -3.840   -3.061   -2.468    0.033    0.113    1.287    1.526    2.746
    3.176    3.790    4.196    4.958    5.707
            0.256667  0.444560  0.000000
  -77.729  -49.128  -49.068  -48.805  -21.201  -21.109  -20.070  -19.309  -14.227  -13.832
  -12.327  -12.172  -11.250  -10.233  -10.088   -9.278   -8.615   -8.057   -7.481   -7.025
   -6.006   -4.623   -3.835   -3.052   -2.473    0.046    0.125    1.307    1.555    2.774
    3.190    3.783    4.174    4.934    5.712
            0.260000  0.450333  0.000000
  -77.729  -49.129  -49.069  -48.804  -21.165  -21.073  -20.069  -19.313  -14.245  -13.849
  -12.378  -12.227  -11.227  -10.245  -10.099   -9.272   -8.647   -8.077   -7.475   -7.011
   -5.997   -4.646   -3.830   -3.042   -2.478    0.060    0.138    1.326    1.582    2.803
    3.205    3.779    4.154    4.909    5.705
            0.263333  0.456107  0.000000
  -77.729  -49.129  -49.071  -48.804  -21.129  -21.038  -20.069  -19.318  -14.261  -13.864
  -12.428  -12.281  -11.204  -10.257  -10.109   -9.266   -8.678   -8.097   -7.469   -6.997
   -5.988   -4.669   -3.824   -3.033   -2.484    0.075    0.152    1.344    1.607    2.833
    3.221    3.776    4.138    4.883    5.688
            0.266667  0.461880  0.000000
  -77.729  -49.129  -49.072  -48.804  -21.094  -21.004  -20.069  -19.322  -14.275  -13.877
  -12.478  -12.334  -11.181  -10.269  -10.118   -9.261   -8.709   -8.119   -7.463   -6.983
   -5.979   -4.691   -3.818   -3.024   -2.490    0.090    0.167    1.360    1.628    2.863
    3.237    3.776    4.125    4.857    5.664
            0.270000  0.467654  0.000000
  -77.729  -49.129  -49.074  -48.804  -21.061  -20.972  -20.070  -19.327  -14.286  -13.887
  -12.527  -12.387  -11.157  -10.280  -10.126   -9.257   -8.737   -8.141   -7.457   -6.969
   -5.970   -4.714   -3.811   -3.015   -2.496    0.106    0.183    1.375    1.647    2.893
    3.254    3.779    4.115    4.830    5.633
            0.273333  0.473427  0.000000
  -77.728  -49.129  -49.076  -48.803  -21.029  -20.940  -20.072  -19.331  -14.296  -13.895
  -12.575  -12.440  -11.134  -10.292  -10.132   -9.256   -8.762   -8.164   -7.450   -6.957
   -5.960   -4.735   -3.804   -3.006   -2.503    0.123    0.200    1.388    1.662    2.924
    3.273    3.784    4.109    4.802    5.597
            0.276667  0.479201  0.000000
  -77.728  -49.128  -49.077  -48.803  -20.998  -20.910  -20.074  -19.336  -14.304  -13.901
  -12.622  -12.491  -11.111  -10.303  -10.136   -9.257   -8.784   -8.188   -7.443   -6.944
   -5.951   -4.757   -3.796   -2.997   -2.511    0.140    0.217    1.400    1.675    2.955
    3.293    3.791    4.105    4.775    5.557
            0.280000  0.484974  0.000000
  -77.728  -49.128  -49.079  -48.803  -20.969  -20.881  -20.077  -19.340  -14.309  -13.904
  -12.668  -12.541  -11.088  -10.314  -10.139   -9.262   -8.802   -8.212   -7.437   -6.932
   -5.941   -4.778   -3.789   -2.988   -2.518    0.158    0.235    1.410    1.684    2.987
    3.315    3.801    4.104    4.747    5.513
            0.283333  0.490748  0.000000
  -77.728  -49.128  -49.081  -48.803  -20.941  -20.853  -20.080  -19.345  -14.313  -13.905
  -12.713  -12.591  -11.065  -10.325  -10.140   -9.272   -8.815   -8.236   -7.430   -6.921
   -5.932   -4.798   -3.781   -2.980   -2.526    0.176    0.254    1.418    1.689    3.019
    3.338    3.812    4.106    4.719    5.466
            0.286667  0.496521  0.000000
  -77.728  -49.127  -49.082  -48.803  -20.915  -20.827  -20.083  -19.349  -14.315  -13.903
  -12.757  -12.639  -11.043  -10.335  -10.138   -9.287   -8.823   -8.261   -7.424   -6.911
   -5.923   -4.817   -3.773   -2.971   -2.534    0.196    0.274    1.425    1.691    3.050
    3.363    3.825    4.111    4.690    5.415
            0.290000  0.502295  0.000000
  -77.728  -49.127  -49.084  -48.802  -20.890  -20.803  -20.087  -19.354  -14.315  -13.900
  -12.799  -12.686  -11.022  -10.345  -10.134   -9.306   -8.825   -8.285   -7.419   -6.901
   -5.914   -4.835   -3.766   -2.963   -2.541    0.215    0.293    1.431    1.690    3.082
    3.391    3.840    4.117    4.662    5.362
            0.293333  0.508068  0.000000
  -77.728  -49.126  -49.085  -48.802  -20.867  -20.780  -20.091  -19.358  -14.314  -13.894
  -12.840  -12.732  -11.002  -10.355  -10.128   -9.330   -8.823   -8.310   -7.413   -6.892
   -5.905   -4.853   -3.758   -2.955   -2.549    0.235    0.313    1.435    1.686    3.114
    3.420    3.856    4.126    4.634    5.306
            0.296667  0.513842  0.000000
  -77.728  -49.125  -49.087  -48.802  -20.846  -20.758  -20.095  -19.361  -14.311  -13.887
  -12.880  -12.776  -10.984  -10.364  -10.119   -9.357   -8.817   -8.335   -7.408   -6.883
   -5.897   -4.869   -3.751   -2.947   -2.557    0.255    0.333    1.437    1.679    3.145
    3.451    3.873    4.137    4.606    5.249
            0.300000  0.519615  0.000000
  -77.728  -49.125  -49.088  -48.802  -20.827  -20.739  -20.099  -19.365  -14.307  -13.877
  -12.917  -12.819  -10.966  -10.372  -10.108   -9.388   -8.806   -8.360   -7.403   -6.875
   -5.889   -4.884   -3.744   -2.940   -2.565    0.276    0.352    1.438    1.670    3.176
    3.484    3.890    4.149    4.578    5.189
            0.303333  0.525389  0.000000
  -77.728  -49.124  -49.090  -48.802  -20.810  -20.721  -20.103  -19.368  -14.302  -13.867
  -12.953  -12.859  -10.950  -10.379  -10.094   -9.422   -8.793   -8.385   -7.399   -6.868
   -5.882   -4.898   -3.737   -2.933   -2.572    0.297    0.372    1.438    1.659    3.207
    3.518    3.908    4.162    4.552    5.127
            0.306667  0.531162  0.000000
  -77.727  -49.123  -49.091  -48.802  -20.794  -20.705  -20.106  -19.371  -14.296  -13.855
  -12.986  -12.897  -10.936  -10.386  -10.077   -9.457   -8.778   -8.410   -7.395   -6.862
   -5.875   -4.911   -3.731   -2.927   -2.579    0.317    0.390    1.437    1.647    3.237
    3.553    3.926    4.174    4.528    5.065
            0.310000  0.536936  0.000000
  -77.727  -49.123  -49.092  -48.802  -20.781  -20.690  -20.110  -19.373  -14.289  -13.842
  -13.017  -12.933  -10.924  -10.392  -10.059   -9.493   -8.761   -8.434   -7.392   -6.856
   -5.869   -4.922   -3.726   -2.921   -2.586    0.338    0.407    1.434    1.634    3.265
    3.588    3.944    4.186    4.507    5.001
            0.313333  0.542709  0.000000
  -77.727  -49.122  -49.094  -48.802  -20.769  -20.678  -20.113  -19.375  -14.283  -13.829
  -13.046  -12.965  -10.913  -10.397  -10.038   -9.529   -8.743   -8.458   -7.389   -6.852
   -5.864   -4.932   -3.720   -2.915   -2.592    0.358    0.422    1.431    1.620    3.292
    3.622    3.961    4.194    4.491    4.938
            0.316667  0.548483  0.000000
  -77.727  -49.121  -49.095  -48.802  -20.759  -20.668  -20.116  -19.377  -14.276  -13.816
  -13.071  -12.994  -10.905  -10.401  -10.015   -9.566   -8.723   -8.482   -7.387   -6.848
   -5.860   -4.941   -3.716   -2.911   -2.597    0.377    0.436    1.427    1.606    3.318
    3.654    3.979    4.197    4.482    4.875
            0.320000  0.554256  0.000000
  -77.727  -49.120  -49.096  -48.802  -20.752  -20.659  -20.118  -19.379  -14.270  -13.803
  -13.093  -13.019  -10.898  -10.404   -9.990   -9.601   -8.704   -8.505   -7.385   -6.844
   -5.856   -4.947   -3.712   -2.907   -2.602    0.396    0.447    1.423    1.594    3.341
    3.683    3.997    4.193    4.483    4.815
            0.323333  0.560030  0.000000
  -77.727  -49.120  -49.097  -48.802  -20.746  -20.653  -20.120  -19.380  -14.264  -13.792
  -13.111  -13.038  -10.892  -10.407   -9.966   -9.634   -8.684   -8.527   -7.383   -6.842
   -5.853   -4.953   -3.709   -2.904   -2.605    0.413    0.454    1.419    1.583    3.362
    3.707    4.017    4.182    4.491    4.758
            0.326667  0.565803  0.000000
  -77.727  -49.119  -49.097  -48.802  -20.741  -20.648  -20.121  -19.381  -14.260  -13.784
  -13.125  -13.053  -10.889  -10.408   -9.945   -9.662   -8.666   -8.546   -7.382   -6.840
   -5.851   -4.957   -3.707   -2.901   -2.608    0.428    0.458    1.415    1.575    3.378
    3.723    4.040    4.164    4.507    4.709
            0.330000  0.571577  0.000000
  -77.727  -49.119  -49.098  -48.802  -20.739  -20.645  -20.122  -19.381  -14.257  -13.778
  -13.133  -13.062  -10.887  -10.409   -9.928   -9.682   -8.651   -8.562   -7.382   -6.839
   -5.850   -4.959   -3.706   -2.900   -2.609    0.441    0.458    1.413    1.569    3.390
    3.732    4.067    4.140    4.523    4.672
            0.333333  0.577350  0.000000
  -77.727  -49.119  -49.098  -48.802  -20.738  -20.644  -20.122  -19.381  -14.256  -13.776
  -13.136  -13.065  -10.886  -10.410   -9.922   -9.690   -8.645   -8.569   -7.382   -6.839
   -5.849   -4.960   -3.705   -2.900   -2.610    0.451    0.452    1.412    1.567    3.394
    3.735    4.090    4.117    4.530    4.658
            0.336111  0.572539  0.000000
  -77.727  -49.119  -49.098  -48.802  -20.739  -20.645  -20.122  -19.381  -14.257  -13.778
  -13.134  -13.063  -10.886  -10.409   -9.926   -9.684   -8.649   -8.564   -7.382   -6.839
   -5.850   -4.959   -3.706   -2.900   -2.609    0.442    0.457    1.413    1.568    3.390
    3.734    4.068    4.138    4.526    4.667
            0.338889  0.567728  0.000000
  -77.727  -49.119  -49.097  -48.802  -20.740  -20.647  -20.121  -19.381  -14.259  -13.782
  -13.128  -13.056  -10.888  -10.409   -9.939   -9.668   -8.660   -8.553   -7.382   -6.839
   -5.850   -4.958   -3.707   -2.901   -2.608    0.430    0.460    1.415    1.573    3.380
    3.732    4.031    4.171    4.517    4.690
            0.341667  0.562917  0.000000
  -77.727  -49.120  -49.097  -48.802  -20.743  -20.649  -20.121  -19.380  -14.263  -13.790
  -13.117  -13.045  -10.890  -10.408   -9.959   -9.645   -8.673   -8.539   -7.383   -6.841
   -5.852   -4.955   -3.708   -2.902   -2.607    0.413    0.459    1.420    1.580    3.361
    3.732    3.989    4.207    4.510    4.721
            0.344444  0.558105  0.000000
  -77.727  -49.120  -49.096  -48.802  -20.746  -20.653  -20.120  -19.380  -14.269  -13.800
  -13.102  -13.030  -10.892  -10.407   -9.982   -9.616   -8.688   -8.523   -7.384   -6.842
   -5.854   -4.952   -3.711   -2.904   -2.604    0.392    0.455    1.428    1.591    3.334
    3.733    3.942    4.245    4.506    4.757
            0.347222  0.553294  0.000000
  -77.727  -49.121  -49.095  -48.802  -20.751  -20.658  -20.119  -19.379  -14.276  -13.813
  -13.084  -13.010  -10.896  -10.406  -10.007   -9.583   -8.702   -8.507   -7.385   -6.844
   -5.856   -4.947   -3.713   -2.906   -2.602    0.368    0.447    1.438    1.605    3.300
    3.736    3.891    4.284    4.506    4.796
            0.350000  0.548483  0.000000
  -77.727  -49.121  -49.094  -48.802  -20.756  -20.664  -20.117  -19.379  -14.284  -13.828
  -13.061  -12.987  -10.899  -10.405  -10.033   -9.547   -8.717   -8.491   -7.386   -6.846
   -5.859   -4.942   -3.717   -2.909   -2.598    0.339    0.435    1.451    1.622    3.260
    3.738    3.841    4.325    4.510    4.837
            0.352778  0.543672  0.000000
  -77.727  -49.122  -49.093  -48.802  -20.762  -20.670  -20.116  -19.378  -14.295  -13.846
  -13.036  -12.959  -10.904  -10.404  -10.060   -9.509   -8.732   -8.475   -7.387   -6.849
   -5.862   -4.936   -3.721   -2.912   -2.595    0.306    0.418    1.468    1.642    3.214
    3.729    3.801    4.366    4.518    4.880
            0.355556  0.538860  0.000000
  -77.727  -49.123  -49.092  -48.802  -20.769  -20.677  -20.115  -19.377  -14.306  -13.864
  -13.008  -12.928  -10.908  -10.403  -10.086   -9.470   -8.745   -8.459   -7.388   -6.852
   -5.865   -4.930   -3.726   -2.915   -2.591    0.270    0.398    1.487    1.665    3.164
    3.690    3.790    4.408    4.528    4.924
            0.358333  0.534049  0.000000
  -77.727  -49.124  -49.091  -48.802  -20.776  -20.685  -20.113  -19.376  -14.319  -13.885
  -12.976  -12.893  -10.913  -10.404  -10.112   -9.430   -8.759   -8.443   -7.390   -6.855
   -5.869   -4.922   -3.731   -2.918   -2.586    0.230    0.373    1.510    1.690    3.112
    3.635    3.796    4.450    4.540    4.970
            0.361111  0.529238  0.000000
  -77.727  -49.125  -49.090  -48.802  -20.784  -20.694  -20.112  -19.375  -14.333  -13.906
  -12.942  -12.855  -10.919  -10.405  -10.135   -9.389   -8.771   -8.427   -7.391   -6.859
   -5.873   -4.914   -3.737   -2.922   -2.582    0.187    0.343    1.535    1.718    3.057
    3.574    3.807    4.491    4.555    5.016
            0.363889  0.524426  0.000000
  -77.728  -49.126  -49.088  -48.802  -20.792  -20.702  -20.110  -19.375  -14.348  -13.928
  -12.906  -12.815  -10.925  -10.407  -10.158   -9.347   -8.783   -8.413   -7.393   -6.863
   -5.877   -4.906   -3.744   -2.925   -2.577    0.141    0.310    1.564    1.748    3.000
    3.511    3.820    4.530    4.573    5.063
            0.366667  0.519615  0.000000
  -77.728  -49.127  -49.087  -48.802  -20.801  -20.712  -20.109  -19.374  -14.364  -13.950
  -12.867  -12.772  -10.930  -10.411  -10.177   -9.305   -8.793   -8.398   -7.395   -6.867
   -5.882   -4.897   -3.751   -2.928   -2.573    0.091    0.273    1.595    1.781    2.943
    3.448    3.835    4.563    4.598    5.110
            0.369444  0.514804  0.000000
  -77.728  -49.128  -49.085  -48.802  -20.811  -20.722  -20.108  -19.373  -14.380  -13.973
  -12.827  -12.727  -10.937  -10.418  -10.194   -9.264   -8.802   -8.384   -7.397   -6.871
   -5.886   -4.887   -3.759   -2.931   -2.568    0.039    0.232    1.629    1.815    2.884
    3.384    3.849    4.587    4.633    5.158
            0.372222  0.509993  0.000000
  -77.728  -49.129  -49.084  -48.802  -20.821  -20.732  -20.107  -19.373  -14.398  -13.997
  -12.784  -12.680  -10.943  -10.426  -10.208   -9.223   -8.809   -8.370   -7.399   -6.876
   -5.891   -4.877   -3.767   -2.934   -2.563   -0.015    0.188    1.665    1.850    2.826
    3.321    3.865    4.607    4.672    5.206
            0.375000  0.505181  0.000000
  -77.728  -49.130  -49.082  -48.802  -20.831  -20.742  -20.106  -19.372  -14.416  -14.020
  -12.740  -12.631  -10.949  -10.438  -10.218   -9.183   -8.815   -8.357   -7.401   -6.881
   -5.896   -4.867   -3.776   -2.937   -2.559   -0.072    0.140    1.703    1.887    2.768
    3.258    3.881    4.625    4.713    5.254
            0.377778  0.500370  0.000000
  -77.728  -49.131  -49.081  -48.802  -20.841  -20.753  -20.105  -19.371  -14.434  -14.044
  -12.693  -12.581  -10.956  -10.451  -10.225   -9.145   -8.818   -8.345   -7.403   -6.886
   -5.901   -4.856   -3.785   -2.940   -2.554   -0.131    0.090    1.742    1.926    2.710
    3.196    3.897    4.643    4.755    5.302
            0.380556  0.495559  0.000000
  -77.728  -49.132  -49.079  -48.802  -20.852  -20.764  -20.104  -19.371  -14.452  -14.067
  -12.646  -12.529  -10.962  -10.467  -10.230   -9.109   -8.818   -8.332   -7.405   -6.891
   -5.906   -4.845   -3.794   -2.943   -2.550   -0.193    0.036    1.783    1.966    2.653
    3.135    3.913    4.661    4.796    5.350
            0.383333  0.490748  0.000000
  -77.728  -49.133  -49.078  -48.802  -20.863  -20.775  -20.104  -19.371  -14.471  -14.090
  -12.597  -12.476  -10.968  -10.485  -10.232   -9.077   -8.813   -8.320   -7.407   -6.896
   -5.910   -4.834   -3.805   -2.945   -2.546   -0.256   -0.020    1.826    2.006    2.597
    3.075    3.929    4.679    4.836    5.398
            0.386111  0.485936  0.000000
  -77.728  -49.134  -49.076  -48.803  -20.874  -20.786  -20.103  -19.370  -14.490  -14.114
  -12.547  -12.422  -10.975  -10.503  -10.232   -9.050   -8.804   -8.309   -7.409   -6.901
   -5.915   -4.823   -3.815   -2.947   -2.542   -0.321   -0.078    1.869    2.048    2.543
    3.016    3.945    4.697    4.877    5.445
            0.388889  0.481125  0.000000
  -77.728  -49.135  -49.075  -48.803  -20.885  -20.797  -20.103  -19.370  -14.509  -14.136
  -12.496  -12.367  -10.981  -10.522  -10.230   -9.028   -8.788   -8.297   -7.411   -6.907
   -5.920   -4.811   -3.826   -2.948   -2.539   -0.388   -0.138    1.912    2.091    2.490
    2.958    3.961    4.714    4.916    5.492
            0.391667  0.476314  0.000000
  -77.728  -49.136  -49.073  -48.803  -20.896  -20.809  -20.103  -19.370  -14.528  -14.159
  -12.444  -12.312  -10.987  -10.542  -10.228   -9.012   -8.768   -8.286   -7.413   -6.912
   -5.924   -4.800   -3.837   -2.949   -2.535   -0.456   -0.200    1.955    2.134    2.440
    2.902    3.978    4.732    4.955    5.538
            0.394444  0.471503  0.000000
  -77.728  -49.137  -49.072  -48.803  -20.907  -20.820  -20.103  -19.370  -14.547  -14.181
  -12.392  -12.255  -10.993  -10.561  -10.225   -9.000   -8.742   -8.274   -7.416   -6.918
   -5.929   -4.788   -3.849   -2.950   -2.533   -0.525   -0.264    1.995    2.178    2.394
    2.847    3.994    4.749    4.993    5.584
            0.397222  0.466691  0.000000
  -77.728  -49.138  -49.070  -48.803  -20.919  -20.831  -20.103  -19.370  -14.566  -14.203
  -12.339  -12.199  -10.998  -10.580  -10.221   -8.992   -8.713   -8.262   -7.418   -6.924
   -5.933   -4.777   -3.861   -2.951   -2.530   -0.596   -0.330    2.032    2.221    2.354
    2.794    4.010    4.767    5.031    5.628
            0.400000  0.461880  0.000000
  -77.728  -49.139  -49.068  -48.803  -20.930  -20.843  -20.103  -19.371  -14.585  -14.225
  -12.286  -12.141  -11.003  -10.599  -10.216   -8.987   -8.683   -8.249   -7.421   -6.930
   -5.937   -4.765   -3.874   -2.951   -2.528   -0.668   -0.396    2.061    2.262    2.327
    2.743    4.027    4.784    5.068    5.672
            0.402778  0.457069  0.000000
  -77.728  -49.140  -49.067  -48.803  -20.941  -20.854  -20.104  -19.371  -14.604  -14.246
  -12.232  -12.084  -11.008  -10.617  -10.212   -8.983   -8.652   -8.236   -7.423   -6.936
   -5.941   -4.753   -3.886   -2.951   -2.526   -0.740   -0.463    2.075    2.286    2.333
    2.695    4.043    4.801    5.103    5.714
            0.405556  0.452258  0.000000
  -77.728  -49.141  -49.065  -48.803  -20.953  -20.865  -20.105  -19.371  -14.622  -14.267
  -12.179  -12.026  -11.012  -10.635  -10.207   -8.980   -8.621   -8.222   -7.426   -6.942
   -5.945   -4.742   -3.899   -2.950   -2.524   -0.814   -0.531    2.068    2.299    2.371
    2.648    4.060    4.817    5.138    5.754
            0.408333  0.447446  0.000000
  -77.728  -49.141  -49.064  -48.803  -20.964  -20.876  -20.105  -19.372  -14.640  -14.287
  -12.126  -11.969  -11.014  -10.651  -10.202   -8.978   -8.591   -8.206   -7.429   -6.948
   -5.948   -4.730   -3.913   -2.949   -2.523   -0.888   -0.600    2.045    2.323    2.414
    2.606    4.076    4.834    5.173    5.792
            0.411111  0.442635  0.000000
  -77.728  -49.142  -49.062  -48.803  -20.975  -20.887  -20.106  -19.372  -14.658  -14.307
  -12.074  -11.912  -11.016  -10.667  -10.197   -8.975   -8.564   -8.188   -7.432   -6.954
   -5.952   -4.718   -3.926   -2.948   -2.523   -0.962   -0.668    2.013    2.354    2.454
    2.571    4.093    4.850    5.206    5.828
            0.413889  0.437824  0.000000
  -77.728  -49.143  -49.061  -48.803  -20.986  -20.898  -20.107  -19.373  -14.675  -14.326
  -12.023  -11.855  -11.017  -10.682  -10.192   -8.973   -8.539   -8.168   -7.435   -6.960
   -5.955   -4.707   -3.940   -2.947   -2.522   -1.037   -0.737    1.976    2.386    2.477
    2.561    4.110    4.866    5.238    5.860
            0.416667  0.433013  0.000000
  -77.728  -49.144  -49.059  -48.803  -20.996  -20.909  -20.108  -19.373  -14.692  -14.345
  -11.973  -11.799  -11.016  -10.695  -10.188   -8.970   -8.518   -8.146   -7.438   -6.966
   -5.957   -4.696   -3.954   -2.946   -2.522   -1.112   -0.806    1.937    2.403    2.480
    2.588    4.128    4.882    5.270    5.887
            0.419444  0.428201  0.000000
  -77.729  -49.145  -49.058  -48.804  -21.007  -20.919  -20.109  -19.374  -14.709  -14.363
  -11.925  -11.743  -11.014  -10.708  -10.183   -8.966   -8.499   -8.122   -7.441   -6.973
   -5.960   -4.684   -3.968   -2.944   -2.522   -1.186   -0.874    1.898    2.390    2.500
    2.632    4.146    4.898    5.300    5.907
            0.422222  0.423390  0.000000
  -77.729  -49.146  -49.056  -48.804  -21.017  -20.930  -20.111  -19.375  -14.725  -14.381
  -11.878  -11.689  -11.009  -10.719  -10.179   -8.962   -8.483   -8.096   -7.445   -6.979
   -5.962   -4.673   -3.983   -2.943   -2.522   -1.261   -0.941    1.859    2.360    2.534
    2.680    4.164    4.914    5.330    5.918
            0.425000  0.418579  0.000000
  -77.729  -49.146  -49.055  -48.804  -21.027  -20.940  -20.112  -19.376  -14.741  -14.398
  -11.834  -11.636  -11.002  -10.729  -10.175   -8.957   -8.471   -8.068   -7.448   -6.985
   -5.964   -4.662   -3.997   -2.942   -2.523   -1.335   -1.008    1.820    2.327    2.572
    2.729    4.183    4.929    5.359    5.920
            0.427778  0.413768  0.000000
  -77.729  -49.147  -49.054  -48.804  -21.037  -20.949  -20.113  -19.377  -14.757  -14.414
  -11.792  -11.584  -10.992  -10.738  -10.172   -8.952   -8.461   -8.039   -7.452   -6.992
   -5.966   -4.651   -4.012   -2.941   -2.524   -1.408   -1.073    1.783    2.293    2.610
    2.778    4.202    4.944    5.387    5.913
            0.430556  0.408956  0.000000
  -77.729  -49.148  -49.052  -48.804  -21.047  -20.959  -20.115  -19.378  -14.772  -14.430
  -11.754  -11.534  -10.980  -10.745  -10.168   -8.946   -8.453   -8.009   -7.456   -6.998
   -5.967   -4.641   -4.027   -2.940   -2.524   -1.480   -1.138    1.746    2.260    2.647
    2.826    4.222    4.959    5.415    5.900
            0.433333  0.404145  0.000000
  -77.729  -49.148  -49.051  -48.804  -21.056  -20.968  -20.116  -19.379  -14.786  -14.446
  -11.719  -11.485  -10.964  -10.750  -10.165   -8.940   -8.448   -7.978   -7.460   -7.005
   -5.968   -4.630   -4.041   -2.939   -2.525   -1.551   -1.201    1.711    2.228    2.684
    2.874    4.243    4.974    5.441    5.882
            0.436111  0.399334  0.000000
  -77.729  -49.149  -49.050  -48.804  -21.065  -20.977  -20.117  -19.380  -14.800  -14.461
  -11.688  -11.439  -10.945  -10.754  -10.163   -8.933   -8.444   -7.946   -7.464   -7.011
   -5.969   -4.620   -4.056   -2.939   -2.526   -1.621   -1.262    1.676    2.197    2.720
    2.921    4.264    4.988    5.467    5.862
            0.438889  0.394523  0.000000
  -77.729  -49.150  -49.049  -48.804  -21.074  -20.986  -20.119  -19.381  -14.813  -14.475
  -11.661  -11.394  -10.923  -10.755  -10.160   -8.925   -8.442   -7.915   -7.468   -7.017
   -5.970   -4.609   -4.071   -2.940   -2.526   -1.690   -1.322    1.643    2.168    2.755
    2.966    4.287    5.003    5.492    5.840
            0.441667  0.389711  0.000000
  -77.729  -49.150  -49.047  -48.804  -21.082  -20.994  -20.120  -19.382  -14.826  -14.489
  -11.637  -11.353  -10.898  -10.755  -10.158   -8.917   -8.441   -7.884   -7.471   -7.024
   -5.971   -4.599   -4.086   -2.942   -2.526   -1.757   -1.380    1.611    2.140    2.789
    3.010    4.310    5.017    5.517    5.818
            0.444444  0.384900  0.000000
  -77.729  -49.151  -49.046  -48.804  -21.090  -21.002  -20.122  -19.383  -14.839  -14.502
  -11.618  -11.314  -10.870  -10.752  -10.157   -8.908   -8.441   -7.854   -7.475   -7.030
   -5.971   -4.589   -4.101   -2.944   -2.526   -1.821   -1.436    1.580    2.113    2.821
    3.053    4.335    5.032    5.541    5.796
            0.447222  0.380089  0.000000
  -77.729  -49.152  -49.045  -48.804  -21.098  -21.010  -20.123  -19.384  -14.850  -14.514
  -11.601  -11.278  -10.840  -10.746  -10.156   -8.899   -8.443   -7.825   -7.479   -7.037
   -5.971   -4.579   -4.116   -2.948   -2.526   -1.884   -1.489    1.551    2.088    2.852
    3.093    4.360    5.046    5.564    5.774
            0.450000  0.375278  0.000000
  -77.729  -49.152  -49.044  -48.804  -21.105  -21.017  -20.125  -19.385  -14.862  -14.526
  -11.588  -11.246  -10.809  -10.737  -10.155   -8.890   -8.445   -7.796   -7.483   -7.043
   -5.972   -4.570   -4.131   -2.952   -2.525   -1.944   -1.541    1.523    2.064    2.882
    3.131    4.386    5.060    5.587    5.753
            0.452778  0.370466  0.000000
  -77.729  -49.153  -49.043  -48.804  -21.113  -21.024  -20.126  -19.386  -14.872  -14.537
  -11.578  -11.217  -10.777  -10.724  -10.154   -8.880   -8.448   -7.769   -7.486   -7.049
   -5.971   -4.560   -4.146   -2.958   -2.524   -2.002   -1.590    1.496    2.041    2.910
    3.167    4.413    5.074    5.607    5.733
            0.455556  0.365655  0.000000
  -77.729  -49.153  -49.042  -48.805  -21.119  -21.031  -20.127  -19.387  -14.883  -14.548
  -11.570  -11.192  -10.746  -10.708  -10.154   -8.869   -8.452   -7.743   -7.489   -7.056
   -5.971   -4.550   -4.160   -2.964   -2.522   -2.056   -1.638    1.471    2.020    2.937
    3.200    4.441    5.088    5.626    5.717
            0.458333  0.360844  0.000000
  -77.729  -49.154  -49.041  -48.805  -21.126  -21.037  -20.129  -19.388  -14.892  -14.558
  -11.564  -11.170  -10.717  -10.686  -10.155   -8.859   -8.456   -7.719   -7.491   -7.062
   -5.971   -4.541   -4.175   -2.972   -2.521   -2.107   -1.682    1.447    2.000    2.962
    3.231    4.469    5.102    5.638    5.707
            0.461111  0.356033  0.000000
  -77.729  -49.154  -49.041  -48.805  -21.132  -21.043  -20.130  -19.389  -14.901  -14.567
  -11.559  -11.152  -10.691  -10.659  -10.156   -8.848   -8.461   -7.697   -7.493   -7.068
   -5.971   -4.532   -4.189   -2.980   -2.520   -2.154   -1.725    1.424    1.982    2.986
    3.260    4.498    5.116    5.638    5.709
            0.463889  0.351221  0.000000
  -77.729  -49.154  -49.040  -48.805  -21.137  -21.049  -20.131  -19.389  -14.909  -14.576
  -11.556  -11.137  -10.668  -10.629  -10.157   -8.837   -8.466   -7.676   -7.494   -7.073
   -5.970   -4.522   -4.203   -2.989   -2.520   -2.196   -1.764    1.403    1.964    3.008
    3.286    4.526    5.131    5.629    5.722
            0.466667  0.346410  0.000000
  -77.729  -49.155  -49.039  -48.805  -21.142  -21.054  -20.132  -19.390  -14.917  -14.584
  -11.554  -11.124  -10.645  -10.598  -10.158   -8.826   -8.472   -7.658   -7.494   -7.079
   -5.970   -4.513   -4.217   -2.999   -2.521   -2.234   -1.802    1.383    1.948    3.028
    3.309    4.554    5.145    5.616    5.740
            0.469444  0.341599  0.000000
  -77.729  -49.155  -49.038  -48.805  -21.147  -21.059  -20.134  -19.391  -14.924  -14.591
  -11.553  -11.115  -10.621  -10.568  -10.160   -8.815   -8.478   -7.643   -7.493   -7.084
   -5.969   -4.504   -4.230   -3.009   -2.524   -2.265   -1.837    1.365    1.934    3.047
    3.331    4.582    5.159    5.601    5.759
            0.472222  0.336788  0.000000
  -77.729  -49.155  -49.038  -48.805  -21.152  -21.063  -20.135  -19.392  -14.931  -14.598
  -11.552  -11.107  -10.598  -10.539  -10.162   -8.804   -8.484   -7.630   -7.491   -7.090
   -5.969   -4.495   -4.243   -3.019   -2.529   -2.291   -1.870    1.349    1.920    3.064
    3.349    4.608    5.174    5.587    5.778
            0.475000  0.331976  0.000000
  -77.729  -49.156  -49.037  -48.805  -21.156  -21.067  -20.135  -19.392  -14.937  -14.604
  -11.552  -11.100  -10.576  -10.512  -10.165   -8.794   -8.490   -7.619   -7.487   -7.095
   -5.969   -4.486   -4.256   -3.029   -2.538   -2.309   -1.900    1.333    1.908    3.080
    3.366    4.634    5.189    5.573    5.797
            0.477778  0.327165  0.000000
  -77.729  -49.156  -49.037  -48.805  -21.159  -21.071  -20.136  -19.393  -14.942  -14.610
  -11.552  -11.095  -10.554  -10.487  -10.167   -8.784   -8.496   -7.611   -7.482   -7.099
   -5.968   -4.478   -4.268   -3.039   -2.549   -2.321   -1.928    1.320    1.897    3.094
    3.381    4.657    5.203    5.561    5.816
            0.480556  0.322354  0.000000
  -77.729  -49.156  -49.036  -48.805  -21.163  -21.074  -20.137  -19.394  -14.947  -14.615
  -11.553  -11.091  -10.534  -10.465  -10.170   -8.774   -8.502   -7.606   -7.477   -7.103
   -5.968   -4.469   -4.279   -3.048   -2.562   -2.328   -1.953    1.308    1.888    3.106
    3.394    4.678    5.217    5.549    5.834
            0.483333  0.317543  0.000000
  -77.729  -49.156  -49.036  -48.805  -21.165  -21.077  -20.138  -19.394  -14.951  -14.619
  -11.553  -11.088  -10.515  -10.445  -10.173   -8.765   -8.508   -7.602   -7.471   -7.107
   -5.967   -4.461   -4.290   -3.057   -2.575   -2.331   -1.976    1.297    1.880    3.117
    3.404    4.698    5.231    5.539    5.851
            0.486111  0.312731  0.000000
  -77.730  -49.157  -49.036  -48.805  -21.168  -21.079  -20.138  -19.394  -14.954  -14.623
  -11.554  -11.086  -10.498  -10.428  -10.176   -8.757   -8.513   -7.599   -7.466   -7.110
   -5.967   -4.453   -4.301   -3.064   -2.588   -2.330   -1.996    1.288    1.873    3.126
    3.413    4.714    5.244    5.530    5.866
            0.488889  0.307920  0.000000
  -77.730  -49.157  -49.035  -48.805  -21.170  -21.081  -20.139  -19.395  -14.957  -14.625
  -11.554  -11.084  -10.484  -10.413  -10.179   -8.750   -8.518   -7.597   -7.461   -7.113
   -5.967   -4.446   -4.310   -3.071   -2.600   -2.328   -2.013    1.281    1.867    3.133
    3.420    4.728    5.256    5.522    5.879
            0.491667  0.303109  0.000000
  -77.730  -49.157  -49.035  -48.805  -21.171  -21.082  -20.139  -19.395  -14.959  -14.628
  -11.555  -11.083  -10.473  -10.402  -10.181   -8.745   -8.522   -7.596   -7.456   -7.115
   -5.967   -4.440   -4.317   -3.076   -2.609   -2.326   -2.027    1.275    1.863    3.139
    3.426    4.738    5.265    5.515    5.890
            0.494444  0.298298  0.000000
  -77.730  -49.157  -49.035  -48.805  -21.172  -21.083  -20.139  -19.395  -14.961  -14.629
  -11.555  -11.082  -10.464  -10.394  -10.183   -8.740   -8.525   -7.595   -7.453   -7.117
   -5.967   -4.435   -4.324   -3.080   -2.616   -2.323   -2.037    1.271    1.860    3.143
    3.430    4.746    5.273    5.510    5.899
            0.497222  0.293486  0.000000
  -77.730  -49.157  -49.035  -48.805  -21.173  -21.084  -20.140  -19.395  -14.962  -14.630
  -11.555  -11.082  -10.459  -10.389  -10.184   -8.738   -8.527   -7.595   -7.451   -7.118
   -5.966   -4.431   -4.327   -3.082   -2.621   -2.322   -2.043    1.269    1.858    3.145
    3.432    4.751    5.277    5.508    5.904
            0.500000  0.288675  0.000000
  -77.730  -49.157  -49.035  -48.805  -21.173  -21.084  -20.140  -19.395  -14.962  -14.631
  -11.556  -11.082  -10.458  -10.388  -10.185   -8.737   -8.527   -7.595   -7.451   -7.118
   -5.966   -4.430   -4.329   -3.083   -2.622   -2.321   -2.045    1.268    1.857    3.146
    3.433    4.752    5.279    5.507    5.906
            0.495000  0.285788  0.000000
  -77.730  -49.157  -49.035  -48.805  -21.174  -21.085  -20.139  -19.395  -14.961  -14.630
  -11.556  -11.081  -10.457  -10.387  -10.184   -8.737   -8.527   -7.595   -7.451   -7.118
   -5.967   -4.430   -4.328   -3.083   -2.621   -2.321   -2.045    1.268    1.857    3.145
    3.432    4.753    5.279    5.507    5.905
            0.490000  0.282902  0.000000
  -77.730  -49.157  -49.035  -48.805  -21.178  -21.089  -20.139  -19.394  -14.958  -14.626
  -11.557  -11.079  -10.456  -10.387  -10.184   -8.736   -8.526   -7.597   -7.452   -7.118
   -5.967   -4.429   -4.327   -3.082   -2.619   -2.322   -2.044    1.269    1.858    3.143
    3.428    4.753    5.279    5.507    5.904
            0.485000  0.280015  0.000000
  -77.730  -49.157  -49.035  -48.805  -21.183  -21.094  -20.138  -19.393  -14.952  -14.620
  -11.559  -11.075  -10.455  -10.385  -10.182   -8.736   -8.525   -7.599   -7.454   -7.118
   -5.967   -4.427   -4.325   -3.082   -2.614   -2.323   -2.042    1.271    1.860    3.139
    3.423    4.753    5.279    5.507    5.903
            0.480000  0.277128  0.000000
  -77.730  -49.156  -49.035  -48.805  -21.191  -21.102  -20.138  -19.391  -14.943  -14.612
  -11.562  -11.070  -10.453  -10.383  -10.181   -8.735   -8.524   -7.602   -7.456   -7.119
   -5.968   -4.425   -4.321   -3.081   -2.608   -2.324   -2.039    1.274    1.863    3.133
    3.415    4.753    5.279    5.507    5.901
            0.475000  0.274241  0.000000
  -77.730  -49.156  -49.035  -48.805  -21.201  -21.112  -20.137  -19.389  -14.933  -14.601
  -11.566  -11.063  -10.451  -10.381  -10.179   -8.735   -8.522   -7.605   -7.460   -7.119
   -5.969   -4.422   -4.317   -3.081   -2.600   -2.326   -2.036    1.278    1.866    3.125
    3.405    4.753    5.278    5.507    5.898
            0.470000  0.271355  0.000000
  -77.730  -49.155  -49.035  -48.805  -21.213  -21.124  -20.135  -19.386  -14.920  -14.588
  -11.570  -11.055  -10.448  -10.378  -10.176   -8.734   -8.519   -7.610   -7.464   -7.119
   -5.970   -4.418   -4.312   -3.080   -2.591   -2.328   -2.032    1.282    1.870    3.116
    3.393    4.753    5.278    5.506    5.895
            0.465000  0.268468  0.000000
  -77.730  -49.155  -49.034  -48.805  -21.227  -21.138  -20.134  -19.383  -14.905  -14.573
  -11.575  -11.046  -10.445  -10.375  -10.173   -8.732   -8.516   -7.615   -7.468   -7.119
   -5.972   -4.414   -4.306   -3.079   -2.579   -2.330   -2.027    1.287    1.874    3.106
    3.378    4.753    5.278    5.506    5.891
            0.460000  0.265581  0.000000
  -77.730  -49.154  -49.034  -48.805  -21.244  -21.153  -20.133  -19.379  -14.887  -14.555
  -11.580  -11.036  -10.441  -10.371  -10.170   -8.731   -8.513   -7.621   -7.474   -7.119
   -5.973   -4.409   -4.299   -3.078   -2.566   -2.333   -2.021    1.293    1.879    3.094
    3.362    4.752    5.277    5.506    5.887
            0.455000  0.262694  0.000000
  -77.730  -49.154  -49.034  -48.806  -21.262  -21.171  -20.132  -19.376  -14.867  -14.536
  -11.586  -11.024  -10.436  -10.367  -10.166   -8.729   -8.509   -7.627   -7.480   -7.119
   -5.975   -4.403   -4.291   -3.077   -2.552   -2.336   -2.014    1.300    1.885    3.081
    3.344    4.751    5.276    5.505    5.882
            0.450000  0.259808  0.000000
  -77.730  -49.153  -49.034  -48.806  -21.281  -21.190  -20.131  -19.371  -14.845  -14.514
  -11.592  -11.011  -10.431  -10.362  -10.162   -8.727   -8.504   -7.635   -7.487   -7.119
   -5.977   -4.397   -4.282   -3.076   -2.535   -2.340   -2.006    1.307    1.891    3.066
    3.324    4.749    5.275    5.504    5.876
            0.445000  0.256921  0.000000
  -77.730  -49.152  -49.034  -48.806  -21.303  -21.211  -20.131  -19.367  -14.821  -14.489
  -11.599  -10.998  -10.426  -10.356  -10.158   -8.725   -8.500   -7.642   -7.494   -7.119
   -5.979   -4.391   -4.273   -3.076   -2.518   -2.344   -1.998    1.315    1.897    3.051
    3.302    4.747    5.274    5.503    5.869
            0.440000  0.254034  0.000000
  -77.730  -49.151  -49.034  -48.806  -21.326  -21.234  -20.130  -19.363  -14.795  -14.463
  -11.606  -10.983  -10.420  -10.351  -10.153   -8.722   -8.494   -7.651   -7.503   -7.119
   -5.981   -4.383   -4.263   -3.075   -2.498   -2.348   -1.988    1.323    1.904    3.034
    3.278    4.743    5.272    5.501    5.862
            0.435000  0.251147  0.000000
  -77.730  -49.150  -49.033  -48.806  -21.350  -21.257  -20.130  -19.359  -14.767  -14.434
  -11.614  -10.967  -10.413  -10.344  -10.148   -8.719   -8.489   -7.660   -7.511   -7.119
   -5.983   -4.375   -4.252   -3.074   -2.477   -2.353   -1.978    1.333    1.911    3.016
    3.252    4.739    5.270    5.498    5.853
            0.430000  0.248261  0.000000
  -77.730  -49.149  -49.033  -48.806  -21.376  -21.283  -20.130  -19.354  -14.736  -14.403
  -11.622  -10.951  -10.406  -10.337  -10.143   -8.716   -8.482   -7.669   -7.521   -7.119
   -5.985   -4.367   -4.241   -3.074   -2.455   -2.358   -1.966    1.342    1.918    2.997
    3.225    4.734    5.268    5.494    5.844
            0.425000  0.245374  0.000000
  -77.731  -49.148  -49.033  -48.807  -21.403  -21.309  -20.131  -19.350  -14.704  -14.370
  -11.630  -10.933  -10.399  -10.330  -10.138   -8.712   -8.476   -7.679   -7.531   -7.119
   -5.987   -4.357   -4.229   -3.074   -2.431   -2.364   -1.954    1.353    1.925    2.978
    3.197    4.728    5.265    5.489    5.834
            0.420000  0.242487  0.000000
  -77.731  -49.147  -49.033  -48.807  -21.431  -21.337  -20.133  -19.346  -14.670  -14.335
  -11.639  -10.915  -10.391  -10.322  -10.132   -8.708   -8.469   -7.689   -7.541   -7.119
   -5.989   -4.348   -4.216   -3.074   -2.406   -2.369   -1.940    1.364    1.933    2.958
    3.167    4.720    5.262    5.483    5.823
            0.415000  0.239600  0.000000
  -77.731  -49.146  -49.032  -48.807  -21.461  -21.366  -20.134  -19.342  -14.634  -14.298
  -11.647  -10.896  -10.382  -10.314  -10.127   -8.703   -8.461   -7.700   -7.552   -7.119
   -5.991   -4.338   -4.203   -3.074   -2.380   -2.375   -1.926    1.375    1.940    2.938
    3.136    4.711    5.258    5.476    5.810
            0.410000  0.236714  0.000000
  -77.731  -49.145  -49.032  -48.807  -21.491  -21.395  -20.137  -19.338  -14.596  -14.259
  -11.656  -10.877  -10.373  -10.305  -10.121   -8.698   -8.454   -7.710   -7.564   -7.119
   -5.993   -4.327   -4.189   -3.075   -2.382   -2.351   -1.910    1.387    1.946    2.917
    3.104    4.700    5.253    5.467    5.788
            0.405000  0.233827  0.000000
  -77.731  -49.143  -49.032  -48.807  -21.522  -21.426  -20.140  -19.334  -14.556  -14.217
  -11.665  -10.856  -10.364  -10.295  -10.115   -8.692   -8.445   -7.721   -7.576   -7.118
   -5.995   -4.316   -4.175   -3.076   -2.389   -2.322   -1.893    1.399    1.953    2.896
    3.070    4.688    5.248    5.456    5.754
            0.400000  0.230940  0.000000
  -77.731  -49.142  -49.031  -48.808  -21.554  -21.458  -20.143  -19.331  -14.514  -14.174
  -11.674  -10.835  -10.354  -10.286  -10.109   -8.685   -8.437   -7.733   -7.589   -7.118
   -5.997   -4.304   -4.161   -3.078   -2.397   -2.292   -1.875    1.411    1.958    2.876
    3.036    4.674    5.241    5.443    5.720
            0.395000  0.228053  0.000000
  -77.731  -49.140  -49.031  -48.808  -21.587  -21.490  -20.148  -19.328  -14.471  -14.129
  -11.683  -10.814  -10.343  -10.275  -10.103   -8.678   -8.428   -7.744   -7.602   -7.118
   -5.999   -4.292   -4.146   -3.080   -2.404   -2.260   -1.856    1.424    1.963    2.855
    3.001    4.658    5.234    5.428    5.687
            0.390000  0.225167  0.000000
  -77.732  -49.139  -49.031  -48.808  -21.621  -21.523  -20.152  -19.325  -14.427  -14.083
  -11.693  -10.792  -10.332  -10.265  -10.098   -8.670   -8.418   -7.756   -7.616   -7.117
   -6.000   -4.279   -4.131   -3.083   -2.412   -2.227   -1.835    1.437    1.967    2.835
    2.965    4.640    5.226    5.411    5.652
            0.385000  0.222280  0.000000
  -77.732  -49.137  -49.030  -48.809  -21.655  -21.556  -20.158  -19.323  -14.381  -14.034
  -11.702  -10.769  -10.321  -10.254  -10.092   -8.662   -8.408   -7.768   -7.630   -7.116
   -6.002   -4.266   -4.116   -3.086   -2.421   -2.193   -1.814    1.449    1.969    2.815
    2.929    4.621    5.216    5.392    5.618
            0.380000  0.219393  0.000000
  -77.732  -49.136  -49.030  -48.809  -21.689  -21.590  -20.164  -19.321  -14.333  -13.984
  -11.711  -10.746  -10.309  -10.242  -10.086   -8.652   -8.398   -7.779   -7.645   -7.115
   -6.003   -4.253   -4.100   -3.089   -2.430   -2.158   -1.791    1.462    1.970    2.795
    2.894    4.599    5.205    5.371    5.583
            0.375000  0.216506  0.000000
  -77.732  -49.134  -49.029  -48.809  -21.724  -21.625  -20.171  -19.319  -14.284  -13.932
  -11.721  -10.722  -10.297  -10.230  -10.081   -8.642   -8.387   -7.791   -7.660   -7.115
   -6.003   -4.239   -4.085   -3.094   -2.439   -2.122   -1.767    1.474    1.969    2.776
    2.859    4.575    5.193    5.347    5.549
            0.370000  0.213620  0.000000
  -77.732  -49.132  -49.029  -48.809  -21.760  -21.660  -20.178  -19.318  -14.235  -13.878
  -11.730  -10.698  -10.284  -10.217  -10.075   -8.632   -8.376   -7.803   -7.675   -7.113
   -6.004   -4.224   -4.069   -3.098   -2.448   -2.085   -1.742    1.486    1.966    2.756
    2.826    4.549    5.180    5.321    5.514
            0.365000  0.210733  0.000000
  -77.733  -49.130  -49.029  -48.810  -21.796  -21.695  -20.186  -19.317  -14.183  -13.822
  -11.739  -10.674  -10.271  -10.205  -10.070   -8.620   -8.365   -7.815   -7.691   -7.112
   -6.004   -4.210   -4.052   -3.104   -2.458   -2.047   -1.716    1.498    1.961    2.733
    2.797    4.522    5.165    5.293    5.480
            0.360000  0.207846  0.000000
  -77.733  -49.128  -49.028  -48.810  -21.832  -21.731  -20.195  -19.317  -14.131  -13.765
  -11.748  -10.649  -10.258  -10.191  -10.065   -8.608   -8.353   -7.827   -7.707   -7.111
   -6.003   -4.195   -4.036   -3.110   -2.468   -2.009   -1.689    1.508    1.954    2.706
    2.774    4.491    5.148    5.263    5.446
            0.355000  0.204959  0.000000
  -77.733  -49.126  -49.028  -48.810  -21.868  -21.767  -20.204  -19.317  -14.078  -13.707
  -11.757  -10.624  -10.244  -10.178  -10.060   -8.594   -8.341   -7.839   -7.723   -7.109
   -6.002   -4.179   -4.020   -3.116   -2.479   -1.969   -1.660    1.518    1.944    2.675
    2.758    4.459    5.129    5.231    5.412
            0.350000  0.202073  0.000000
  -77.733  -49.124  -49.027  -48.811  -21.905  -21.803  -20.214  -19.318  -14.025  -13.647
  -11.765  -10.599  -10.229  -10.163  -10.055   -8.580   -8.328   -7.851   -7.740   -7.107
   -6.001   -4.164   -4.004   -3.123   -2.490   -1.929   -1.631    1.527    1.932    2.641
    2.746    4.425    5.109    5.197    5.379
            0.345000  0.199186  0.000000
  -77.733  -49.122  -49.027  -48.811  -21.941  -21.839  -20.225  -19.319  -13.970  -13.586
  -11.773  -10.573  -10.214  -10.149  -10.050   -8.565   -8.315   -7.863   -7.757   -7.105
   -5.999   -4.148   -3.988   -3.131   -2.501   -1.887   -1.601    1.534    1.917    2.606
    2.737    4.389    5.087    5.161    5.346
            0.340000  0.196299  0.000000
  -77.734  -49.120  -49.026  -48.811  -21.978  -21.875  -20.236  -19.320  -13.915  -13.523
  -11.781  -10.548  -10.199  -10.134  -10.045   -8.550   -8.302   -7.875   -7.774   -7.103
   -5.996   -4.131   -3.971   -3.139   -2.513   -1.846   -1.570    1.540    1.900    2.572
    2.731    4.350    5.063    5.124    5.314
            0.335000  0.193412  0.000000
  -77.734  -49.118  -49.026  -48.812  -22.015  -21.912  -20.247  -19.322  -13.860  -13.459
  -11.788  -10.522  -10.184  -10.119  -10.041   -8.533   -8.289   -7.887   -7.791   -7.101
   -5.993   -4.115   -3.955   -3.148   -2.525   -1.803   -1.538    1.543    1.881    2.538
    2.726    4.310    5.037    5.085    5.283
            0.330000  0.190526  0.000000
  -77.734  -49.116  -49.025  -48.812  -22.052  -21.948  -20.259  -19.324  -13.805  -13.394
  -11.794  -10.497  -10.168  -10.103  -10.036   -8.516   -8.275   -7.898   -7.809   -7.098
   -5.989   -4.098   -3.939   -3.157   -2.538   -1.760   -1.505    1.545    1.860    2.505
    2.724    4.267    5.009    5.046    5.252
            0.325000  0.187639  0.000000
  -77.734  -49.114  -49.025  -48.813  -22.089  -21.985  -20.272  -19.326  -13.749  -13.327
  -11.800  -10.471  -10.152  -10.087  -10.031   -8.498   -8.261   -7.910   -7.826   -7.095
   -5.985   -4.081   -3.923   -3.166   -2.550   -1.717   -1.471    1.544    1.837    2.473
    2.722    4.223    4.978    5.006    5.221
            0.320000  0.184752  0.000000
  -77.735  -49.112  -49.024  -48.813  -22.126  -22.021  -20.285  -19.329  -13.694  -13.260
  -11.804  -10.446  -10.135  -10.071  -10.026   -8.479   -8.247   -7.922   -7.844   -7.092
   -5.980   -4.064   -3.907   -3.176   -2.563   -1.673   -1.437    1.539    1.812    2.443
    2.722    4.177    4.946    4.966    5.191
            0.315000  0.181865  0.000000
  -77.735  -49.109  -49.024  -48.813  -22.162  -22.058  -20.298  -19.332  -13.638  -13.191
  -11.808  -10.422  -10.118  -10.054  -10.021   -8.460   -8.232   -7.933   -7.862   -7.089
   -5.974   -4.047   -3.891   -3.187   -2.577   -1.628   -1.402    1.532    1.786    2.416
    2.721    4.129    4.912    4.926    5.161
            0.310000  0.178979  0.000000
  -77.735  -49.107  -49.023  -48.814  -22.199  -22.094  -20.312  -19.336  -13.584  -13.121
  -11.810  -10.398  -10.101  -10.037  -10.015   -8.440   -8.217   -7.945   -7.880   -7.085
   -5.967   -4.029   -3.876   -3.198   -2.590   -1.584   -1.367    1.522    1.759    2.390
    2.721    4.079    4.875    4.886    5.132
            0.305000  0.176092  0.000000
  -77.736  -49.105  -49.023  -48.814  -22.236  -22.130  -20.326  -19.340  -13.530  -13.050
  -11.811  -10.375  -10.083  -10.020  -10.008   -8.419   -8.203   -7.956   -7.898   -7.081
   -5.960   -4.011   -3.861   -3.209   -2.604   -1.539   -1.331    1.508    1.730    2.367
    2.721    4.028    4.836    4.846    5.104
            0.300000  0.173205  0.000000
  -77.736  -49.102  -49.022  -48.815  -22.272  -22.166  -20.340  -19.344  -13.477  -12.978
  -11.810  -10.353  -10.065  -10.002  -10.000   -8.398   -8.187   -7.967   -7.916   -7.077
   -5.952   -3.993   -3.846   -3.220   -2.619   -1.494   -1.295    1.491    1.700    2.346
    2.721    3.975    4.795    4.806    5.076
            0.295000  0.170318  0.000000
  -77.736  -49.100  -49.022  -48.815  -22.308  -22.201  -20.355  -19.348  -13.426  -12.905
  -11.807  -10.332  -10.047   -9.991   -9.984   -8.376   -8.172   -7.978   -7.934   -7.073
   -5.943   -3.975   -3.831   -3.232   -2.633   -1.449   -1.258    1.470    1.670    2.328
    2.720    3.921    4.752    4.768    5.032
            0.290000  0.167432  0.000000
  -77.736  -49.098  -49.021  -48.815  -22.344  -22.237  -20.370  -19.353  -13.376  -12.832
  -11.802  -10.313  -10.029   -9.981   -9.966   -8.354   -8.157   -7.989   -7.951   -7.068
   -5.934   -3.957   -3.816   -3.244   -2.648   -1.404   -1.221    1.447    1.638    2.313
    2.718    3.865    4.707    4.730    4.977
            0.285000  0.164545  0.000000
  -77.737  -49.095  -49.020  -48.816  -22.379  -22.272  -20.386  -19.358  -13.328  -12.757
  -11.794  -10.295  -10.010   -9.969   -9.947   -8.332   -8.142   -7.999   -7.969   -7.063
   -5.923   -3.939   -3.802   -3.256   -2.663   -1.359   -1.185    1.421    1.606    2.299
    2.715    3.809    4.661    4.693    4.920
            0.280000  0.161658  0.000000
  -77.737  -49.093  -49.020  -48.816  -22.415  -22.307  -20.401  -19.364  -13.282  -12.682
  -11.784  -10.280   -9.991   -9.954   -9.929   -8.310   -8.128   -8.010   -7.985   -7.058
   -5.912   -3.921   -3.788   -3.268   -2.679   -1.314   -1.148    1.393    1.572    2.287
    2.711    3.751    4.612    4.657    4.862
            0.275000  0.158771  0.000000
  -77.737  -49.090  -49.019  -48.817  -22.450  -22.342  -20.417  -19.369  -13.239  -12.606
  -11.771  -10.267   -9.972   -9.938   -9.910   -8.287   -8.115   -8.019   -8.000   -7.052
   -5.900   -3.902   -3.775   -3.281   -2.694   -1.269   -1.111    1.364    1.538    2.277
    2.705    3.692    4.562    4.623    4.803
            0.270000  0.155885  0.000000
  -77.737  -49.088  -49.019  -48.817  -22.484  -22.376  -20.433  -19.375  -13.198  -12.529
  -11.754  -10.256   -9.953   -9.920   -9.890   -8.266   -8.104   -8.028   -8.013   -7.047
   -5.888   -3.884   -3.761   -3.293   -2.710   -1.226   -1.075    1.333    1.504    2.269
    2.698    3.633    4.510    4.589    4.743
            0.265000  0.152998  0.000000
  -77.738  -49.085  -49.018  -48.818  -22.519  -22.410  -20.450  -19.381  -13.160  -12.452
  -11.734  -10.247   -9.933   -9.900   -9.871   -8.244   -8.098   -8.036   -8.020   -7.041
   -5.875   -3.865   -3.748   -3.306   -2.726   -1.182   -1.040    1.301    1.468    2.261
    2.689    3.572    4.457    4.557    4.681
            0.260000  0.150111  0.000000
  -77.738  -49.083  -49.017  -48.818  -22.553  -22.444  -20.466  -19.387  -13.126  -12.374
  -11.711  -10.240   -9.913   -9.878   -9.851   -8.225   -8.099   -8.043   -8.020   -7.034
   -5.861   -3.847   -3.736   -3.319   -2.743   -1.140   -1.005    1.269    1.433    2.254
    2.678    3.511    4.402    4.526    4.619
            0.255000  0.147224  0.000000
  -77.738  -49.080  -49.017  -48.818  -22.586  -22.477  -20.482  -19.393  -13.095  -12.296
  -11.684  -10.235   -9.894   -9.854   -9.832   -8.207   -8.108   -8.046   -8.012   -7.028
   -5.846   -3.828   -3.724   -3.331   -2.760   -1.099   -0.970    1.236    1.398    2.247
    2.666    3.449    4.347    4.496    4.556
            0.250000  0.144338  0.000000
  -77.739  -49.078  -49.016  -48.819  -22.619  -22.509  -20.499  -19.400  -13.067  -12.217
  -11.652  -10.232   -9.874   -9.829   -9.812   -8.193   -8.121   -8.047   -7.999   -7.021
   -5.830   -3.810   -3.712   -3.343   -2.776   -1.059   -0.937    1.204    1.363    2.241
    2.651    3.386    4.290    4.467    4.493
            0.245000  0.141451  0.000000
  -77.739  -49.075  -49.016  -48.819  -22.652  -22.542  -20.516  -19.407  -13.043  -12.138
  -11.617  -10.230   -9.853   -9.802   -9.792   -8.184   -8.136   -8.043   -7.985   -7.014
   -5.814   -3.792   -3.701   -3.355   -2.793   -1.020   -0.905    1.173    1.329    2.234
    2.635    3.324    4.232    4.428    4.440
            0.240000  0.138564  0.000000
  -77.739  -49.073  -49.015  -48.820  -22.684  -22.574  -20.532  -19.413  -13.023  -12.059
  -11.579  -10.229   -9.833   -9.774   -9.771   -8.179   -8.152   -8.034   -7.969   -7.006
   -5.797   -3.773   -3.690   -3.367   -2.811   -0.984   -0.875    1.143    1.296    2.227
    2.618    3.261    4.173    4.364    4.412
            0.235000  0.135677  0.000000
  -77.739  -49.070  -49.015  -48.820  -22.716  -22.605  -20.549  -19.420  -13.005  -11.979
  -11.536  -10.229   -9.813   -9.751   -9.745   -8.180   -8.169   -8.020   -7.952   -6.999
   -5.780   -3.755   -3.680   -3.379   -2.828   -0.949   -0.846    1.114    1.264    2.220
    2.599    3.197    4.114    4.299    4.386
            0.230000  0.132791  0.000000
  -77.740  -49.068  -49.014  -48.821  -22.747  -22.636  -20.566  -19.427  -12.991  -11.899
  -11.490  -10.230   -9.792   -9.731   -9.715   -8.186   -8.183   -8.003   -7.935   -6.991
   -5.762   -3.737   -3.670   -3.390   -2.846   -0.918   -0.819    1.087    1.233    2.212
    2.578    3.134    4.054    4.234    4.360
            0.225000  0.129904  0.000000
  -77.740  -49.065  -49.013  -48.821  -22.778  -22.667  -20.582  -19.434  -12.980  -11.819
  -11.441  -10.232   -9.772   -9.710   -9.685   -8.203   -8.190   -7.984   -7.918   -6.983
   -5.744   -3.719   -3.660   -3.401   -2.863   -0.889   -0.794    1.063    1.205    2.204
    2.556    3.070    3.994    4.169    4.335
            0.220000  0.127017  0.000000
  -77.740  -49.063  -49.013  -48.821  -22.808  -22.697  -20.599  -19.441  -12.972  -11.739
  -11.389  -10.235   -9.752   -9.690   -9.654   -8.220   -8.198   -7.963   -7.900   -6.975
   -5.725   -3.701   -3.651   -3.411   -2.881   -0.864   -0.771    1.041    1.180    2.195
    2.533    3.006    3.934    4.104    4.310
            0.215000  0.124130  0.000000
  -77.741  -49.060  -49.012  -48.822  -22.838  -22.726  -20.615  -19.448  -12.966  -11.658
  -11.334  -10.238   -9.731   -9.669   -9.623   -8.236   -8.207   -7.941   -7.882   -6.966
   -5.705   -3.684   -3.643   -3.421   -2.899   -0.843   -0.751    1.022    1.157    2.185
    2.508    2.943    3.873    4.039    4.285
            0.210000  0.121244  0.000000
  -77.741  -49.058  -49.012  -48.822  -22.867  -22.755  -20.632  -19.456  -12.963  -11.578
  -11.277  -10.241   -9.711   -9.649   -9.591   -8.253   -8.217   -7.919   -7.865   -6.958
   -5.686   -3.666   -3.635   -3.430   -2.917   -0.826   -0.733    1.006    1.137    2.174
    2.483    2.880    3.812    3.974    4.260
            0.205000  0.118357  0.000000
  -77.741  -49.056  -49.011  -48.823  -22.896  -22.783  -20.648  -19.463  -12.962  -11.498
  -11.218  -10.244   -9.690   -9.628   -9.559   -8.270   -8.228   -7.897   -7.847   -6.949
   -5.666   -3.649   -3.628   -3.438   -2.935   -0.814   -0.718    0.994    1.121    2.163
    2.456    2.817    3.752    3.910    4.235
            0.200000  0.115470  0.000000
  -77.741  -49.053  -49.011  -48.823  -22.924  -22.811  -20.664  -19.470  -12.962  -11.418
  -11.156  -10.248   -9.670   -9.608   -9.527   -8.286   -8.238   -7.875   -7.829   -6.941
   -5.645   -3.631   -3.622   -3.446   -2.953   -0.807   -0.706    0.986    1.109    2.150
    2.429    2.755    3.691    3.846    4.209
            0.195000  0.112583  0.000000
  -77.742  -49.051  -49.010  -48.824  -22.952  -22.839  -20.680  -19.477  -12.964  -11.338
  -11.093  -10.252   -9.650   -9.587   -9.494   -8.302   -8.250   -7.853   -7.811   -6.932
   -5.625   -3.616   -3.614   -3.452   -2.972   -0.804   -0.698    0.982    1.101    2.137
    2.401    2.694    3.631    3.783    4.183
            0.190000  0.109697  0.000000
  -77.742  -49.048  -49.010  -48.824  -22.979  -22.865  -20.696  -19.484  -12.968  -11.259
  -11.029  -10.255   -9.629   -9.567   -9.462   -8.318   -8.261   -7.831   -7.793   -6.923
   -5.604   -3.611   -3.598   -3.458   -2.990   -0.807   -0.694    0.981    1.098    2.123
    2.373    2.633    3.571    3.720    4.156
            0.185000  0.106810  0.000000
  -77.742  -49.046  -49.009  -48.824  -23.005  -22.891  -20.712  -19.491  -12.973  -11.181
  -10.964  -10.259   -9.609   -9.547   -9.429   -8.333   -8.273   -7.810   -7.775   -6.915
   -5.583   -3.606   -3.581   -3.462   -3.008   -0.814   -0.694    0.985    1.099    2.108
    2.345    2.573    3.512    3.658    4.129
            0.180000  0.103923  0.000000
  -77.742  -49.044  -49.008  -48.825  -23.031  -22.917  -20.727  -19.498  -12.979  -11.103
  -10.897  -10.262   -9.590   -9.527   -9.397   -8.348   -8.284   -7.789   -7.757   -6.906
   -5.562   -3.603   -3.565   -3.465   -3.026   -0.827   -0.698    0.994    1.105    2.092
    2.316    2.514    3.453    3.597    4.101
            0.175000  0.101036  0.000000
  -77.743  -49.042  -49.008  -48.825  -23.056  -22.942  -20.742  -19.505  -12.985  -11.025
  -10.830  -10.264   -9.570   -9.507   -9.364   -8.363   -8.296   -7.768   -7.740   -6.898
   -5.541   -3.600   -3.549   -3.467   -3.044   -0.843   -0.706    1.006    1.116    2.075
    2.286    2.457    3.395    3.536    4.072
            0.170000  0.098150  0.000000
  -77.743  -49.039  -49.007  -48.826  -23.081  -22.966  -20.757  -19.512  -12.993  -10.950
  -10.763  -10.266   -9.551   -9.487   -9.332   -8.378   -8.308   -7.748   -7.722   -6.890
   -5.520   -3.597   -3.534   -3.468   -3.062   -0.864   -0.718    1.022    1.130    2.057
    2.257    2.402    3.338    3.477    4.043
            0.165000  0.095263  0.000000
  -77.743  -49.037  -49.007  -48.826  -23.105  -22.990  -20.772  -19.519  -13.001  -10.875
  -10.695  -10.267   -9.531   -9.467   -9.300   -8.392   -8.320   -7.728   -7.705   -6.883
   -5.499   -3.595   -3.518   -3.468   -3.080   -0.889   -0.734    1.042    1.149    2.039
    2.227    2.349    3.281    3.419    4.012
            0.160000  0.092376  0.000000
  -77.743  -49.035  -49.006  -48.826  -23.128  -23.013  -20.787  -19.526  -13.010  -10.803
  -10.627  -10.266   -9.512   -9.448   -9.268   -8.406   -8.332   -7.709   -7.688   -6.875
   -5.478   -3.594   -3.503   -3.466   -3.097   -0.917   -0.754    1.065    1.172    2.019
    2.196    2.300    3.226    3.361    3.981
            0.155000  0.089489  0.000000
  -77.744  -49.033  -49.006  -48.827  -23.151  -23.035  -20.801  -19.533  -13.019  -10.733
  -10.560  -10.263   -9.494   -9.429   -9.237   -8.420   -8.344   -7.691   -7.671   -6.869
   -5.458   -3.593   -3.489   -3.464   -3.115   -0.948   -0.777    1.090    1.199    1.997
    2.165    2.253    3.171    3.305    3.949
            0.150000  0.086603  0.000000
  -77.744  -49.031  -49.005  -48.827  -23.173  -23.057  -20.815  -19.539  -13.028  -10.667
  -10.493  -10.256   -9.475   -9.410   -9.206   -8.433   -8.356   -7.673   -7.654   -6.862
   -5.438   -3.591   -3.475   -3.461   -3.132   -0.982   -0.804    1.119    1.228    1.974
    2.134    2.211    3.118    3.250    3.916
            0.145000  0.083716  0.000000
  -77.744  -49.029  -49.005  -48.827  -23.194  -23.078  -20.828  -19.546  -13.038  -10.606
  -10.428  -10.243   -9.457   -9.391   -9.175   -8.446   -8.368   -7.655   -7.638   -6.857
   -5.418   -3.590   -3.461   -3.457   -3.149   -1.018   -0.833    1.149    1.261    1.948
    2.103    2.174    3.066    3.196    3.882
            0.140000  0.080829  0.000000
  -77.744  -49.027  -49.005  -48.828  -23.215  -23.099  -20.841  -19.552  -13.048  -10.553
  -10.364  -10.223   -9.439   -9.373   -9.144   -8.459   -8.380   -7.638   -7.622   -6.852
   -5.399   -3.589   -3.452   -3.447   -3.166   -1.057   -0.865    1.182    1.295    1.920
    2.072    2.140    3.014    3.144    3.848
            0.135000  0.077942  0.000000
  -77.745  -49.025  -49.004  -48.828  -23.235  -23.118  -20.854  -19.558  -13.057  -10.509
  -10.302  -10.192   -9.422   -9.355   -9.114   -8.471   -8.391   -7.622   -7.606   -6.847
   -5.380   -3.587   -3.447   -3.434   -3.182   -1.097   -0.899    1.214    1.332    1.890
    2.044    2.111    2.965    3.093    3.813
            0.130000  0.075056  0.000000
  -77.745  -49.023  -49.004  -48.828  -23.254  -23.138  -20.867  -19.564  -13.067  -10.477
  -10.241  -10.150   -9.405   -9.337   -9.084   -8.482   -8.403   -7.606   -7.590   -6.843
   -5.362   -3.585   -3.441   -3.422   -3.198   -1.139   -0.935    1.248    1.370    1.859
    2.018    2.084    2.916    3.043    3.778
            0.125000  0.072169  0.000000
  -77.745  -49.021  -49.003  -48.829  -23.273  -23.156  -20.879  -19.570  -13.077  -10.456
  -10.181  -10.099   -9.389   -9.320   -9.055   -8.494   -8.415   -7.591   -7.575   -6.841
   -5.344   -3.582   -3.435   -3.410   -3.214   -1.182   -0.972    1.280    1.410    1.828
    1.994    2.059    2.869    2.995    3.742
            0.120000  0.069282  0.000000
  -77.745  -49.020  -49.003  -48.829  -23.291  -23.174  -20.890  -19.575  -13.087  -10.442
  -10.121  -10.042   -9.373   -9.303   -9.027   -8.505   -8.427   -7.576   -7.560   -6.838
   -5.327   -3.579   -3.428   -3.399   -3.229   -1.225   -1.011    1.310    1.450    1.798
    1.973    2.037    2.823    2.948    3.705
            0.115000  0.066395  0.000000
  -77.745  -49.018  -49.002  -48.829  -23.308  -23.191  -20.902  -19.581  -13.097  -10.434
  -10.060   -9.983   -9.357   -9.287   -8.999   -8.515   -8.439   -7.562   -7.546   -6.837
   -5.311   -3.576   -3.421   -3.388   -3.243   -1.269   -1.050    1.337    1.490    1.773
    1.953    2.017    2.779    2.903    3.668
            0.110000  0.063509  0.000000
  -77.745  -49.016  -49.002  -48.830  -23.325  -23.207  -20.913  -19.586  -13.106  -10.429
   -9.999   -9.922   -9.342   -9.271   -8.971   -8.525   -8.450   -7.548   -7.532   -6.837
   -5.295   -3.571   -3.413   -3.378   -3.257   -1.314   -1.089    1.357    1.531    1.753
    1.935    2.000    2.736    2.859    3.632
            0.105000  0.060622  0.000000
  -77.746  -49.015  -49.002  -48.830  -23.340  -23.223  -20.923  -19.591  -13.116  -10.427
   -9.938   -9.861   -9.327   -9.256   -8.945   -8.535   -8.462   -7.535   -7.518   -6.837
   -5.281   -3.567   -3.405   -3.369   -3.270   -1.359   -1.129    1.370    1.571    1.741
    1.918    1.986    2.695    2.818    3.594
            0.100000  0.057735  0.000000
  -77.746  -49.013  -49.001  -48.830  -23.356  -23.238  -20.933  -19.596  -13.125  -10.426
   -9.878   -9.801   -9.313   -9.241   -8.919   -8.544   -8.474   -7.522   -7.505   -6.839
   -5.267   -3.561   -3.397   -3.362   -3.281   -1.403   -1.169    1.373    1.610    1.738
    1.903    1.977    2.656    2.777    3.557
            0.095000  0.054848  0.000000
  -77.746  -49.012  -49.001  -48.830  -23.370  -23.252  -20.943  -19.601  -13.133  -10.427
   -9.820   -9.742   -9.300   -9.227   -8.893   -8.552   -8.485   -7.509   -7.492   -6.841
   -5.253   -3.556   -3.388   -3.357   -3.289   -1.448   -1.209    1.366    1.647    1.742
    1.890    1.972    2.618    2.739    3.520
            0.090000  0.051962  0.000000
  -77.746  -49.010  -49.001  -48.831  -23.384  -23.266  -20.952  -19.605  -13.142  -10.428
   -9.763   -9.684   -9.287   -9.213   -8.869   -8.561   -8.497   -7.497   -7.480   -6.844
   -5.241   -3.549   -3.379   -3.356   -3.295   -1.491   -1.248    1.352    1.682    1.750
    1.880    1.974    2.582    2.702    3.483
            0.085000  0.049075  0.000000
  -77.746  -49.009  -49.000  -48.831  -23.397  -23.279  -20.961  -19.610  -13.150  -10.430
   -9.707   -9.627   -9.275   -9.200   -8.846   -8.568   -8.508   -7.486   -7.468   -6.849
   -5.230   -3.543   -3.369   -3.358   -3.296   -1.534   -1.286    1.333    1.712    1.760
    1.874    1.982    2.547    2.667    3.446
            0.080000  0.046188  0.000000
  -77.746  -49.008  -49.000  -48.831  -23.409  -23.291  -20.969  -19.614  -13.158  -10.432
   -9.653   -9.572   -9.263   -9.188   -8.823   -8.576   -8.520   -7.474   -7.457   -6.853
   -5.219   -3.536   -3.363   -3.360   -3.294   -1.576   -1.324    1.310    1.732    1.768
    1.877    1.998    2.515    2.634    3.409
            0.075000  0.043301  0.000000
  -77.747  -49.007  -49.000  -48.831  -23.421  -23.302  -20.977  -19.618  -13.165  -10.434
   -9.602   -9.519   -9.252   -9.176   -8.801   -8.582   -8.531   -7.464   -7.446   -6.859
   -5.210   -3.528   -3.371   -3.350   -3.290   -1.617   -1.360    1.286    1.741    1.773
    1.892    2.021    2.484    2.603    3.373
            0.070000  0.040415  0.000000
  -77.747  -49.005  -49.000  -48.831  -23.431  -23.313  -20.984  -19.621  -13.172  -10.436
   -9.552   -9.468   -9.242   -9.165   -8.781   -8.589   -8.543   -7.453   -7.436   -6.865
   -5.201   -3.521   -3.379   -3.339   -3.286   -1.657   -1.395    1.261    1.743    1.772
    1.918    2.048    2.455    2.574    3.337
            0.065000  0.037528  0.000000
  -77.747  -49.004  -48.999  -48.832  -23.441  -23.323  -20.991  -19.625  -13.179  -10.438
   -9.505   -9.420   -9.232   -9.155   -8.761   -8.595   -8.554   -7.443   -7.427   -6.872
   -5.193   -3.513   -3.388   -3.329   -3.280   -1.695   -1.429    1.236    1.741    1.767
    1.950    2.078    2.428    2.547    3.302
            0.060000  0.034641  0.000000
  -77.747  -49.003  -48.999  -48.832  -23.451  -23.332  -20.998  -19.628  -13.185  -10.440
   -9.460   -9.374   -9.223   -9.145   -8.743   -8.600   -8.565   -7.433   -7.418   -6.879
   -5.186   -3.506   -3.396   -3.319   -3.275   -1.731   -1.461    1.212    1.736    1.761
    1.984    2.110    2.403    2.521    3.268
            0.055000  0.031754  0.000000
  -77.747  -49.003  -48.999  -48.832  -23.459  -23.341  -21.003  -19.631  -13.191  -10.442
   -9.417   -9.331   -9.215   -9.136   -8.726   -8.605   -8.576   -7.424   -7.410   -6.887
   -5.179   -3.498   -3.404   -3.309   -3.270   -1.766   -1.491    1.189    1.729    1.755
    2.019    2.143    2.379    2.498    3.234
            0.050000  0.028868  0.000000
  -77.747  -49.002  -48.999  -48.832  -23.467  -23.348  -21.009  -19.633  -13.196  -10.444
   -9.378   -9.291   -9.207   -9.127   -8.710   -8.610   -8.587   -7.416   -7.403   -6.895
   -5.173   -3.491   -3.412   -3.299   -3.265   -1.798   -1.520    1.167    1.722    1.749
    2.054    2.175    2.358    2.476    3.201
            0.045000  0.025981  0.000000
  -77.747  -49.001  -48.999  -48.832  -23.474  -23.355  -21.014  -19.636  -13.201  -10.446
   -9.341   -9.253   -9.200   -9.120   -8.695   -8.614   -8.598   -7.407   -7.396   -6.903
   -5.169   -3.484   -3.419   -3.290   -3.261   -1.828   -1.546    1.147    1.715    1.743
    2.088    2.207    2.339    2.457    3.170
            0.040000  0.023094  0.000000
  -77.747  -49.000  -48.998  -48.832  -23.481  -23.362  -21.018  -19.638  -13.205  -10.448
   -9.307   -9.219   -9.194   -9.113   -8.682   -8.617   -8.608   -7.400   -7.390   -6.911
   -5.164   -3.478   -3.425   -3.281   -3.257   -1.856   -1.570    1.129    1.708    1.737
    2.120    2.237    2.321    2.439    3.140
            0.035000  0.020207  0.000000
  -77.747  -49.000  -48.998  -48.832  -23.486  -23.367  -21.022  -19.640  -13.209  -10.449
   -9.277   -9.189   -9.188   -9.107   -8.671   -8.621   -8.618   -7.393   -7.384   -6.918
   -5.161   -3.471   -3.431   -3.272   -3.253   -1.881   -1.591    1.112    1.701    1.732
    2.149    2.265    2.306    2.424    3.112
            0.030000  0.017321  0.000000
  -77.747  -48.999  -48.998  -48.832  -23.491  -23.372  -21.025  -19.642  -13.213  -10.450
   -9.249   -9.183   -9.162   -9.102   -8.660   -8.627   -8.623   -7.386   -7.380   -6.925
   -5.158   -3.466   -3.436   -3.264   -3.250   -1.903   -1.610    1.098    1.695    1.728
    2.176    2.291    2.293    2.410    3.086
            0.025000  0.014434  0.000000
  -77.747  -48.999  -48.998  -48.833  -23.496  -23.376  -21.028  -19.643  -13.215  -10.452
   -9.226   -9.179   -9.139   -9.097   -8.652   -8.635   -8.626   -7.381   -7.375   -6.931
   -5.155   -3.461   -3.440   -3.258   -3.247   -1.922   -1.626    1.085    1.690    1.724
    2.199    2.281    2.314    2.399    3.063
            0.020000  0.011547  0.000000
  -77.747  -48.998  -48.998  -48.833  -23.499  -23.380  -21.031  -19.644  -13.218  -10.453
   -9.206   -9.176   -9.120   -9.094   -8.646   -8.640   -8.627   -7.376   -7.372   -6.937
   -5.153   -3.457   -3.444   -3.252   -3.245   -1.938   -1.639    1.075    1.686    1.721
    2.219    2.272    2.334    2.390    3.043
            0.015000  0.008660  0.000000
  -77.748  -48.998  -48.998  -48.833  -23.502  -23.382  -21.032  -19.645  -13.220  -10.453
   -9.190   -9.173   -9.105   -9.091   -8.648   -8.638   -8.629   -7.372   -7.370   -6.941
   -5.151   -3.454   -3.446   -3.247   -3.243   -1.950   -1.650    1.067    1.683    1.719
    2.234    2.265    2.350    2.382    3.026
            0.010000  0.005774  0.000000
  -77.748  -48.998  -48.998  -48.833  -23.503  -23.384  -21.034  -19.646  -13.221  -10.454
   -9.179   -9.172   -9.095   -9.089   -8.652   -8.634   -8.630   -7.369   -7.368   -6.945
   -5.150   -3.451   -3.448   -3.244   -3.242   -1.959   -1.657    1.062    1.680    1.717
    2.246    2.259    2.363    2.377    3.014
            0.005000  0.002887  0.000000
  -77.748  -48.998  -48.998  -48.833  -23.505  -23.385  -21.034  -19.646  -13.222  -10.454
   -9.172   -9.170   -9.089   -9.087   -8.655   -8.632   -8.631   -7.368   -7.366   -6.947
   -5.150   -3.450   -3.449   -3.242   -3.241   -1.965   -1.662    1.058    1.679    1.716
    2.253    2.256    2.370    2.374    3.006
            0.000000  0.000000  0.000000
  -77.748  -48.998  -48.998  -48.833  -23.505  -23.386  -21.035  -19.646  -13.222  -10.454
   -9.170   -9.170   -9.088   -9.085   -8.656   -8.631   -8.631   -7.367   -7.366   -6.947
   -5.150   -3.450   -3.449   -3.241   -3.241   -1.967   -1.663    1.057    1.678    1.716
    2.255    2.256    2.373    2.373    3.004
