 &plot nbnd=  35, nks=   261 /
            0.000000  0.000000  0.000000
  -77.762  -48.981  -48.981  -48.903  -24.259  -24.168  -21.556  -20.154  -13.770  -11.111
   -9.210   -9.210   -9.204   -9.153   -9.153   -8.744   -8.744   -7.454   -7.453   -7.316
   -5.263   -3.284   -3.283   -3.100   -3.100   -1.059   -0.762    1.712    1.936    1.978
    3.002    3.002    3.085    3.086    3.409
            0.003333  0.005774  0.000000
  -77.762  -48.981  -48.981  -48.903  -24.258  -24.168  -21.555  -20.154  -13.769  -11.111
   -9.227   -9.211   -9.190   -9.155   -9.153   -8.745   -8.744   -7.456   -7.453   -7.314
   -5.264   -3.283   -3.283   -3.101   -3.100   -1.057   -0.760    1.714    1.936    1.979
    2.997    3.003    3.081    3.087    3.415
            0.006667  0.011547  0.000000
  -77.762  -48.981  -48.981  -48.903  -24.256  -24.166  -21.554  -20.153  -13.768  -11.111
   -9.250   -9.212   -9.178   -9.159   -9.155   -8.749   -8.743   -7.463   -7.455   -7.307
   -5.265   -3.285   -3.281   -3.103   -3.101   -1.050   -0.754    1.719    1.939    1.980
    2.983    3.008    3.067    3.091    3.432
            0.010000  0.017321  0.000000
  -77.762  -48.981  -48.981  -48.903  -24.253  -24.163  -21.552  -20.152  -13.766  -11.110
   -9.275   -9.215   -9.185   -9.159   -9.152   -8.754   -8.741   -7.472   -7.458   -7.298
   -5.267   -3.288   -3.278   -3.107   -3.103   -1.039   -0.745    1.727    1.942    1.982
    2.959    3.015    3.046    3.099    3.457
            0.013333  0.023094  0.000000
  -77.761  -48.982  -48.981  -48.903  -24.250  -24.160  -21.549  -20.150  -13.763  -11.108
   -9.303   -9.220   -9.202   -9.163   -9.140   -8.762   -8.739   -7.485   -7.462   -7.286
   -5.269   -3.292   -3.274   -3.113   -3.106   -1.024   -0.732    1.739    1.948    1.986
    2.928    3.020    3.027    3.109    3.488
            0.016667  0.028868  0.000000
  -77.761  -48.983  -48.981  -48.903  -24.244  -24.155  -21.545  -20.148  -13.759  -11.106
   -9.333   -9.234   -9.218   -9.168   -9.127   -8.771   -8.736   -7.498   -7.468   -7.274
   -5.273   -3.297   -3.269   -3.120   -3.109   -1.005   -0.715    1.754    1.954    1.990
    2.891    2.991    3.039    3.122    3.523
            0.020000  0.034641  0.000000
  -77.761  -48.984  -48.981  -48.903  -24.238  -24.149  -21.540  -20.146  -13.754  -11.104
   -9.367   -9.263   -9.226   -9.175   -9.116   -8.783   -8.733   -7.513   -7.474   -7.261
   -5.277   -3.303   -3.263   -3.129   -3.113   -0.983   -0.696    1.772    1.962    1.994
    2.850    2.958    3.056    3.139    3.560
            0.023333  0.040415  0.000000
  -77.761  -48.985  -48.982  -48.903  -24.231  -24.141  -21.535  -20.143  -13.748  -11.101
   -9.404   -9.299   -9.233   -9.184   -9.105   -8.797   -8.729   -7.528   -7.482   -7.247
   -5.282   -3.310   -3.256   -3.139   -3.118   -0.956   -0.672    1.794    1.971    2.000
    2.805    2.922    3.075    3.158    3.599
            0.026667  0.046188  0.000000
  -77.761  -48.986  -48.982  -48.902  -24.223  -24.133  -21.529  -20.139  -13.741  -11.098
   -9.444   -9.340   -9.241   -9.194   -9.094   -8.812   -8.724   -7.543   -7.492   -7.234
   -5.288   -3.318   -3.247   -3.149   -3.123   -0.927   -0.646    1.818    1.981    2.006
    2.758    2.883    3.097    3.180    3.638
            0.030000  0.051962  0.000000
  -77.761  -48.987  -48.982  -48.902  -24.213  -24.124  -21.521  -20.135  -13.734  -11.095
   -9.487   -9.386   -9.250   -9.205   -9.083   -8.828   -8.719   -7.559   -7.502   -7.222
   -5.295   -3.326   -3.238   -3.161   -3.129   -0.894   -0.617    1.845    1.992    2.012
    2.709    2.841    3.122    3.206    3.679
            0.033333  0.057735  0.000000
  -77.761  -48.989  -48.983  -48.902  -24.203  -24.113  -21.513  -20.131  -13.726  -11.091
   -9.534   -9.435   -9.260   -9.218   -9.073   -8.846   -8.713   -7.574   -7.514   -7.210
   -5.303   -3.335   -3.228   -3.173   -3.135   -0.858   -0.586    1.874    2.004    2.019
    2.660    2.798    3.151    3.234    3.720
            0.036667  0.063509  0.000000
  -77.760  -48.990  -48.983  -48.902  -24.191  -24.102  -21.505  -20.126  -13.717  -11.087
   -9.583   -9.489   -9.272   -9.232   -9.063   -8.865   -8.707   -7.590   -7.528   -7.198
   -5.312   -3.344   -3.219   -3.185   -3.141   -0.820   -0.552    1.906    2.015    2.026
    2.610    2.753    3.182    3.265    3.762
            0.040000  0.069282  0.000000
  -77.760  -48.992  -48.983  -48.901  -24.178  -24.089  -21.495  -20.121  -13.707  -11.083
   -9.636   -9.547   -9.285   -9.249   -9.054   -8.884   -8.699   -7.606   -7.543   -7.188
   -5.322   -3.353   -3.211   -3.196   -3.147   -0.779   -0.515    1.939    2.025    2.034
    2.560    2.708    3.215    3.300    3.805
            0.043333  0.075056  0.000000
  -77.760  -48.994  -48.984  -48.901  -24.164  -24.075  -21.485  -20.116  -13.696  -11.078
   -9.692   -9.608   -9.300   -9.266   -9.044   -8.904   -8.692   -7.622   -7.559   -7.179
   -5.334   -3.362   -3.214   -3.198   -3.150   -0.736   -0.477    1.971    2.034    2.043
    2.512    2.665    3.252    3.337    3.847
            0.046667  0.080829  0.000000
  -77.760  -48.996  -48.984  -48.901  -24.149  -24.061  -21.474  -20.110  -13.685  -11.073
   -9.751   -9.673   -9.316   -9.285   -9.036   -8.924   -8.683   -7.637   -7.577   -7.170
   -5.346   -3.372   -3.226   -3.197   -3.148   -0.691   -0.437    1.996    2.046    2.053
    2.467    2.623    3.291    3.378    3.890
            0.050000  0.086603  0.000000
  -77.759  -48.998  -48.985  -48.900  -24.133  -24.045  -21.462  -20.104  -13.672  -11.068
   -9.812   -9.740   -9.334   -9.305   -9.029   -8.942   -8.674   -7.653   -7.597   -7.163
   -5.360   -3.381   -3.239   -3.202   -3.139   -0.645   -0.396    2.006    2.054    2.077
    2.426    2.585    3.333    3.422    3.934
            0.053333  0.092376  0.000000
  -77.759  -49.001  -48.985  -48.900  -24.116  -24.028  -21.449  -20.097  -13.660  -11.062
   -9.877   -9.809   -9.355   -9.326   -9.028   -8.956   -8.665   -7.669   -7.617   -7.157
   -5.375   -3.390   -3.252   -3.210   -3.125   -0.598   -0.353    2.002    2.053    2.114
    2.392    2.552    3.377    3.468    3.978
            0.056667  0.098150  0.000000
  -77.759  -49.003  -48.986  -48.899  -24.098  -24.010  -21.435  -20.090  -13.646  -11.057
   -9.943   -9.881   -9.378   -9.348   -9.034   -8.962   -8.655   -7.684   -7.640   -7.151
   -5.391   -3.398   -3.264   -3.221   -3.110   -0.549   -0.310    1.989    2.043    2.155
    2.368    2.525    3.423    3.518    4.023
            0.060000  0.103923  0.000000
  -77.758  -49.006  -48.987  -48.899  -24.078  -23.991  -21.421  -20.082  -13.632  -11.051
  -10.012   -9.955   -9.404   -9.371   -9.050   -8.959   -8.644   -7.700   -7.663   -7.147
   -5.408   -3.407   -3.276   -3.234   -3.092   -0.499   -0.265    1.969    2.023    2.197
    2.355    2.507    3.470    3.570    4.068
            0.063333  0.109697  0.000000
  -77.758  -49.008  -48.987  -48.898  -24.058  -23.971  -21.406  -20.074  -13.617  -11.046
  -10.084  -10.031   -9.432   -9.394   -9.070   -8.951   -8.632   -7.717   -7.687   -7.145
   -5.427   -3.414   -3.288   -3.247   -3.073   -0.449   -0.220    1.941    1.993    2.240
    2.354    2.497    3.519    3.626    4.114
            0.066667  0.115470  0.000000
  -77.758  -49.011  -48.988  -48.898  -24.037  -23.950  -21.391  -20.066  -13.602  -11.040
  -10.157  -10.108   -9.463   -9.419   -9.093   -8.941   -8.620   -7.736   -7.711   -7.143
   -5.446   -3.422   -3.299   -3.262   -3.054   -0.399   -0.175    1.906    1.955    2.282
    2.362    2.496    3.569    3.684    4.162
            0.070000  0.121244  0.000000
  -77.757  -49.014  -48.989  -48.897  -24.014  -23.927  -21.375  -20.058  -13.587  -11.035
  -10.232  -10.186   -9.495   -9.444   -9.118   -8.929   -8.607   -7.759   -7.731   -7.142
   -5.467   -3.428   -3.310   -3.277   -3.033   -0.348   -0.129    1.865    1.912    2.321
    2.378    2.505    3.620    3.744    4.211
            0.073333  0.127017  0.000000
  -77.757  -49.017  -48.990  -48.897  -23.991  -23.904  -21.358  -20.049  -13.570  -11.030
  -10.309  -10.265   -9.530   -9.471   -9.144   -8.917   -8.594   -7.787   -7.748   -7.142
   -5.488   -3.434   -3.320   -3.293   -3.012   -0.297   -0.083    1.820    1.865    2.356
    2.400    2.523    3.670    3.807    4.261
            0.076667  0.132791  0.000000
  -77.757  -49.020  -48.990  -48.896  -23.966  -23.880  -21.340  -20.039  -13.554  -11.026
  -10.387  -10.344   -9.567   -9.498   -9.170   -8.904   -8.580   -7.818   -7.762   -7.143
   -5.511   -3.440   -3.330   -3.309   -2.990   -0.247   -0.038    1.772    1.816    2.387
    2.426    2.550    3.720    3.873    4.314
            0.080000  0.138564  0.000000
  -77.756  -49.024  -48.991  -48.896  -23.941  -23.855  -21.322  -20.030  -13.537  -11.024
  -10.466  -10.422   -9.606   -9.528   -9.197   -8.890   -8.566   -7.851   -7.776   -7.146
   -5.534   -3.445   -3.340   -3.326   -2.967   -0.197    0.007    1.722    1.766    2.414
    2.454    2.586    3.769    3.940    4.369
            0.083333  0.144338  0.000000
  -77.756  -49.027  -48.992  -48.895  -23.914  -23.829  -21.303  -20.020  -13.520  -11.023
  -10.545  -10.500   -9.646   -9.558   -9.224   -8.876   -8.552   -7.886   -7.789   -7.149
   -5.558   -3.450   -3.351   -3.341   -2.944   -0.147    0.052    1.671    1.716    2.440
    2.482    2.628    3.816    4.008    4.427
            0.086667  0.150111  0.000000
  -77.755  -49.030  -48.993  -48.894  -23.886  -23.801  -21.284  -20.010  -13.502  -11.027
  -10.624  -10.576   -9.688   -9.590   -9.252   -8.861   -8.537   -7.923   -7.801   -7.153
   -5.583   -3.455   -3.366   -3.351   -2.921   -0.099    0.096    1.621    1.665    2.465
    2.511    2.674    3.860    4.077    4.488
            0.090000  0.155885  0.000000
  -77.755  -49.034  -48.994  -48.894  -23.858  -23.773  -21.264  -20.000  -13.485  -11.036
  -10.703  -10.647   -9.731   -9.624   -9.280   -8.846   -8.521   -7.961   -7.813   -7.158
   -5.608   -3.459   -3.383   -3.358   -2.897   -0.051    0.138    1.570    1.615    2.489
    2.541    2.723    3.902    4.148    4.552
            0.093333  0.161658  0.000000
  -77.754  -49.037  -48.995  -48.893  -23.828  -23.744  -21.243  -19.989  -13.467  -11.055
  -10.782  -10.710   -9.776   -9.659   -9.308   -8.831   -8.506   -8.000   -7.824   -7.164
   -5.634   -3.465   -3.401   -3.364   -2.872   -0.005    0.180    1.521    1.566    2.513
    2.572    2.773    3.941    4.218    4.619
            0.096667  0.167432  0.000000
  -77.754  -49.041  -48.996  -48.892  -23.798  -23.714  -21.222  -19.978  -13.450  -11.087
  -10.860  -10.760   -9.822   -9.695   -9.337   -8.815   -8.490   -8.041   -7.834   -7.171
   -5.661   -3.471   -3.418   -3.368   -2.848    0.039    0.221    1.473    1.518    2.536
    2.604    2.825    3.977    4.287    4.690
            0.100000  0.173205  0.000000
  -77.753  -49.045  -48.997  -48.892  -23.766  -23.683  -21.201  -19.967  -13.433  -11.136
  -10.938  -10.794   -9.870   -9.733   -9.367   -8.800   -8.474   -8.083   -7.843   -7.178
   -5.688   -3.480   -3.434   -3.371   -2.823    0.082    0.259    1.427    1.473    2.558
    2.638    2.878    4.010    4.355    4.763
            0.103333  0.178979  0.000000
  -77.753  -49.048  -48.998  -48.891  -23.734  -23.651  -21.179  -19.956  -13.416  -11.198
  -11.017  -10.814   -9.918   -9.772   -9.397   -8.784   -8.459   -8.125   -7.852   -7.187
   -5.715   -3.493   -3.446   -3.372   -2.798    0.122    0.296    1.383    1.429    2.580
    2.672    2.931    4.040    4.421    4.839
            0.106667  0.184752  0.000000
  -77.752  -49.052  -49.000  -48.890  -23.701  -23.618  -21.157  -19.944  -13.400  -11.270
  -11.095  -10.823   -9.967   -9.812   -9.427   -8.768   -8.444   -8.168   -7.860   -7.196
   -5.742   -3.509   -3.456   -3.373   -2.772    0.160    0.331    1.342    1.388    2.601
    2.707    2.984    4.067    4.485    4.917
            0.110000  0.190526  0.000000
  -77.752  -49.056  -49.001  -48.889  -23.666  -23.584  -21.134  -19.933  -13.384  -11.349
  -11.173  -10.826  -10.018   -9.854   -9.457   -8.752   -8.430   -8.210   -7.867   -7.205
   -5.769   -3.528   -3.464   -3.372   -2.747    0.195    0.363    1.305    1.351    2.621
    2.742    3.038    4.092    4.546    4.997
            0.113333  0.196299  0.000000
  -77.751  -49.060  -49.002  -48.889  -23.631  -23.549  -21.111  -19.921  -13.369  -11.432
  -11.250  -10.825  -10.069   -9.897   -9.488   -8.736   -8.418   -8.252   -7.874   -7.216
   -5.797   -3.548   -3.471   -3.369   -2.722    0.226    0.393    1.271    1.317    2.641
    2.778    3.093    4.115    4.603    5.077
            0.116667  0.202073  0.000000
  -77.751  -49.064  -49.003  -48.888  -23.595  -23.514  -21.087  -19.909  -13.355  -11.517
  -11.326  -10.821  -10.122   -9.941   -9.519   -8.721   -8.411   -8.289   -7.879   -7.227
   -5.824   -3.569   -3.478   -3.366   -2.697    0.253    0.418    1.242    1.287    2.659
    2.815    3.147    4.136    4.656    5.158
            0.120000  0.207846  0.000000
  -77.750  -49.068  -49.005  -48.887  -23.558  -23.477  -21.063  -19.897  -13.342  -11.603
  -11.400  -10.815  -10.175   -9.987   -9.550   -8.705   -8.416   -8.314   -7.884   -7.239
   -5.851   -3.591   -3.485   -3.361   -2.672    0.276    0.440    1.218    1.262    2.676
    2.851    3.201    4.155    4.707    5.239
            0.123333  0.213620  0.000000
  -77.750  -49.071  -49.006  -48.886  -23.521  -23.440  -21.039  -19.885  -13.330  -11.690
  -11.472  -10.808  -10.229  -10.034   -9.581   -8.690   -8.440   -8.321   -7.888   -7.251
   -5.878   -3.613   -3.492   -3.355   -2.647    0.294    0.458    1.200    1.242    2.692
    2.888    3.256    4.174    4.754    5.319
            0.126667  0.219393  0.000000
  -77.749  -49.075  -49.007  -48.886  -23.482  -23.402  -21.015  -19.873  -13.320  -11.778
  -11.543  -10.801  -10.283  -10.081   -9.613   -8.676   -8.477   -8.316   -7.891   -7.264
   -5.904   -3.635   -3.499   -3.348   -2.623    0.307    0.471    1.187    1.228    2.707
    2.924    3.312    4.191    4.798    5.397
            0.130000  0.225167  0.000000
  -77.749  -49.079  -49.009  -48.885  -23.443  -23.363  -20.990  -19.860  -13.313  -11.865
  -11.610  -10.793  -10.339  -10.130   -9.644   -8.664   -8.517   -8.306   -7.893   -7.278
   -5.931   -3.658   -3.507   -3.340   -2.599    0.314    0.479    1.180    1.220    2.721
    2.960    3.367    4.209    4.840    5.473
            0.133333  0.230940  0.000000
  -77.748  -49.083  -49.010  -48.884  -23.402  -23.324  -20.965  -19.848  -13.307  -11.953
  -11.675  -10.785  -10.394  -10.180   -9.676   -8.657   -8.555   -8.294   -7.893   -7.292
   -5.956   -3.680   -3.515   -3.332   -2.575    0.317    0.482    1.179    1.218    2.733
    2.996    3.423    4.227    4.879    5.545
            0.136667  0.236714  0.000000
  -77.748  -49.087  -49.012  -48.883  -23.362  -23.283  -20.940  -19.836  -13.305  -12.040
  -11.737  -10.777  -10.451  -10.230   -9.708   -8.666   -8.579   -8.282   -7.893   -7.307
   -5.981   -3.702   -3.524   -3.322   -2.552    0.314    0.481    1.184    1.221    2.744
    3.031    3.479    4.245    4.916    5.614
            0.140000  0.242487  0.000000
  -77.747  -49.091  -49.013  -48.882  -23.320  -23.242  -20.915  -19.823  -13.305  -12.127
  -11.794  -10.770  -10.508  -10.280   -9.739   -8.697   -8.582   -8.270   -7.892   -7.322
   -6.006   -3.724   -3.533   -3.312   -2.529    0.308    0.475    1.193    1.230    2.754
    3.066    3.536    4.264    4.951    5.677
            0.143333  0.248261  0.000000
  -77.746  -49.095  -49.015  -48.882  -23.277  -23.200  -20.890  -19.811  -13.309  -12.213
  -11.848  -10.764  -10.565  -10.330   -9.771   -8.740   -8.573   -8.259   -7.890   -7.338
   -6.029   -3.746   -3.542   -3.302   -2.507    0.297    0.465    1.207    1.244    2.762
    3.099    3.593    4.284    4.984    5.735
            0.146667  0.254034  0.000000
  -77.746  -49.099  -49.017  -48.881  -23.234  -23.158  -20.865  -19.799  -13.316  -12.299
  -11.897  -10.760  -10.622  -10.379   -9.802   -8.787   -8.561   -8.248   -7.886   -7.354
   -6.052   -3.767   -3.551   -3.291   -2.486    0.284    0.452    1.224    1.262    2.770
    3.132    3.651    4.306    5.015    5.786
            0.150000  0.259808  0.000000
  -77.745  -49.103  -49.018  -48.880  -23.191  -23.114  -20.840  -19.787  -13.328  -12.384
  -11.941  -10.759  -10.679  -10.427   -9.834   -8.835   -8.547   -8.238   -7.882   -7.371
   -6.074   -3.789   -3.561   -3.279   -2.465    0.268    0.437    1.245    1.284    2.777
    3.163    3.709    4.330    5.043    5.829
            0.153333  0.265581  0.000000
  -77.745  -49.107  -49.020  -48.879  -23.146  -23.070  -20.815  -19.775  -13.343  -12.467
  -11.980  -10.768  -10.732  -10.470   -9.864   -8.885   -8.533   -8.230   -7.876   -7.388
   -6.095   -3.809   -3.572   -3.267   -2.445    0.251    0.420    1.268    1.308    2.784
    3.193    3.767    4.356    5.067    5.863
            0.156667  0.271355  0.000000
  -77.744  -49.110  -49.022  -48.878  -23.101  -23.026  -20.790  -19.763  -13.363  -12.550
  -12.014  -10.807  -10.761  -10.508   -9.895   -8.935   -8.519   -8.223   -7.869   -7.405
   -6.115   -3.829   -3.582   -3.255   -2.426    0.233    0.402    1.294    1.335    2.790
    3.222    3.826    4.385    5.089    5.884
            0.160000  0.277128  0.000000
  -77.744  -49.114  -49.023  -48.878  -23.056  -22.981  -20.765  -19.752  -13.387  -12.632
  -12.043  -10.864  -10.782  -10.537   -9.925   -8.984   -8.506   -8.217   -7.862   -7.423
   -6.134   -3.849   -3.593   -3.242   -2.408    0.214    0.382    1.321    1.363    2.795
    3.250    3.885    4.417    5.106    5.892
            0.163333  0.282902  0.000000
  -77.743  -49.118  -49.025  -48.877  -23.009  -22.935  -20.740  -19.740  -13.416  -12.713
  -12.067  -10.923  -10.813  -10.556   -9.955   -9.034   -8.492   -8.213   -7.853   -7.441
   -6.152   -3.868   -3.604   -3.229   -2.391    0.195    0.362    1.350    1.392    2.801
    3.276    3.943    4.451    5.120    5.883
            0.166667  0.288675  0.000000
  -77.743  -49.121  -49.027  -48.876  -22.963  -22.889  -20.715  -19.729  -13.448  -12.792
  -12.085  -10.982  -10.852  -10.566   -9.985   -9.083   -8.479   -8.210   -7.844   -7.459
   -6.169   -3.887   -3.616   -3.216   -2.375    0.176    0.342    1.379    1.423    2.807
    3.300    4.002    4.488    5.129    5.858
            0.170000  0.294449  0.000000
  -77.742  -49.125  -49.029  -48.875  -22.915  -22.843  -20.691  -19.718  -13.484  -12.871
  -12.099  -11.042  -10.900  -10.568  -10.013   -9.132   -8.466   -8.209   -7.834   -7.477
   -6.184   -3.905   -3.627   -3.202   -2.360    0.157    0.322    1.410    1.453    2.814
    3.323    4.059    4.528    5.135    5.820
            0.173333  0.300222  0.000000
  -77.741  -49.128  -49.031  -48.874  -22.868  -22.795  -20.667  -19.707  -13.523  -12.947
  -12.109  -11.103  -10.952  -10.566  -10.042   -9.181   -8.453   -8.210   -7.823   -7.495
   -6.199   -3.923   -3.639   -3.188   -2.346    0.138    0.302    1.440    1.485    2.821
    3.345    4.115    4.572    5.137    5.774
            0.176667  0.305996  0.000000
  -77.741  -49.131  -49.033  -48.874  -22.820  -22.748  -20.643  -19.697  -13.565  -13.023
  -12.115  -11.163  -11.008  -10.561  -10.070   -9.228   -8.441   -8.212   -7.812   -7.513
   -6.211   -3.940   -3.650   -3.174   -2.333    0.121    0.283    1.471    1.516    2.829
    3.366    4.169    4.618    5.137    5.721
            0.180000  0.311769  0.000000
  -77.740  -49.135  -49.035  -48.873  -22.771  -22.700  -20.620  -19.687  -13.609  -13.097
  -12.117  -11.224  -11.067  -10.554  -10.097   -9.275   -8.430   -8.215   -7.801   -7.531
   -6.223   -3.956   -3.662   -3.160   -2.321    0.104    0.264    1.502    1.548    2.837
    3.386    4.220    4.668    5.136    5.664
            0.183333  0.317543  0.000000
  -77.740  -49.138  -49.037  -48.872  -22.723  -22.652  -20.597  -19.677  -13.655  -13.169
  -12.116  -11.285  -11.127  -10.546  -10.123   -9.321   -8.420   -8.221   -7.791   -7.547
   -6.233   -3.973   -3.673   -3.146   -2.310    0.088    0.246    1.532    1.580    2.847
    3.405    4.268    4.720    5.136    5.605
            0.186667  0.323316  0.000000
  -77.739  -49.141  -49.039  -48.871  -22.673  -22.603  -20.574  -19.668  -13.703  -13.239
  -12.113  -11.346  -11.188  -10.538  -10.149   -9.366   -8.410   -8.227   -7.781   -7.562
   -6.241   -3.989   -3.684   -3.132   -2.300    0.073    0.228    1.562    1.612    2.859
    3.423    4.310    4.775    5.139    5.545
            0.190000  0.329090  0.000000
  -77.739  -49.144  -49.041  -48.871  -22.624  -22.555  -20.552  -19.658  -13.752  -13.308
  -12.107  -11.406  -11.251  -10.529  -10.174   -9.410   -8.402   -8.235   -7.773   -7.576
   -6.249   -4.005   -3.695   -3.118   -2.292    0.059    0.211    1.591    1.644    2.871
    3.440    4.346    4.833    5.146    5.484
            0.193333  0.334863  0.000000
  -77.738  -49.147  -49.043  -48.870  -22.575  -22.506  -20.531  -19.650  -13.801  -13.375
  -12.100  -11.466  -11.314  -10.520  -10.198   -9.452   -8.396   -8.244   -7.766   -7.586
   -6.254   -4.020   -3.705   -3.104   -2.284    0.046    0.195    1.619    1.677    2.886
    3.457    4.374    4.893    5.159    5.424
            0.196667  0.340637  0.000000
  -77.738  -49.150  -49.045  -48.869  -22.525  -22.457  -20.510  -19.642  -13.850  -13.441
  -12.092  -11.526  -11.378  -10.512  -10.222   -9.493   -8.392   -8.253   -7.763   -7.593
   -6.258   -4.036   -3.715   -3.089   -2.278    0.034    0.180    1.645    1.709    2.901
    3.474    4.395    4.954    5.178    5.366
            0.200000  0.346410  0.000000
  -77.737  -49.152  -49.047  -48.868  -22.475  -22.407  -20.489  -19.634  -13.900  -13.504
  -12.083  -11.584  -11.442  -10.504  -10.245   -9.532   -8.391   -8.262   -7.763   -7.596
   -6.261   -4.052   -3.723   -3.075   -2.273    0.023    0.166    1.670    1.743    2.919
    3.491    4.407    5.017    5.199    5.317
            0.203333  0.352184  0.000000
  -77.737  -49.155  -49.049  -48.868  -22.425  -22.358  -20.470  -19.627  -13.949  -13.566
  -12.075  -11.641  -11.507  -10.497  -10.267   -9.569   -8.394   -8.270   -7.768   -7.594
   -6.262   -4.069   -3.731   -3.061   -2.269    0.012    0.152    1.693    1.776    2.938
    3.508    4.412    5.077    5.202    5.299
            0.206667  0.357957  0.000000
  -77.736  -49.157  -49.051  -48.867  -22.375  -22.309  -20.451  -19.620  -13.997  -13.625
  -12.067  -11.696  -11.571  -10.491  -10.288   -9.604   -8.402   -8.275   -7.775   -7.589
   -6.262   -4.086   -3.738   -3.047   -2.266    0.003    0.140    1.715    1.810    2.959
    3.524    4.410    5.113    5.193    5.327
            0.210000  0.363731  0.000000
  -77.736  -49.160  -49.053  -48.866  -22.325  -22.260  -20.432  -19.613  -14.045  -13.682
  -12.063  -11.746  -11.636  -10.486  -10.308   -9.637   -8.415   -8.279   -7.785   -7.580
   -6.260   -4.103   -3.743   -3.033   -2.264   -0.005    0.129    1.736    1.844    2.982
    3.541    4.403    5.085    5.236    5.376
            0.213333  0.369504  0.000000
  -77.735  -49.162  -49.056  -48.866  -22.276  -22.211  -20.415  -19.608  -14.092  -13.737
  -12.064  -11.790  -11.701  -10.483  -10.327   -9.666   -8.433   -8.281   -7.797   -7.568
   -6.257   -4.121   -3.747   -3.019   -2.263   -0.012    0.118    1.755    1.877    3.006
    3.558    4.393    5.036    5.296    5.435
            0.216667  0.375278  0.000000
  -77.735  -49.164  -49.058  -48.865  -22.226  -22.162  -20.398  -19.602  -14.137  -13.790
  -12.074  -11.825  -11.766  -10.482  -10.345   -9.693   -8.455   -8.283   -7.809   -7.555
   -6.253   -4.140   -3.750   -3.006   -2.263   -0.019    0.109    1.773    1.911    3.032
    3.576    4.379    4.985    5.354    5.500
            0.220000  0.381051  0.000000
  -77.734  -49.166  -49.060  -48.864  -22.177  -22.113  -20.382  -19.597  -14.182  -13.841
  -12.097  -11.848  -11.827  -10.483  -10.362   -9.717   -8.480   -8.284   -7.821   -7.541
   -6.247   -4.159   -3.751   -2.992   -2.264   -0.024    0.101    1.789    1.945    3.059
    3.593    4.364    4.934    5.402    5.570
            0.223333  0.386825  0.000000
  -77.734  -49.168  -49.063  -48.864  -22.128  -22.065  -20.367  -19.593  -14.224  -13.889
  -12.133  -11.899  -11.849  -10.487  -10.378   -9.737   -8.508   -8.286   -7.833   -7.525
   -6.240   -4.180   -3.751   -2.978   -2.266   -0.030    0.094    1.804    1.978    3.088
    3.611    4.348    4.886    5.436    5.644
            0.226667  0.392598  0.000000
  -77.734  -49.170  -49.065  -48.863  -22.079  -22.017  -20.353  -19.589  -14.265  -13.935
  -12.177  -11.963  -11.846  -10.493  -10.392   -9.753   -8.539   -8.289   -7.844   -7.509
   -6.232   -4.201   -3.749   -2.965   -2.268   -0.034    0.088    1.819    2.011    3.118
    3.629    4.331    4.839    5.450    5.721
            0.230000  0.398372  0.000000
  -77.733  -49.171  -49.067  -48.863  -22.031  -21.969  -20.339  -19.586  -14.305  -13.979
  -12.228  -12.027  -11.836  -10.503  -10.405   -9.766   -8.572   -8.294   -7.853   -7.493
   -6.223   -4.222   -3.746   -2.952   -2.272   -0.038    0.083    1.832    2.043    3.150
    3.647    4.315    4.796    5.447    5.798
            0.233333  0.404145  0.000000
  -77.733  -49.173  -49.070  -48.862  -21.983  -21.922  -20.327  -19.583  -14.342  -14.020
  -12.282  -12.092  -11.821  -10.514  -10.417   -9.776   -8.607   -8.300   -7.861   -7.477
   -6.213   -4.245   -3.742   -2.939   -2.276   -0.041    0.080    1.844    2.074    3.182
    3.666    4.300    4.755    5.432    5.871
            0.236667  0.409919  0.000000
  -77.732  -49.174  -49.072  -48.861  -21.936  -21.875  -20.315  -19.581  -14.377  -14.059
  -12.339  -12.156  -11.803  -10.528  -10.429   -9.781   -8.643   -8.309   -7.867   -7.460
   -6.202   -4.268   -3.737   -2.926   -2.281   -0.044    0.078    1.855    2.105    3.215
    3.684    4.285    4.719    5.410    5.936
            0.240000  0.415692  0.000000
  -77.732  -49.175  -49.074  -48.861  -21.890  -21.829  -20.304  -19.579  -14.410  -14.094
  -12.396  -12.220  -11.783  -10.544  -10.440   -9.783   -8.681   -8.320   -7.871   -7.444
   -6.190   -4.292   -3.730   -2.913   -2.287   -0.047    0.076    1.865    2.134    3.249
    3.702    4.273    4.686    5.383    5.991
            0.243333  0.421466  0.000000
  -77.732  -49.176  -49.077  -48.860  -21.844  -21.784  -20.294  -19.578  -14.442  -14.128
  -12.454  -12.284  -11.762  -10.560  -10.451   -9.782   -8.721   -8.333   -7.874   -7.427
   -6.178   -4.316   -3.722   -2.901   -2.293   -0.049    0.076    1.875    2.163    3.284
    3.721    4.261    4.657    5.354    6.030
            0.246667  0.427239  0.000000
  -77.731  -49.177  -49.079  -48.860  -21.799  -21.740  -20.285  -19.577  -14.470  -14.158
  -12.513  -12.347  -11.739  -10.578  -10.462   -9.779   -8.761   -8.348   -7.874   -7.411
   -6.164   -4.340   -3.713   -2.888   -2.300   -0.050    0.077    1.884    2.189    3.320
    3.738    4.252    4.632    5.323    6.049
            0.250000  0.433013  0.000000
  -77.731  -49.178  -49.082  -48.859  -21.755  -21.697  -20.277  -19.577  -14.497  -14.186
  -12.572  -12.410  -11.715  -10.597  -10.473   -9.772   -8.803   -8.366   -7.874   -7.395
   -6.151   -4.365   -3.704   -2.876   -2.308   -0.051    0.079    1.892    2.215    3.356
    3.756    4.245    4.611    5.291    6.051
            0.253333  0.438786  0.000000
  -77.731  -49.178  -49.084  -48.859  -21.712  -21.654  -20.270  -19.577  -14.521  -14.211
  -12.630  -12.473  -11.690  -10.616  -10.483   -9.763   -8.845   -8.385   -7.871   -7.379
   -6.136   -4.390   -3.693   -2.864   -2.316   -0.052    0.082    1.900    2.238    3.392
    3.773    4.240    4.595    5.259    6.041
            0.256667  0.444560  0.000000
  -77.730  -49.179  -49.087  -48.859  -21.671  -21.613  -20.263  -19.577  -14.543  -14.234
  -12.688  -12.535  -11.665  -10.635  -10.492   -9.753   -8.887   -8.406   -7.867   -7.364
   -6.122   -4.415   -3.682   -2.852   -2.325   -0.052    0.086    1.907    2.260    3.429
    3.790    4.238    4.582    5.227    6.025
            0.260000  0.450333  0.000000
  -77.730  -49.179  -49.089  -48.858  -21.630  -21.572  -20.257  -19.578  -14.562  -14.253
  -12.747  -12.597  -11.638  -10.655  -10.501   -9.741   -8.930   -8.429   -7.863   -7.348
   -6.107   -4.440   -3.670   -2.841   -2.334   -0.051    0.091    1.913    2.279    3.466
    3.806    4.238    4.574    5.195    6.003
            0.263333  0.456107  0.000000
  -77.730  -49.179  -49.091  -48.858  -21.591  -21.533  -20.252  -19.579  -14.578  -14.270
  -12.804  -12.658  -11.612  -10.674  -10.509   -9.728   -8.973   -8.453   -7.857   -7.334
   -6.092   -4.466   -3.658   -2.829   -2.343   -0.050    0.096    1.920    2.296    3.504
    3.821    4.242    4.569    5.164    5.977
            0.266667  0.461880  0.000000
  -77.730  -49.179  -49.094  -48.857  -21.553  -21.496  -20.248  -19.581  -14.592  -14.284
  -12.861  -12.719  -11.584  -10.694  -10.517   -9.714   -9.016   -8.478   -7.851   -7.320
   -6.076   -4.491   -3.645   -2.818   -2.353   -0.049    0.103    1.925    2.310    3.542
    3.837    4.249    4.568    5.134    5.949
            0.270000  0.467654  0.000000
  -77.729  -49.179  -49.096  -48.857  -21.516  -21.459  -20.245  -19.582  -14.604  -14.295
  -12.918  -12.779  -11.556  -10.713  -10.523   -9.700   -9.058   -8.504   -7.845   -7.306
   -6.061   -4.516   -3.632   -2.807   -2.364   -0.047    0.110    1.930    2.322    3.580
    3.852    4.259    4.570    5.104    5.918
            0.273333  0.473427  0.000000
  -77.729  -49.179  -49.099  -48.857  -21.481  -21.424  -20.242  -19.584  -14.613  -14.303
  -12.974  -12.838  -11.528  -10.732  -10.527   -9.687   -9.099   -8.531   -7.838   -7.293
   -6.045   -4.540   -3.618   -2.796   -2.374   -0.044    0.117    1.935    2.331    3.618
    3.868    4.271    4.574    5.076    5.884
            0.276667  0.479201  0.000000
  -77.729  -49.178  -49.101  -48.856  -21.447  -21.391  -20.240  -19.586  -14.619  -14.308
  -13.029  -12.897  -11.500  -10.751  -10.531   -9.676   -9.137   -8.558   -7.831   -7.280
   -6.030   -4.564   -3.604   -2.785   -2.385   -0.041    0.125    1.940    2.338    3.656
    3.884    4.287    4.581    5.049    5.849
            0.280000  0.484974  0.000000
  -77.729  -49.178  -49.104  -48.856  -21.416  -21.359  -20.238  -19.588  -14.623  -14.310
  -13.083  -12.955  -11.472  -10.769  -10.533   -9.666   -9.173   -8.587   -7.824   -7.268
   -6.015   -4.587   -3.591   -2.774   -2.396   -0.037    0.134    1.943    2.341    3.694
    3.901    4.304    4.590    5.023    5.811
            0.283333  0.490748  0.000000
  -77.729  -49.177  -49.106  -48.856  -21.386  -21.329  -20.237  -19.590  -14.625  -14.309
  -13.136  -13.012  -11.445  -10.786  -10.533   -9.661   -9.204   -8.615   -7.817   -7.257
   -6.000   -4.610   -3.577   -2.764   -2.407   -0.033    0.143    1.947    2.343    3.732
    3.920    4.324    4.601    4.999    5.771
            0.286667  0.496521  0.000000
  -77.728  -49.177  -49.109  -48.856  -21.358  -21.301  -20.236  -19.592  -14.624  -14.306
  -13.188  -13.069  -11.418  -10.802  -10.530   -9.660   -9.230   -8.644   -7.810   -7.246
   -5.986   -4.632   -3.564   -2.754   -2.419   -0.028    0.152    1.950    2.341    3.770
    3.939    4.345    4.613    4.977    5.729
            0.290000  0.502295  0.000000
  -77.728  -49.176  -49.111  -48.855  -21.331  -21.274  -20.236  -19.594  -14.621  -14.300
  -13.239  -13.124  -11.391  -10.818  -10.526   -9.667   -9.248   -8.673   -7.804   -7.236
   -5.972   -4.653   -3.550   -2.744   -2.430   -0.022    0.162    1.953    2.338    3.807
    3.960    4.368    4.627    4.955    5.685
            0.293333  0.508068  0.000000
  -77.728  -49.175  -49.113  -48.855  -21.307  -21.250  -20.236  -19.596  -14.615  -14.291
  -13.289  -13.179  -11.366  -10.832  -10.520   -9.680   -9.259   -8.703   -7.798   -7.227
   -5.958   -4.673   -3.537   -2.734   -2.441   -0.017    0.171    1.955    2.333    3.844
    3.981    4.392    4.642    4.935    5.639
            0.296667  0.513842  0.000000
  -77.728  -49.174  -49.116  -48.855  -21.285  -21.227  -20.236  -19.597  -14.608  -14.279
  -13.337  -13.232  -11.342  -10.846  -10.510   -9.701   -9.263   -8.732   -7.792   -7.219
   -5.946   -4.692   -3.525   -2.725   -2.452   -0.010    0.181    1.956    2.326    3.880
    4.005    4.417    4.659    4.916    5.591
            0.300000  0.519615  0.000000
  -77.728  -49.173  -49.118  -48.855  -21.264  -21.207  -20.236  -19.599  -14.598  -14.265
  -13.384  -13.284  -11.319  -10.858  -10.498   -9.728   -9.259   -8.762   -7.787   -7.211
   -5.934   -4.710   -3.513   -2.716   -2.463   -0.004    0.191    1.957    2.318    3.915
    4.029    4.443    4.677    4.897    5.541
            0.303333  0.525389  0.000000
  -77.728  -49.172  -49.120  -48.855  -21.246  -21.188  -20.236  -19.601  -14.587  -14.249
  -13.428  -13.335  -11.298  -10.870  -10.483   -9.761   -9.249   -8.791   -7.782   -7.204
   -5.922   -4.726   -3.502   -2.707   -2.474    0.003    0.200    1.958    2.309    3.948
    4.054    4.469    4.697    4.879    5.488
            0.306667  0.531162  0.000000
  -77.728  -49.171  -49.122  -48.854  -21.230  -21.171  -20.237  -19.602  -14.575  -14.231
  -13.470  -13.384  -11.280  -10.880  -10.464   -9.798   -9.235   -8.820   -7.778   -7.197
   -5.912   -4.741   -3.492   -2.699   -2.484    0.010    0.209    1.958    2.299    3.980
    4.080    4.496    4.719    4.861    5.434
            0.310000  0.536936  0.000000
  -77.728  -49.169  -49.124  -48.854  -21.216  -21.157  -20.237  -19.603  -14.562  -14.210
  -13.510  -13.430  -11.263  -10.890  -10.443   -9.837   -9.217   -8.849   -7.775   -7.192
   -5.903   -4.754   -3.482   -2.691   -2.494    0.017    0.218    1.958    2.290    4.010
    4.105    4.522    4.743    4.843    5.379
            0.313333  0.542709  0.000000
  -77.727  -49.168  -49.126  -48.854  -21.204  -21.144  -20.238  -19.604  -14.549  -14.189
  -13.546  -13.474  -11.249  -10.898  -10.418   -9.879   -9.197   -8.877   -7.771   -7.187
   -5.895   -4.766   -3.474   -2.684   -2.503    0.024    0.226    1.957    2.280    4.037
    4.130    4.550    4.769    4.824    5.321
            0.316667  0.548483  0.000000
  -77.727  -49.167  -49.128  -48.854  -21.194  -21.134  -20.238  -19.605  -14.536  -14.167
  -13.580  -13.515  -11.237  -10.904  -10.391   -9.921   -9.175   -8.905   -7.769   -7.183
   -5.888   -4.776   -3.466   -2.678   -2.511    0.031    0.233    1.956    2.271    4.062
    4.153    4.577    4.791    4.811    5.262
            0.320000  0.554256  0.000000
  -77.727  -49.166  -49.130  -48.854  -21.186  -21.125  -20.238  -19.605  -14.523  -14.145
  -13.609  -13.552  -11.227  -10.910  -10.361   -9.963   -9.152   -8.932   -7.767   -7.180
   -5.882   -4.784   -3.460   -2.672   -2.518    0.037    0.239    1.955    2.263    4.086
    4.173    4.604    4.783    4.832    5.202
            0.323333  0.560030  0.000000
  -77.727  -49.165  -49.131  -48.854  -21.180  -21.119  -20.239  -19.606  -14.512  -14.124
  -13.634  -13.582  -11.220  -10.914  -10.330  -10.004   -9.130   -8.958   -7.765   -7.178
   -5.877   -4.791   -3.455   -2.667   -2.524    0.042    0.244    1.954    2.256    4.107
    4.188    4.631    4.767    4.863    5.142
            0.326667  0.565803  0.000000
  -77.727  -49.164  -49.132  -48.854  -21.175  -21.114  -20.239  -19.606  -14.504  -14.107
  -13.654  -13.605  -11.215  -10.917  -10.300  -10.041   -9.107   -8.983   -7.764   -7.176
   -5.874   -4.795   -3.452   -2.664   -2.528    0.047    0.248    1.953    2.251    4.125
    4.197    4.656    4.752    4.897    5.083
            0.330000  0.571577  0.000000
  -77.727  -49.164  -49.133  -48.854  -21.173  -21.112  -20.239  -19.606  -14.498  -14.095
  -13.667  -13.620  -11.213  -10.919  -10.275  -10.070   -9.089   -9.003   -7.764   -7.175
   -5.872   -4.798   -3.450   -2.662   -2.531    0.049    0.250    1.952    2.248    4.140
    4.199    4.675    4.743    4.931    5.030
            0.333333  0.577350  0.000000
  -77.727  -49.163  -49.133  -48.854  -21.172  -21.111  -20.239  -19.606  -14.496  -14.091
  -13.672  -13.625  -11.212  -10.919  -10.265  -10.082   -9.080   -9.012   -7.763   -7.174
   -5.872   -4.799   -3.449   -2.661   -2.532    0.050    0.251    1.951    2.246    4.147
    4.198    4.683    4.740    4.951    5.002
            0.336111  0.572539  0.000000
  -77.727  -49.164  -49.133  -48.854  -21.172  -21.112  -20.239  -19.606  -14.498  -14.094
  -13.669  -13.621  -11.212  -10.919  -10.272  -10.074   -9.086   -9.005   -7.764   -7.175
   -5.872   -4.798   -3.450   -2.662   -2.531    0.050    0.250    1.952    2.247    4.140
    4.201    4.676    4.741    4.942    5.019
            0.338889  0.567728  0.000000
  -77.727  -49.164  -49.132  -48.854  -21.174  -21.113  -20.239  -19.606  -14.502  -14.104
  -13.658  -13.611  -11.214  -10.918  -10.293  -10.050   -9.100   -8.991   -7.764   -7.175
   -5.873   -4.797   -3.451   -2.663   -2.530    0.047    0.248    1.953    2.250    4.120
    4.209    4.654    4.744    4.936    5.050
            0.341667  0.562917  0.000000
  -77.727  -49.165  -49.131  -48.854  -21.177  -21.116  -20.239  -19.606  -14.509  -14.118
  -13.642  -13.593  -11.217  -10.916  -10.320  -10.018   -9.116   -8.973   -7.765   -7.176
   -5.875   -4.794   -3.454   -2.665   -2.527    0.043    0.245    1.955    2.255    4.089
    4.220    4.617    4.750    4.945    5.084
            0.344444  0.558105  0.000000
  -77.727  -49.165  -49.130  -48.854  -21.180  -21.120  -20.239  -19.606  -14.520  -14.138
  -13.621  -13.569  -11.220  -10.914  -10.352   -9.981   -9.134   -8.954   -7.765   -7.178
   -5.878   -4.789   -3.457   -2.668   -2.524    0.036    0.240    1.958    2.261    4.050
    4.232    4.567    4.759    4.964    5.120
            0.347222  0.553294  0.000000
  -77.727  -49.166  -49.129  -48.854  -21.185  -21.124  -20.239  -19.606  -14.533  -14.160
  -13.595  -13.538  -11.224  -10.911  -10.385   -9.940   -9.151   -8.935   -7.766   -7.180
   -5.882   -4.784   -3.461   -2.671   -2.519    0.027    0.234    1.962    2.270    4.005
    4.244    4.510    4.770    4.990    5.157
            0.350000  0.548483  0.000000
  -77.727  -49.167  -49.128  -48.854  -21.190  -21.130  -20.239  -19.606  -14.548  -14.186
  -13.565  -13.503  -11.229  -10.908  -10.418   -9.896   -9.169   -8.915   -7.767   -7.182
   -5.886   -4.778   -3.467   -2.674   -2.515    0.015    0.226    1.968    2.281    3.955
    4.256    4.447    4.784    5.019    5.194
            0.352778  0.543672  0.000000
  -77.727  -49.169  -49.126  -48.854  -21.196  -21.136  -20.239  -19.606  -14.566  -14.213
  -13.532  -13.463  -11.235  -10.905  -10.452   -9.851   -9.185   -8.896   -7.769   -7.185
   -5.891   -4.771   -3.473   -2.677   -2.510    0.001    0.216    1.976    2.294    3.900
    4.268    4.383    4.799    5.052    5.233
            0.355556  0.538860  0.000000
  -77.727  -49.170  -49.124  -48.854  -21.203  -21.144  -20.239  -19.606  -14.586  -14.241
  -13.495  -13.419  -11.241  -10.901  -10.486   -9.805   -9.201   -8.877   -7.770   -7.188
   -5.897   -4.763   -3.480   -2.681   -2.505   -0.016    0.205    1.986    2.309    3.842
    4.272    4.323    4.814    5.086    5.271
            0.358333  0.534049  0.000000
  -77.727  -49.171  -49.122  -48.854  -21.211  -21.151  -20.240  -19.606  -14.607  -14.270
  -13.454  -13.373  -11.247  -10.897  -10.519   -9.759   -9.216   -8.858   -7.771   -7.191
   -5.903   -4.754   -3.487   -2.685   -2.499   -0.036    0.191    1.998    2.327    3.781
    4.231    4.307    4.831    5.121    5.310
            0.361111  0.529238  0.000000
  -77.728  -49.173  -49.120  -48.854  -21.219  -21.160  -20.240  -19.606  -14.629  -14.300
  -13.411  -13.323  -11.254  -10.894  -10.551   -9.712   -9.229   -8.840   -7.773   -7.195
   -5.909   -4.745   -3.496   -2.688   -2.494   -0.058    0.174    2.012    2.346    3.718
    4.163    4.316    4.847    5.157    5.349
            0.363889  0.524426  0.000000
  -77.728  -49.174  -49.118  -48.854  -21.228  -21.169  -20.241  -19.607  -14.652  -14.330
  -13.365  -13.272  -11.261  -10.890  -10.582   -9.665   -9.241   -8.822   -7.774   -7.199
   -5.916   -4.735   -3.505   -2.692   -2.488   -0.084    0.155    2.028    2.368    3.653
    4.091    4.328    4.864    5.194    5.388
            0.366667  0.519615  0.000000
  -77.728  -49.176  -49.116  -48.855  -21.237  -21.179  -20.242  -19.607  -14.676  -14.360
  -13.317  -13.218  -11.269  -10.887  -10.611   -9.619   -9.252   -8.804   -7.776   -7.203
   -5.923   -4.724   -3.515   -2.695   -2.483   -0.112    0.134    2.047    2.391    3.587
    4.018    4.341    4.880    5.231    5.427
            0.369444  0.514804  0.000000
  -77.728  -49.178  -49.114  -48.855  -21.247  -21.189  -20.243  -19.608  -14.701  -14.390
  -13.267  -13.163  -11.277  -10.886  -10.639   -9.574   -9.259   -8.787   -7.778   -7.207
   -5.931   -4.713   -3.526   -2.698   -2.478   -0.143    0.109    2.068    2.417    3.520
    3.945    4.355    4.896    5.268    5.466
            0.372222  0.509993  0.000000
  -77.728  -49.179  -49.111  -48.855  -21.257  -21.199  -20.244  -19.608  -14.726  -14.420
  -13.215  -13.106  -11.284  -10.885  -10.664   -9.532   -9.264   -8.770   -7.779   -7.212
   -5.939   -4.701   -3.537   -2.701   -2.473   -0.176    0.082    2.092    2.445    3.452
    3.871    4.368    4.912    5.305    5.504
            0.375000  0.505181  0.000000
  -77.728  -49.181  -49.109  -48.855  -21.268  -21.210  -20.245  -19.609  -14.751  -14.450
  -13.161  -13.047  -11.293  -10.887  -10.686   -9.494   -9.263   -8.753   -7.781   -7.217
   -5.947   -4.689   -3.548   -2.704   -2.468   -0.212    0.052    2.118    2.474    3.385
    3.797    4.381    4.928    5.341    5.542
            0.377778  0.500370  0.000000
  -77.728  -49.182  -49.107  -48.855  -21.279  -21.221  -20.246  -19.610  -14.776  -14.479
  -13.105  -12.988  -11.301  -10.891  -10.705   -9.463   -9.254   -8.736   -7.783   -7.222
   -5.955   -4.677   -3.561   -2.706   -2.463   -0.251    0.019    2.146    2.505    3.317
    3.723    4.395    4.943    5.378    5.578
            0.380556  0.495559  0.000000
  -77.728  -49.184  -49.104  -48.855  -21.290  -21.232  -20.248  -19.611  -14.802  -14.508
  -13.049  -12.927  -11.309  -10.898  -10.719   -9.440   -9.237   -8.719   -7.784   -7.227
   -5.963   -4.664   -3.573   -2.708   -2.459   -0.292   -0.017    2.176    2.538    3.251
    3.650    4.408    4.957    5.414    5.615
            0.383333  0.490748  0.000000
  -77.728  -49.185  -49.102  -48.855  -21.301  -21.244  -20.250  -19.612  -14.827  -14.536
  -12.991  -12.865  -11.317  -10.908  -10.729   -9.426   -9.212   -8.702   -7.786   -7.233
   -5.971   -4.652   -3.586   -2.710   -2.455   -0.335   -0.055    2.208    2.572    3.186
    3.578    4.421    4.972    5.450    5.649
            0.386111  0.485936  0.000000
  -77.728  -49.187  -49.100  -48.855  -21.313  -21.256  -20.252  -19.613  -14.852  -14.564
  -12.932  -12.803  -11.325  -10.921  -10.736   -9.419   -9.179   -8.685   -7.788   -7.238
   -5.980   -4.639   -3.599   -2.711   -2.451   -0.381   -0.097    2.241    2.608    3.122
    3.507    4.434    4.985    5.485    5.683
            0.388889  0.481125  0.000000
  -77.728  -49.188  -49.097  -48.855  -21.324  -21.267  -20.254  -19.615  -14.877  -14.592
  -12.873  -12.739  -11.334  -10.937  -10.738   -9.416   -9.143   -8.666   -7.789   -7.244
   -5.988   -4.626   -3.613   -2.712   -2.448   -0.428   -0.140    2.274    2.644    3.061
    3.436    4.447    4.999    5.519    5.715
            0.391667  0.476314  0.000000
  -77.728  -49.190  -49.095  -48.856  -21.336  -21.279  -20.256  -19.616  -14.902  -14.619
  -12.813  -12.676  -11.341  -10.954  -10.739   -9.416   -9.105   -8.647   -7.791   -7.250
   -5.996   -4.613   -3.627   -2.712   -2.446   -0.478   -0.186    2.307    2.682    3.004
    3.368    4.460    5.012    5.553    5.746
            0.394444  0.471503  0.000000
  -77.729  -49.191  -49.092  -48.856  -21.348  -21.291  -20.258  -19.618  -14.927  -14.645
  -12.752  -12.611  -11.349  -10.972  -10.737   -9.417   -9.067   -8.626   -7.793   -7.256
   -6.004   -4.599   -3.641   -2.712   -2.443   -0.530   -0.235    2.337    2.720    2.951
    3.300    4.473    5.025    5.586    5.774
            0.397222  0.466691  0.000000
  -77.729  -49.193  -49.090  -48.856  -21.360  -21.303  -20.261  -19.620  -14.951  -14.671
  -12.692  -12.547  -11.356  -10.990  -10.734   -9.418   -9.031   -8.603   -7.794   -7.263
   -6.012   -4.586   -3.656   -2.712   -2.441   -0.583   -0.285    2.364    2.760    2.906
    3.235    4.486    5.038    5.618    5.800
            0.400000  0.461880  0.000000
  -77.729  -49.194  -49.088  -48.856  -21.372  -21.316  -20.263  -19.622  -14.975  -14.697
  -12.632  -12.482  -11.363  -11.007  -10.730   -9.419   -8.996   -8.578   -7.796   -7.269
   -6.021   -4.573   -3.671   -2.711   -2.440   -0.638   -0.337    2.383    2.799    2.870
    3.172    4.498    5.050    5.649    5.823
            0.402778  0.457069  0.000000
  -77.729  -49.196  -49.085  -48.856  -21.384  -21.328  -20.266  -19.623  -14.998  -14.722
  -12.572  -12.418  -11.369  -11.024  -10.726   -9.420   -8.965   -8.551   -7.798   -7.276
   -6.028   -4.560   -3.686   -2.710   -2.439   -0.695   -0.391    2.392    2.838    2.848
    3.113    4.511    5.062    5.679    5.844
            0.405556  0.452258  0.000000
  -77.729  -49.197  -49.083  -48.856  -21.396  -21.340  -20.269  -19.626  -15.021  -14.746
  -12.513  -12.353  -11.374  -11.040  -10.722   -9.421   -8.937   -8.521   -7.800   -7.282
   -6.036   -4.547   -3.701   -2.709   -2.439   -0.753   -0.446    2.387    2.839    2.875
    3.059    4.523    5.074    5.708    5.861
            0.408333  0.447446  0.000000
  -77.729  -49.199  -49.080  -48.856  -21.408  -21.351  -20.271  -19.628  -15.043  -14.769
  -12.454  -12.290  -11.378  -11.054  -10.717   -9.421   -8.912   -8.488   -7.802   -7.289
   -6.044   -4.535   -3.716   -2.707   -2.438   -0.812   -0.503    2.370    2.843    2.902
    3.020    4.536    5.086    5.736    5.875
            0.411111  0.442635  0.000000
  -77.729  -49.200  -49.078  -48.857  -21.419  -21.363  -20.274  -19.630  -15.065  -14.792
  -12.398  -12.226  -11.380  -11.068  -10.712   -9.420   -8.891   -8.453   -7.804   -7.296
   -6.051   -4.522   -3.731   -2.706   -2.439   -0.872   -0.560    2.341    2.848    2.909
    3.017    4.548    5.097    5.762    5.886
            0.413889  0.437824  0.000000
  -77.729  -49.201  -49.076  -48.857  -21.431  -21.375  -20.277  -19.632  -15.087  -14.815
  -12.343  -12.164  -11.380  -11.080  -10.707   -9.418   -8.873   -8.415   -7.806   -7.303
   -6.059   -4.510   -3.747   -2.704   -2.439   -0.934   -0.618    2.305    2.827    2.923
    3.045    4.561    5.109    5.788    5.893
            0.416667  0.433013  0.000000
  -77.729  -49.202  -49.074  -48.857  -21.442  -21.386  -20.280  -19.634  -15.107  -14.836
  -12.290  -12.103  -11.378  -11.090  -10.702   -9.416   -8.858   -8.376   -7.808   -7.310
   -6.066   -4.497   -3.762   -2.702   -2.440   -0.996   -0.676    2.263    2.784    2.954
    3.085    4.573    5.121    5.812    5.896
            0.419444  0.428201  0.000000
  -77.729  -49.204  -49.071  -48.857  -21.453  -21.397  -20.283  -19.637  -15.128  -14.857
  -12.240  -12.043  -11.374  -11.099  -10.698   -9.413   -8.846   -8.336   -7.810   -7.317
   -6.072   -4.486   -3.778   -2.701   -2.441   -1.059   -0.734    2.219    2.737    2.993
    3.130    4.586    5.132    5.836    5.897
            0.422222  0.423390  0.000000
  -77.729  -49.205  -49.069  -48.857  -21.464  -21.408  -20.286  -19.639  -15.147  -14.878
  -12.193  -11.986  -11.366  -11.106  -10.694   -9.409   -8.835   -8.294   -7.812   -7.325
   -6.079   -4.474   -3.793   -2.699   -2.442   -1.123   -0.793    2.174    2.689    3.035
    3.177    4.599    5.144    5.856    5.895
            0.425000  0.418579  0.000000
  -77.730  -49.206  -49.067  -48.857  -21.475  -21.419  -20.290  -19.641  -15.167  -14.897
  -12.150  -11.930  -11.354  -11.111  -10.689   -9.404   -8.827   -8.253   -7.813   -7.332
   -6.086   -4.462   -3.809   -2.699   -2.442   -1.186   -0.851    2.128    2.643    3.078
    3.226    4.612    5.156    5.871    5.895
            0.427778  0.413768  0.000000
  -77.730  -49.207  -49.065  -48.857  -21.486  -21.430  -20.293  -19.644  -15.185  -14.916
  -12.112  -11.877  -11.338  -11.113  -10.685   -9.399   -8.820   -8.211   -7.815   -7.340
   -6.092   -4.451   -3.824   -2.699   -2.443   -1.250   -0.908    2.083    2.597    3.121
    3.277    4.626    5.168    5.870    5.907
            0.430556  0.408956  0.000000
  -77.730  -49.208  -49.063  -48.858  -21.496  -21.440  -20.296  -19.646  -15.203  -14.935
  -12.078  -11.826  -11.318  -11.113  -10.682   -9.393   -8.814   -8.170   -7.816   -7.347
   -6.098   -4.440   -3.840   -2.700   -2.443   -1.314   -0.964    2.038    2.553    3.163
    3.329    4.640    5.181    5.860    5.925
            0.433333  0.404145  0.000000
  -77.730  -49.209  -49.061  -48.858  -21.506  -21.450  -20.299  -19.649  -15.220  -14.952
  -12.049  -11.779  -11.293  -11.110  -10.678   -9.386   -8.810   -8.131   -7.816   -7.354
   -6.104   -4.430   -3.855   -2.702   -2.442   -1.377   -1.020    1.994    2.511    3.203
    3.382    4.654    5.194    5.847    5.943
            0.436111  0.399334  0.000000
  -77.730  -49.210  -49.059  -48.858  -21.516  -21.460  -20.302  -19.651  -15.237  -14.969
  -12.024  -11.735  -11.264  -11.103  -10.675   -9.379   -8.806   -8.092   -7.815   -7.362
   -6.110   -4.420   -3.870   -2.705   -2.441   -1.440   -1.074    1.952    2.470    3.241
    3.436    4.669    5.207    5.832    5.961
            0.438889  0.394523  0.000000
  -77.730  -49.211  -49.057  -48.858  -21.525  -21.469  -20.305  -19.653  -15.253  -14.986
  -12.005  -11.695  -11.231  -11.094  -10.672   -9.371   -8.803   -8.057   -7.813   -7.369
   -6.115   -4.410   -3.886   -2.710   -2.439   -1.501   -1.128    1.910    2.432    3.278
    3.491    4.685    5.221    5.816    5.978
            0.441667  0.389711  0.000000
  -77.730  -49.212  -49.056  -48.858  -21.534  -21.478  -20.308  -19.656  -15.268  -15.001
  -11.990  -11.660  -11.196  -11.080  -10.669   -9.363   -8.801   -8.024   -7.808   -7.377
   -6.121   -4.400   -3.901   -2.716   -2.436   -1.562   -1.179    1.870    2.395    3.313
    3.545    4.701    5.235    5.799    5.994
            0.444444  0.384900  0.000000
  -77.730  -49.213  -49.054  -48.858  -21.543  -21.487  -20.311  -19.658  -15.283  -15.016
  -11.979  -11.628  -11.159  -11.062  -10.667   -9.355   -8.800   -7.996   -7.801   -7.384
   -6.126   -4.391   -3.915   -2.724   -2.433   -1.621   -1.229    1.832    2.360    3.346
    3.599    4.717    5.250    5.781    6.010
            0.447222  0.380089  0.000000
  -77.730  -49.214  -49.052  -48.858  -21.551  -21.495  -20.314  -19.660  -15.297  -15.030
  -11.971  -11.601  -11.120  -11.040  -10.664   -9.346   -8.798   -7.974   -7.789   -7.391
   -6.131   -4.382   -3.930   -2.733   -2.429   -1.679   -1.277    1.795    2.326    3.377
    3.652    4.734    5.265    5.762    6.025
            0.450000  0.375278  0.000000
  -77.730  -49.215  -49.051  -48.858  -21.559  -21.503  -20.316  -19.662  -15.310  -15.044
  -11.966  -11.578  -11.082  -11.013  -10.662   -9.337   -8.798   -7.957   -7.773   -7.398
   -6.136   -4.373   -3.944   -2.744   -2.424   -1.734   -1.323    1.759    2.295    3.406
    3.703    4.752    5.281    5.744    6.039
            0.452778  0.370466  0.000000
  -77.730  -49.216  -49.049  -48.858  -21.567  -21.511  -20.319  -19.664  -15.323  -15.057
  -11.963  -11.558  -11.045  -10.981  -10.659   -9.328   -8.797   -7.945   -7.753   -7.405
   -6.140   -4.365   -3.958   -2.756   -2.419   -1.787   -1.367    1.726    2.265    3.433
    3.753    4.771    5.298    5.726    6.053
            0.455556  0.365655  0.000000
  -77.730  -49.216  -49.048  -48.859  -21.574  -21.518  -20.321  -19.666  -15.335  -15.069
  -11.961  -11.542  -11.010  -10.946  -10.657   -9.319   -8.797   -7.938   -7.730   -7.411
   -6.145   -4.356   -3.971   -2.769   -2.414   -1.837   -1.410    1.694    2.238    3.459
    3.801    4.790    5.315    5.708    6.067
            0.458333  0.360844  0.000000
  -77.731  -49.217  -49.046  -48.859  -21.581  -21.525  -20.324  -19.668  -15.346  -15.080
  -11.961  -11.530  -10.976  -10.909  -10.655   -9.310   -8.797   -7.935   -7.706   -7.417
   -6.149   -4.349   -3.985   -2.783   -2.409   -1.884   -1.450    1.664    2.212    3.483
    3.847    4.809    5.334    5.690    6.080
            0.461111  0.356033  0.000000
  -77.731  -49.218  -49.045  -48.859  -21.587  -21.532  -20.326  -19.670  -15.356  -15.091
  -11.963  -11.519  -10.944  -10.870  -10.652   -9.301   -8.797   -7.933   -7.681   -7.422
   -6.153   -4.341   -3.997   -2.798   -2.405   -1.927   -1.488    1.635    2.187    3.504
    3.889    4.829    5.353    5.673    6.093
            0.463889  0.351221  0.000000
  -77.731  -49.218  -49.044  -48.859  -21.593  -21.538  -20.328  -19.672  -15.366  -15.100
  -11.964  -11.511  -10.913  -10.832  -10.649   -9.292   -8.797   -7.934   -7.657   -7.427
   -6.157   -4.334   -4.010   -2.813   -2.402   -1.966   -1.524    1.609    2.165    3.525
    3.929    4.849    5.372    5.657    6.105
            0.466667  0.346410  0.000000
  -77.731  -49.219  -49.043  -48.859  -21.599  -21.543  -20.330  -19.674  -15.375  -15.110
  -11.967  -11.505  -10.883  -10.794  -10.646   -9.283   -8.797   -7.935   -7.634   -7.432
   -6.161   -4.327   -4.021   -2.828   -2.400   -2.001   -1.557    1.584    2.144    3.543
    3.967    4.869    5.392    5.642    6.117
            0.469444  0.341599  0.000000
  -77.731  -49.219  -49.042  -48.859  -21.604  -21.548  -20.332  -19.675  -15.384  -15.118
  -11.970  -11.500  -10.856  -10.758  -10.643   -9.275   -8.798   -7.937   -7.612   -7.435
   -6.164   -4.321   -4.033   -2.843   -2.401   -2.030   -1.589    1.561    2.125    3.560
    4.000    4.888    5.413    5.628    6.129
            0.472222  0.336788  0.000000
  -77.731  -49.220  -49.041  -48.859  -21.609  -21.553  -20.334  -19.676  -15.391  -15.126
  -11.972  -11.496  -10.830  -10.725  -10.638   -9.267   -8.798   -7.939   -7.593   -7.438
   -6.168   -4.315   -4.043   -2.857   -2.404   -2.054   -1.618    1.541    2.108    3.575
    4.031    4.908    5.433    5.615    6.140
            0.475000  0.331976  0.000000
  -77.731  -49.220  -49.040  -48.859  -21.613  -21.557  -20.336  -19.678  -15.398  -15.133
  -11.975  -11.493  -10.807  -10.694  -10.633   -9.260   -8.798   -7.942   -7.576   -7.439
   -6.171   -4.309   -4.053   -2.871   -2.409   -2.073   -1.645    1.522    2.092    3.588
    4.059    4.926    5.454    5.603    6.151
            0.477778  0.327165  0.000000
  -77.731  -49.221  -49.039  -48.859  -21.617  -21.561  -20.337  -19.679  -15.404  -15.139
  -11.978  -11.491  -10.787  -10.666  -10.627   -9.254   -8.799   -7.944   -7.562   -7.439
   -6.173   -4.304   -4.062   -2.885   -2.417   -2.086   -1.670    1.505    2.078    3.600
    4.083    4.943    5.474    5.593    6.161
            0.480556  0.322354  0.000000
  -77.731  -49.221  -49.039  -48.859  -21.620  -21.565  -20.338  -19.680  -15.410  -15.145
  -11.981  -11.489  -10.771  -10.642  -10.618   -9.248   -8.799   -7.947   -7.550   -7.438
   -6.176   -4.299   -4.071   -2.897   -2.425   -2.095   -1.692    1.490    2.066    3.611
    4.104    4.959    5.493    5.585    6.170
            0.483333  0.317543  0.000000
  -77.731  -49.221  -49.038  -48.859  -21.623  -21.568  -20.340  -19.681  -15.415  -15.149
  -11.983  -11.488  -10.757  -10.626  -10.605   -9.242   -8.799   -7.949   -7.541   -7.436
   -6.178   -4.294   -4.078   -2.908   -2.435   -2.100   -1.713    1.477    2.055    3.620
    4.122    4.973    5.509    5.579    6.179
            0.486111  0.312731  0.000000
  -77.731  -49.222  -49.037  -48.859  -21.626  -21.570  -20.341  -19.682  -15.419  -15.153
  -11.986  -11.487  -10.746  -10.615  -10.588   -9.238   -8.799   -7.951   -7.535   -7.433
   -6.180   -4.290   -4.085   -2.918   -2.444   -2.103   -1.730    1.465    2.046    3.627
    4.137    4.986    5.523    5.576    6.187
            0.488889  0.307920  0.000000
  -77.731  -49.222  -49.037  -48.859  -21.628  -21.572  -20.341  -19.682  -15.422  -15.157
  -11.987  -11.486  -10.738  -10.608  -10.573   -9.234   -8.799   -7.953   -7.530   -7.429
   -6.182   -4.287   -4.091   -2.926   -2.453   -2.103   -1.745    1.456    2.039    3.633
    4.149    4.996    5.531    5.577    6.194
            0.491667  0.303109  0.000000
  -77.731  -49.222  -49.037  -48.859  -21.630  -21.574  -20.342  -19.683  -15.425  -15.159
  -11.989  -11.486  -10.732  -10.602  -10.561   -9.231   -8.800   -7.954   -7.527   -7.426
   -6.183   -4.284   -4.095   -2.932   -2.460   -2.103   -1.756    1.449    2.033    3.638
    4.158    5.004    5.535    5.581    6.199
            0.494444  0.298298  0.000000
  -77.731  -49.222  -49.036  -48.859  -21.631  -21.575  -20.342  -19.683  -15.426  -15.161
  -11.990  -11.485  -10.728  -10.597  -10.552   -9.229   -8.800   -7.956   -7.526   -7.423
   -6.184   -4.282   -4.098   -2.937   -2.466   -2.102   -1.765    1.444    2.029    3.641
    4.165    5.010    5.536    5.586    6.203
            0.497222  0.293486  0.000000
  -77.731  -49.222  -49.036  -48.859  -21.632  -21.576  -20.343  -19.683  -15.428  -15.162
  -11.991  -11.485  -10.726  -10.594  -10.546   -9.227   -8.800   -7.956   -7.525   -7.422
   -6.184   -4.281   -4.100   -2.940   -2.470   -2.101   -1.770    1.441    2.026    3.643
    4.169    5.014    5.536    5.590    6.205
            0.500000  0.288675  0.000000
  -77.731  -49.222  -49.036  -48.859  -21.632  -21.576  -20.343  -19.683  -15.428  -15.163
  -11.991  -11.485  -10.725  -10.593  -10.544   -9.227   -8.800   -7.956   -7.524   -7.421
   -6.185   -4.281   -4.101   -2.941   -2.471   -2.101   -1.772    1.440    2.025    3.644
    4.170    5.015    5.535    5.591    6.206
            0.495000  0.285788  0.000000
  -77.731  -49.222  -49.036  -48.859  -21.633  -21.577  -20.343  -19.683  -15.427  -15.161
  -11.991  -11.484  -10.725  -10.593  -10.544   -9.227   -8.799   -7.957   -7.524   -7.422
   -6.185   -4.281   -4.100   -2.941   -2.470   -2.101   -1.771    1.441    2.026    3.643
    4.169    5.015    5.536    5.591    6.206
            0.490000  0.282902  0.000000
  -77.731  -49.222  -49.036  -48.859  -21.637  -21.581  -20.343  -19.683  -15.422  -15.157
  -11.993  -11.482  -10.724  -10.592  -10.543   -9.226   -8.799   -7.959   -7.524   -7.423
   -6.185   -4.280   -4.099   -2.940   -2.467   -2.102   -1.770    1.442    2.027    3.641
    4.165    5.015    5.536    5.592    6.206
            0.485000  0.280015  0.000000
  -77.731  -49.222  -49.036  -48.860  -21.643  -21.587  -20.343  -19.681  -15.416  -15.150
  -11.995  -11.478  -10.723  -10.591  -10.542   -9.226   -8.797   -7.961   -7.524   -7.425
   -6.186   -4.278   -4.098   -2.939   -2.461   -2.103   -1.769    1.445    2.030    3.637
    4.158    5.015    5.538    5.593    6.205
            0.480000  0.277128  0.000000
  -77.731  -49.221  -49.036  -48.860  -21.652  -21.596  -20.343  -19.680  -15.406  -15.141
  -11.998  -11.472  -10.721  -10.589  -10.540   -9.225   -8.795   -7.965   -7.524   -7.427
   -6.187   -4.276   -4.095   -2.937   -2.454   -2.104   -1.766    1.448    2.034    3.632
    4.148    5.015    5.539    5.594    6.205
            0.475000  0.274241  0.000000
  -77.731  -49.221  -49.036  -48.860  -21.663  -21.607  -20.342  -19.678  -15.394  -15.129
  -12.001  -11.464  -10.718  -10.586  -10.538   -9.224   -8.793   -7.970   -7.524   -7.431
   -6.188   -4.273   -4.092   -2.935   -2.445   -2.106   -1.763    1.452    2.038    3.625
    4.136    5.015    5.541    5.595    6.204
            0.470000  0.271355  0.000000
  -77.731  -49.220  -49.036  -48.860  -21.677  -21.621  -20.343  -19.676  -15.379  -15.114
  -12.006  -11.455  -10.715  -10.583  -10.535   -9.222   -8.790   -7.976   -7.524   -7.435
   -6.189   -4.270   -4.088   -2.933   -2.434   -2.108   -1.759    1.458    2.044    3.617
    4.121    5.015    5.544    5.597    6.203
            0.465000  0.268468  0.000000
  -77.731  -49.219  -49.036  -48.860  -21.693  -21.637  -20.343  -19.673  -15.361  -15.096
  -12.011  -11.445  -10.712  -10.579  -10.531   -9.221   -8.787   -7.982   -7.523   -7.440
   -6.191   -4.266   -4.083   -2.930   -2.420   -2.110   -1.755    1.464    2.050    3.608
    4.103    5.015    5.547    5.599    6.201
            0.460000  0.265581  0.000000
  -77.732  -49.218  -49.035  -48.860  -21.711  -21.655  -20.343  -19.670  -15.341  -15.076
  -12.017  -11.433  -10.708  -10.575  -10.527   -9.218   -8.783   -7.990   -7.523   -7.446
   -6.193   -4.262   -4.078   -2.927   -2.405   -2.113   -1.749    1.471    2.057    3.597
    4.083    5.014    5.550    5.601    6.200
            0.455000  0.262694  0.000000
  -77.732  -49.217  -49.035  -48.860  -21.731  -21.674  -20.344  -19.667  -15.318  -15.053
  -12.023  -11.420  -10.703  -10.570  -10.522   -9.216   -8.778   -7.998   -7.523   -7.452
   -6.195   -4.257   -4.072   -2.923   -2.388   -2.116   -1.743    1.480    2.066    3.585
    4.061    5.013    5.554    5.604    6.198
            0.450000  0.259808  0.000000
  -77.732  -49.216  -49.035  -48.860  -21.753  -21.696  -20.345  -19.664  -15.293  -15.028
  -12.030  -11.406  -10.698  -10.565  -10.517   -9.213   -8.773   -8.007   -7.522   -7.460
   -6.197   -4.251   -4.066   -2.920   -2.369   -2.120   -1.736    1.489    2.075    3.571
    4.036    5.012    5.558    5.606    6.196
            0.445000  0.256921  0.000000
  -77.732  -49.215  -49.035  -48.861  -21.778  -21.720  -20.346  -19.661  -15.265  -15.000
  -12.038  -11.390  -10.693  -10.559  -10.511   -9.210   -8.768   -8.017   -7.522   -7.468
   -6.199   -4.245   -4.059   -2.917   -2.348   -2.124   -1.727    1.499    2.085    3.557
    4.010    5.010    5.563    5.609    6.194
            0.440000  0.254034  0.000000
  -77.732  -49.214  -49.034  -48.861  -21.803  -21.746  -20.348  -19.658  -15.235  -14.970
  -12.046  -11.374  -10.687  -10.553  -10.505   -9.206   -8.762   -8.028   -7.521   -7.476
   -6.201   -4.238   -4.051   -2.913   -2.325   -2.128   -1.718    1.510    2.095    3.541
    3.981    5.008    5.568    5.612    6.191
            0.435000  0.251147  0.000000
  -77.732  -49.212  -49.034  -48.861  -21.831  -21.773  -20.351  -19.655  -15.202  -14.937
  -12.054  -11.356  -10.681  -10.546  -10.498   -9.202   -8.756   -8.039   -7.521   -7.486
   -6.204   -4.231   -4.043   -2.910   -2.300   -2.133   -1.708    1.522    2.107    3.523
    3.951    5.005    5.573    5.615    6.188
            0.430000  0.248261  0.000000
  -77.733  -49.211  -49.034  -48.862  -21.860  -21.802  -20.354  -19.652  -15.167  -14.902
  -12.063  -11.338  -10.675  -10.538  -10.491   -9.197   -8.749   -8.051   -7.520   -7.496
   -6.207   -4.223   -4.034   -2.906   -2.274   -2.138   -1.696    1.534    2.119    3.505
    3.919    5.002    5.578    5.618    6.184
            0.425000  0.245374  0.000000
  -77.733  -49.209  -49.033  -48.862  -21.891  -21.832  -20.357  -19.650  -15.130  -14.864
  -12.072  -11.318  -10.669  -10.530  -10.483   -9.192   -8.741   -8.063   -7.520   -7.507
   -6.209   -4.215   -4.025   -2.903   -2.246   -2.143   -1.684    1.548    2.132    3.486
    3.885    4.998    5.584    5.621    6.180
            0.420000  0.242487  0.000000
  -77.733  -49.207  -49.033  -48.862  -21.923  -21.863  -20.362  -19.647  -15.091  -14.824
  -12.081  -11.298  -10.662  -10.521  -10.474   -9.186   -8.733   -8.076   -7.519   -7.518
   -6.212   -4.206   -4.015   -2.901   -2.216   -2.149   -1.670    1.562    2.145    3.465
    3.849    4.993    5.589    5.624    6.175
            0.415000  0.239600  0.000000
  -77.733  -49.206  -49.032  -48.862  -21.956  -21.896  -20.367  -19.645  -15.049  -14.781
  -12.090  -11.277  -10.655  -10.512  -10.465   -9.180   -8.725   -8.089   -7.530   -7.519
   -6.215   -4.197   -4.005   -2.898   -2.185   -2.155   -1.654    1.577    2.159    3.444
    3.812    4.988    5.595    5.627    6.170
            0.410000  0.236714  0.000000
  -77.733  -49.204  -49.032  -48.863  -21.990  -21.930  -20.372  -19.643  -15.005  -14.737
  -12.100  -11.255  -10.648  -10.503  -10.456   -9.173   -8.716   -8.102   -7.542   -7.518
   -6.218   -4.187   -3.995   -2.896   -2.162   -2.152   -1.638    1.593    2.173    3.422
    3.774    4.983    5.600    5.629    6.164
            0.405000  0.233827  0.000000
  -77.734  -49.202  -49.031  -48.863  -22.026  -21.965  -20.379  -19.642  -14.960  -14.690
  -12.110  -11.232  -10.641  -10.492  -10.446   -9.165   -8.706   -8.116   -7.556   -7.517
   -6.220   -4.177   -3.984   -2.895   -2.169   -2.117   -1.620    1.609    2.187    3.400
    3.735    4.977    5.604    5.631    6.157
            0.400000  0.230940  0.000000
  -77.734  -49.199  -49.031  -48.864  -22.062  -22.001  -20.386  -19.641  -14.912  -14.641
  -12.120  -11.209  -10.633  -10.482  -10.436   -9.156   -8.696   -8.130   -7.569   -7.516
   -6.223   -4.166   -3.973   -2.894   -2.176   -2.081   -1.600    1.626    2.202    3.377
    3.695    4.970    5.609    5.633    6.150
            0.395000  0.228053  0.000000
  -77.734  -49.197  -49.030  -48.864  -22.099  -22.037  -20.394  -19.640  -14.863  -14.590
  -12.131  -11.186  -10.626  -10.470  -10.425   -9.147   -8.686   -8.144   -7.584   -7.515
   -6.225   -4.155   -3.961   -2.894   -2.184   -2.044   -1.580    1.644    2.216    3.353
    3.653    4.963    5.612    5.635    6.142
            0.390000  0.225167  0.000000
  -77.735  -49.195  -49.030  -48.864  -22.137  -22.075  -20.403  -19.640  -14.812  -14.537
  -12.141  -11.162  -10.618  -10.459  -10.413   -9.136   -8.675   -8.158   -7.598   -7.514
   -6.227   -4.143   -3.950   -2.895   -2.192   -2.005   -1.557    1.661    2.231    3.330
    3.611    4.956    5.615    5.636    6.133
            0.385000  0.222280  0.000000
  -77.735  -49.192  -49.029  -48.865  -22.176  -22.113  -20.412  -19.641  -14.759  -14.482
  -12.152  -11.137  -10.611  -10.446  -10.401   -9.125   -8.664   -8.172   -7.614   -7.513
   -6.229   -4.131   -3.938   -2.896   -2.200   -1.965   -1.533    1.680    2.245    3.306
    3.568    4.947    5.617    5.636    6.123
            0.380000  0.219393  0.000000
  -77.735  -49.190  -49.029  -48.865  -22.215  -22.151  -20.423  -19.641  -14.705  -14.425
  -12.163  -11.113  -10.603  -10.434  -10.389   -9.113   -8.652   -8.187   -7.630   -7.511
   -6.230   -4.119   -3.925   -2.898   -2.209   -1.923   -1.508    1.699    2.258    3.283
    3.525    4.938    5.619    5.636    6.112
            0.375000  0.216506  0.000000
  -77.736  -49.187  -49.028  -48.866  -22.255  -22.191  -20.434  -19.643  -14.649  -14.366
  -12.174  -11.088  -10.596  -10.421  -10.376   -9.100   -8.640   -8.201   -7.646   -7.510
   -6.231   -4.106   -3.913   -2.901   -2.218   -1.881   -1.481    1.718    2.271    3.259
    3.481    4.929    5.619    5.634    6.099
            0.370000  0.213620  0.000000
  -77.736  -49.185  -49.028  -48.866  -22.295  -22.230  -20.446  -19.644  -14.592  -14.305
  -12.185  -11.063  -10.588  -10.407  -10.363   -9.086   -8.627   -8.215   -7.663   -7.508
   -6.232   -4.093   -3.901   -2.905   -2.228   -1.837   -1.453    1.737    2.282    3.237
    3.437    4.918    5.617    5.632    6.086
            0.365000  0.210733  0.000000
  -77.736  -49.182  -49.027  -48.867  -22.336  -22.270  -20.458  -19.647  -14.534  -14.243
  -12.195  -11.037  -10.580  -10.393  -10.349   -9.071   -8.614   -8.230   -7.680   -7.506
   -6.232   -4.079   -3.888   -2.909   -2.238   -1.793   -1.423    1.756    2.293    3.215
    3.393    4.906    5.614    5.629    6.071
            0.360000  0.207846  0.000000
  -77.737  -49.179  -49.026  -48.867  -22.376  -22.311  -20.471  -19.650  -14.475  -14.179
  -12.206  -11.012  -10.571  -10.378  -10.335   -9.055   -8.600   -8.244   -7.697   -7.504
   -6.232   -4.065   -3.875   -2.914   -2.248   -1.747   -1.392    1.774    2.301    3.194
    3.348    4.894    5.610    5.625    6.037
            0.355000  0.204959  0.000000
  -77.737  -49.176  -49.026  -48.868  -22.418  -22.351  -20.485  -19.653  -14.415  -14.113
  -12.216  -10.988  -10.563  -10.363  -10.320   -9.039   -8.587   -8.258   -7.715   -7.502
   -6.231   -4.050   -3.862   -2.920   -2.259   -1.700   -1.359    1.793    2.308    3.175
    3.304    4.880    5.603    5.619    6.001
            0.350000  0.202073  0.000000
  -77.737  -49.173  -49.025  -48.868  -22.459  -22.392  -20.500  -19.657  -14.354  -14.046
  -12.227  -10.964  -10.554  -10.348  -10.305   -9.021   -8.572   -8.273   -7.733   -7.499
   -6.230   -4.036   -3.850   -2.927   -2.270   -1.652   -1.325    1.811    2.313    3.156
    3.261    4.865    5.595    5.612    5.965
            0.345000  0.199186  0.000000
  -77.738  -49.170  -49.024  -48.869  -22.501  -22.433  -20.515  -19.661  -14.292  -13.977
  -12.236  -10.940  -10.544  -10.332  -10.289   -9.002   -8.557   -8.287   -7.752   -7.497
   -6.228   -4.020   -3.837   -2.935   -2.282   -1.604   -1.290    1.829    2.316    3.139
    3.219    4.849    5.584    5.604    5.928
            0.340000  0.196299  0.000000
  -77.738  -49.167  -49.023  -48.870  -22.542  -22.474  -20.531  -19.666  -14.230  -13.906
  -12.246  -10.917  -10.534  -10.315  -10.274   -8.982   -8.542   -8.301   -7.771   -7.494
   -6.225   -4.005   -3.824   -2.944   -2.294   -1.555   -1.253    1.845    2.316    3.123
    3.179    4.831    5.571    5.594    5.891
            0.335000  0.193412  0.000000
  -77.739  -49.164  -49.023  -48.870  -22.584  -22.516  -20.548  -19.671  -14.168  -13.835
  -12.254  -10.896  -10.522  -10.299  -10.257   -8.961   -8.527   -8.315   -7.790   -7.490
   -6.221   -3.989   -3.811   -2.953   -2.306   -1.504   -1.215    1.861    2.313    3.103
    3.145    4.812    5.555    5.582    5.854
            0.330000  0.190526  0.000000
  -77.739  -49.160  -49.022  -48.871  -22.626  -22.557  -20.565  -19.677  -14.106  -13.762
  -12.262  -10.875  -10.509  -10.282  -10.241   -8.940   -8.511   -8.329   -7.809   -7.487
   -6.217   -3.973   -3.798   -2.963   -2.318   -1.454   -1.176    1.875    2.307    3.074
    3.123    4.790    5.536    5.568    5.818
            0.325000  0.187639  0.000000
  -77.739  -49.157  -49.021  -48.871  -22.668  -22.598  -20.582  -19.683  -14.043  -13.688
  -12.269  -10.857  -10.495  -10.264  -10.223   -8.918   -8.495   -8.342   -7.829   -7.483
   -6.212   -3.957   -3.785   -2.973   -2.331   -1.402   -1.136    1.888    2.298    3.038
    3.112    4.767    5.514    5.553    5.782
            0.320000  0.184752  0.000000
  -77.740  -49.154  -49.020  -48.872  -22.709  -22.639  -20.600  -19.689  -13.982  -13.612
  -12.274  -10.840  -10.479  -10.246  -10.206   -8.894   -8.478   -8.356   -7.849   -7.479
   -6.207   -3.941   -3.772   -2.984   -2.345   -1.350   -1.095    1.898    2.287    3.002
    3.105    4.741    5.490    5.535    5.746
            0.315000  0.181865  0.000000
  -77.740  -49.150  -49.020  -48.873  -22.751  -22.680  -20.619  -19.696  -13.921  -13.536
  -12.279  -10.825  -10.462  -10.228  -10.188   -8.871   -8.461   -8.369   -7.869   -7.475
   -6.200   -3.924   -3.760   -2.996   -2.358   -1.297   -1.052    1.907    2.273    2.965
    3.101    4.713    5.462    5.515    5.711
            0.310000  0.178979  0.000000
  -77.741  -49.147  -49.019  -48.873  -22.792  -22.721  -20.637  -19.703  -13.861  -13.458
  -12.281  -10.812  -10.442  -10.209  -10.170   -8.846   -8.444   -8.383   -7.889   -7.470
   -6.192   -3.907   -3.747   -3.008   -2.372   -1.244   -1.009    1.912    2.256    2.931
    3.100    4.683    5.431    5.493    5.677
            0.305000  0.176092  0.000000
  -77.741  -49.143  -49.018  -48.874  -22.833  -22.762  -20.657  -19.711  -13.803  -13.379
  -12.281  -10.801  -10.421  -10.191  -10.151   -8.821   -8.427   -8.395   -7.909   -7.465
   -6.184   -3.890   -3.735   -3.021   -2.387   -1.191   -0.965    1.915    2.237    2.898
    3.100    4.650    5.398    5.469    5.644
            0.300000  0.173205  0.000000
  -77.742  -49.140  -49.017  -48.875  -22.874  -22.802  -20.676  -19.719  -13.746  -13.300
  -12.279  -10.792  -10.397  -10.171  -10.133   -8.796   -8.409   -8.408   -7.929   -7.459
   -6.175   -3.872   -3.722   -3.034   -2.401   -1.137   -0.921    1.915    2.216    2.868
    3.101    4.615    5.363    5.442    5.611
            0.295000  0.170318  0.000000
  -77.742  -49.136  -49.016  -48.875  -22.915  -22.842  -20.696  -19.727  -13.692  -13.219
  -12.275  -10.786  -10.372  -10.152  -10.113   -8.770   -8.420   -8.391   -7.950   -7.454
   -6.165   -3.855   -3.710   -3.047   -2.416   -1.082   -0.875    1.911    2.193    2.840
    3.102    4.577    5.326    5.413    5.579
            0.290000  0.167432  0.000000
  -77.743  -49.132  -49.015  -48.876  -22.956  -22.882  -20.717  -19.735  -13.640  -13.138
  -12.267  -10.781  -10.345  -10.132  -10.094   -8.745   -8.431   -8.373   -7.970   -7.448
   -6.153   -3.837   -3.698   -3.061   -2.432   -1.028   -0.830    1.904    2.169    2.815
    3.104    4.537    5.288    5.382    5.547
            0.285000  0.164545  0.000000
  -77.743  -49.129  -49.015  -48.877  -22.996  -22.922  -20.737  -19.744  -13.591  -13.056
  -12.255  -10.777  -10.317  -10.112  -10.074   -8.719   -8.442   -8.354   -7.991   -7.442
   -6.141   -3.819   -3.686   -3.075   -2.447   -0.973   -0.783    1.894    2.143    2.792
    3.106    4.494    5.248    5.348    5.516
            0.280000  0.161658  0.000000
  -77.743  -49.125  -49.014  -48.877  -23.036  -22.961  -20.758  -19.753  -13.546  -12.973
  -12.239  -10.775  -10.287  -10.091  -10.054   -8.695   -8.451   -8.336   -8.011   -7.435
   -6.128   -3.802   -3.675   -3.090   -2.463   -0.918   -0.737    1.880    2.115    2.773
    3.107    4.449    5.208    5.312    5.485
            0.275000  0.158771  0.000000
  -77.744  -49.121  -49.013  -48.878  -23.075  -23.000  -20.779  -19.762  -13.505  -12.889
  -12.220  -10.775  -10.256  -10.071  -10.034   -8.673   -8.458   -8.317   -8.031   -7.428
   -6.115   -3.783   -3.663   -3.104   -2.479   -0.864   -0.690    1.862    2.087    2.756
    3.108    4.401    5.168    5.274    5.455
            0.270000  0.155885  0.000000
  -77.744  -49.118  -49.012  -48.879  -23.114  -23.039  -20.800  -19.772  -13.469  -12.805
  -12.195  -10.776  -10.225  -10.050  -10.014   -8.653   -8.462   -8.298   -8.051   -7.421
   -6.100   -3.765   -3.652   -3.119   -2.496   -0.809   -0.643    1.842    2.057    2.742
    3.107    4.352    5.128    5.233    5.426
            0.265000  0.152998  0.000000
  -77.745  -49.114  -49.011  -48.879  -23.153  -23.077  -20.821  -19.781  -13.436  -12.720
  -12.165  -10.777  -10.192  -10.029   -9.993   -8.637   -8.462   -8.280   -8.071   -7.413
   -6.084   -3.747   -3.641   -3.134   -2.513   -0.755   -0.596    1.820    2.027    2.729
    3.105    4.300    5.088    5.190    5.394
            0.260000  0.150111  0.000000
  -77.745  -49.110  -49.010  -48.880  -23.191  -23.115  -20.842  -19.791  -13.409  -12.635
  -12.131  -10.780  -10.158  -10.008   -9.972   -8.626   -8.456   -8.262   -8.090   -7.405
   -6.068   -3.729   -3.630   -3.148   -2.530   -0.701   -0.550    1.796    1.995    2.719
    3.101    4.246    5.049    5.146    5.340
            0.255000  0.147224  0.000000
  -77.746  -49.106  -49.009  -48.881  -23.229  -23.152  -20.864  -19.801  -13.386  -12.550
  -12.091  -10.783  -10.124   -9.986   -9.951   -8.622   -8.444   -8.244   -8.107   -7.397
   -6.051   -3.710   -3.619   -3.163   -2.547   -0.647   -0.503    1.770    1.963    2.710
    3.096    4.190    5.011    5.099    5.285
            0.250000  0.144338  0.000000
  -77.746  -49.102  -49.009  -48.881  -23.266  -23.189  -20.885  -19.811  -13.368  -12.464
  -12.047  -10.787  -10.089   -9.965   -9.930   -8.622   -8.427   -8.229   -8.123   -7.388
   -6.032   -3.692   -3.609   -3.177   -2.565   -0.595   -0.458    1.743    1.931    2.702
    3.088    4.133    4.973    5.050    5.228
            0.245000  0.141451  0.000000
  -77.747  -49.099  -49.008  -48.882  -23.303  -23.225  -20.907  -19.821  -13.354  -12.378
  -11.998  -10.791  -10.054   -9.943   -9.908   -8.627   -8.405   -8.219   -8.133   -7.379
   -6.014   -3.674   -3.598   -3.192   -2.582   -0.543   -0.413    1.716    1.898    2.695
    3.078    4.074    4.937    5.000    5.170
            0.240000  0.138564  0.000000
  -77.747  -49.095  -49.007  -48.883  -23.339  -23.261  -20.928  -19.831  -13.344  -12.291
  -11.945  -10.796  -10.018   -9.921   -9.887   -8.635   -8.381   -8.217   -8.135   -7.370
   -5.994   -3.655   -3.588   -3.206   -2.600   -0.492   -0.369    1.688    1.866    2.688
    3.066    4.014    4.901    4.948    5.111
            0.235000  0.135677  0.000000
  -77.748  -49.091  -49.006  -48.883  -23.375  -23.296  -20.950  -19.842  -13.338  -12.205
  -11.888  -10.802   -9.982   -9.899   -9.865   -8.644   -8.355   -8.224   -8.127   -7.360
   -5.974   -3.637   -3.578   -3.220   -2.619   -0.443   -0.326    1.661    1.834    2.681
    3.052    3.952    4.867    4.894    5.051
            0.230000  0.132791  0.000000
  -77.748  -49.087  -49.005  -48.884  -23.410  -23.331  -20.971  -19.852  -13.335  -12.118
  -11.827  -10.807   -9.946   -9.878   -9.843   -8.655   -8.328   -8.237   -8.113   -7.351
   -5.953   -3.619   -3.569   -3.233   -2.637   -0.395   -0.284    1.635    1.803    2.673
    3.036    3.890    4.833    4.839    4.990
            0.225000  0.129904  0.000000
  -77.749  -49.083  -49.004  -48.885  -23.444  -23.365  -20.992  -19.862  -13.335  -12.032
  -11.764  -10.813   -9.910   -9.856   -9.822   -8.667   -8.300   -8.254   -8.096   -7.341
   -5.932   -3.601   -3.559   -3.246   -2.656   -0.350   -0.245    1.610    1.773    2.666
    3.017    3.827    4.784    4.801    4.928
            0.220000  0.127017  0.000000
  -77.749  -49.080  -49.003  -48.886  -23.478  -23.399  -21.013  -19.873  -13.338  -11.946
  -11.697  -10.818   -9.873   -9.834   -9.800   -8.679   -8.272   -8.271   -8.077   -7.331
   -5.910   -3.583   -3.550   -3.259   -2.674   -0.307   -0.207    1.587    1.744    2.657
    2.996    3.763    4.727    4.770    4.866
            0.215000  0.124130  0.000000
  -77.750  -49.076  -49.002  -48.886  -23.512  -23.432  -21.034  -19.883  -13.342  -11.860
  -11.629  -10.824   -9.836   -9.812   -9.778   -8.692   -8.289   -8.244   -8.058   -7.320
   -5.888   -3.565   -3.541   -3.271   -2.693   -0.267   -0.171    1.566    1.717    2.648
    2.974    3.699    4.669    4.739    4.803
            0.210000  0.121244  0.000000
  -77.750  -49.072  -49.002  -48.887  -23.545  -23.464  -21.055  -19.894  -13.349  -11.774
  -11.558  -10.830   -9.799   -9.790   -9.756   -8.705   -8.307   -8.216   -8.038   -7.310
   -5.865   -3.547   -3.532   -3.282   -2.712   -0.230   -0.137    1.547    1.693    2.638
    2.949    3.634    4.611    4.709    4.740
            0.205000  0.118357  0.000000
  -77.751  -49.069  -49.001  -48.888  -23.577  -23.496  -21.076  -19.904  -13.358  -11.689
  -11.486  -10.835   -9.768   -9.762   -9.734   -8.718   -8.326   -8.188   -8.017   -7.299
   -5.842   -3.529   -3.524   -3.293   -2.731   -0.198   -0.107    1.532    1.671    2.627
    2.923    3.569    4.552    4.677    4.680
            0.200000  0.115470  0.000000
  -77.751  -49.065  -49.000  -48.888  -23.608  -23.527  -21.096  -19.914  -13.367  -11.605
  -11.413  -10.839   -9.746   -9.726   -9.712   -8.731   -8.344   -8.160   -7.997   -7.289
   -5.819   -3.515   -3.511   -3.303   -2.751   -0.170   -0.079    1.520    1.652    2.615
    2.895    3.504    4.493    4.614    4.651
            0.195000  0.112583  0.000000
  -77.752  -49.061  -48.999  -48.889  -23.639  -23.558  -21.116  -19.924  -13.378  -11.523
  -11.339  -10.843   -9.724   -9.690   -9.689   -8.745   -8.362   -8.133   -7.976   -7.278
   -5.795   -3.507   -3.494   -3.312   -2.770   -0.147   -0.054    1.512    1.637    2.602
    2.866    3.439    4.434    4.552    4.623
            0.190000  0.109697  0.000000
  -77.752  -49.058  -48.998  -48.889  -23.670  -23.587  -21.136  -19.934  -13.390  -11.442
  -11.263  -10.845   -9.702   -9.668   -9.652   -8.758   -8.380   -8.106   -7.955   -7.267
   -5.771   -3.499   -3.477   -3.321   -2.789   -0.129   -0.032    1.508    1.626    2.589
    2.836    3.375    4.375    4.489    4.595
            0.185000  0.106810  0.000000
  -77.752  -49.054  -48.998  -48.890  -23.699  -23.617  -21.156  -19.944  -13.403  -11.363
  -11.188  -10.845   -9.681   -9.647   -9.616   -8.772   -8.398   -8.079   -7.935   -7.257
   -5.748   -3.492   -3.460   -3.328   -2.808   -0.117   -0.015    1.509    1.619    2.574
    2.805    3.311    4.316    4.427    4.567
            0.180000  0.103923  0.000000
  -77.753  -49.051  -48.997  -48.891  -23.728  -23.645  -21.175  -19.954  -13.416  -11.288
  -11.112  -10.841   -9.660   -9.625   -9.579   -8.785   -8.415   -8.053   -7.914   -7.247
   -5.724   -3.484   -3.443   -3.334   -2.828   -0.111   -0.001    1.514    1.617    2.559
    2.773    3.247    4.257    4.365    4.538
            0.175000  0.101036  0.000000
  -77.753  -49.047  -48.996  -48.891  -23.756  -23.673  -21.194  -19.964  -13.430  -11.219
  -11.036  -10.832   -9.639   -9.604   -9.543   -8.798   -8.432   -8.028   -7.894   -7.237
   -5.700   -3.477   -3.426   -3.339   -2.847   -0.110    0.008    1.523    1.620    2.542
    2.740    3.184    4.198    4.304    4.510
            0.170000  0.098150  0.000000
  -77.754  -49.044  -48.995  -48.892  -23.784  -23.700  -21.213  -19.974  -13.445  -11.158
  -10.961  -10.815   -9.618   -9.582   -9.508   -8.812   -8.449   -8.003   -7.873   -7.227
   -5.677   -3.471   -3.410   -3.343   -2.866   -0.115    0.012    1.537    1.628    2.525
    2.708    3.123    4.140    4.243    4.481
            0.165000  0.095263  0.000000
  -77.754  -49.041  -48.994  -48.893  -23.811  -23.727  -21.231  -19.983  -13.459  -11.108
  -10.886  -10.786   -9.597   -9.561   -9.472   -8.825   -8.465   -7.978   -7.853   -7.218
   -5.654   -3.464   -3.394   -3.346   -2.885   -0.125    0.012    1.555    1.641    2.508
    2.675    3.062    4.082    4.184    4.451
            0.160000  0.092376  0.000000
  -77.755  -49.037  -48.994  -48.893  -23.837  -23.753  -21.249  -19.992  -13.474  -11.073
  -10.814  -10.743   -9.577   -9.541   -9.437   -8.837   -8.481   -7.954   -7.833   -7.209
   -5.630   -3.458   -3.378   -3.347   -2.904   -0.140    0.007    1.577    1.658    2.490
    2.642    3.003    4.025    4.125    4.422
            0.155000  0.089489  0.000000
  -77.755  -49.034  -48.993  -48.894  -23.862  -23.778  -21.267  -20.001  -13.489  -11.050
  -10.742  -10.687   -9.557   -9.520   -9.403   -8.850   -8.497   -7.931   -7.813   -7.201
   -5.608   -3.453   -3.363   -3.347   -2.923   -0.159   -0.002    1.602    1.680    2.471
    2.610    2.945    3.969    4.067    4.392
            0.150000  0.086603  0.000000
  -77.755  -49.031  -48.992  -48.894  -23.887  -23.802  -21.284  -20.010  -13.504  -11.036
  -10.671  -10.622   -9.537   -9.500   -9.369   -8.863   -8.512   -7.908   -7.794   -7.193
   -5.585   -3.448   -3.348   -3.345   -2.942   -0.182   -0.016    1.630    1.706    2.452
    2.578    2.889    3.914    4.010    4.361
            0.145000  0.083716  0.000000
  -77.756  -49.028  -48.992  -48.895  -23.911  -23.826  -21.301  -20.019  -13.519  -11.030
  -10.600  -10.552   -9.518   -9.480   -9.335   -8.875   -8.527   -7.886   -7.775   -7.186
   -5.564   -3.443   -3.342   -3.333   -2.960   -0.209   -0.034    1.660    1.736    2.433
    2.547    2.836    3.860    3.954    4.329
            0.140000  0.080829  0.000000
  -77.756  -49.025  -48.991  -48.895  -23.934  -23.848  -21.317  -20.028  -13.533  -11.028
  -10.528  -10.480   -9.499   -9.460   -9.302   -8.887   -8.542   -7.865   -7.756   -7.179
   -5.542   -3.439   -3.337   -3.319   -2.978   -0.239   -0.055    1.693    1.768    2.413
    2.517    2.786    3.806    3.900    4.298
            0.135000  0.077942  0.000000
  -77.756  -49.022  -48.990  -48.896  -23.956  -23.870  -21.333  -20.036  -13.548  -11.028
  -10.456  -10.407   -9.480   -9.441   -9.270   -8.899   -8.556   -7.844   -7.737   -7.174
   -5.522   -3.434   -3.332   -3.305   -2.996   -0.271   -0.080    1.727    1.802    2.392
    2.488    2.739    3.754    3.846    4.265
            0.130000  0.075056  0.000000
  -77.757  -49.019  -48.990  -48.896  -23.978  -23.892  -21.349  -20.044  -13.562  -11.030
  -10.385  -10.334   -9.462   -9.422   -9.238   -8.910   -8.569   -7.823   -7.719   -7.169
   -5.501   -3.430   -3.325   -3.291   -3.014   -0.306   -0.107    1.762    1.838    2.369
    2.462    2.697    3.704    3.795    4.232
            0.125000  0.072169  0.000000
  -77.757  -49.017  -48.989  -48.897  -23.999  -23.912  -21.364  -20.052  -13.576  -11.033
  -10.315  -10.262   -9.444   -9.404   -9.207   -8.921   -8.582   -7.803   -7.701   -7.165
   -5.482   -3.425   -3.318   -3.278   -3.031   -0.342   -0.136    1.797    1.874    2.345
    2.439    2.660    3.654    3.744    4.199
            0.120000  0.069282  0.000000
  -77.757  -49.014  -48.988  -48.897  -24.019  -23.932  -21.378  -20.060  -13.590  -11.037
  -10.245  -10.190   -9.427   -9.386   -9.178   -8.931   -8.595   -7.784   -7.683   -7.162
   -5.463   -3.420   -3.309   -3.265   -3.048   -0.380   -0.168    1.831    1.909    2.317
    2.419    2.628    3.606    3.695    4.165
            0.115000  0.066395  0.000000
  -77.758  -49.011  -48.988  -48.898  -24.038  -23.951  -21.392  -20.067  -13.604  -11.041
  -10.177  -10.119   -9.410   -9.368   -9.149   -8.941   -8.607   -7.765   -7.666   -7.160
   -5.446   -3.415   -3.300   -3.253   -3.064   -0.419   -0.201    1.864    1.943    2.288
    2.405    2.604    3.560    3.648    4.130
            0.110000  0.063509  0.000000
  -77.758  -49.009  -48.987  -48.898  -24.057  -23.970  -21.406  -20.074  -13.617  -11.046
  -10.110  -10.050   -9.394   -9.351   -9.122   -8.950   -8.619   -7.747   -7.650   -7.159
   -5.428   -3.410   -3.290   -3.242   -3.080   -0.459   -0.235    1.894    1.973    2.255
    2.396    2.587    3.514    3.602    4.095
            0.105000  0.060622  0.000000
  -77.758  -49.006  -48.987  -48.899  -24.075  -23.987  -21.419  -20.081  -13.630  -11.050
  -10.045   -9.982   -9.379   -9.335   -9.096   -8.957   -8.630   -7.729   -7.633   -7.160
   -5.412   -3.404   -3.280   -3.231   -3.095   -0.500   -0.270    1.921    1.999    2.222
    2.393    2.578    3.471    3.558    4.060
            0.100000  0.057735  0.000000
  -77.759  -49.004  -48.986  -48.899  -24.092  -24.004  -21.431  -20.087  -13.642  -11.055
   -9.982   -9.915   -9.364   -9.319   -9.074   -8.963   -8.641   -7.711   -7.618   -7.161
   -5.397   -3.397   -3.270   -3.221   -3.109   -0.540   -0.305    1.943    2.019    2.187
    2.398    2.578    3.429    3.516    4.024
            0.095000  0.054848  0.000000
  -77.759  -49.002  -48.986  -48.900  -24.108  -24.020  -21.443  -20.094  -13.654  -11.060
   -9.921   -9.850   -9.349   -9.303   -9.056   -8.964   -8.651   -7.694   -7.603   -7.163
   -5.382   -3.391   -3.259   -3.212   -3.123   -0.581   -0.341    1.960    2.032    2.154
    2.410    2.585    3.389    3.475    3.989
            0.090000  0.051962  0.000000
  -77.759  -49.000  -48.985  -48.900  -24.123  -24.035  -21.454  -20.100  -13.665  -11.065
   -9.862   -9.787   -9.335   -9.289   -9.045   -8.959   -8.661   -7.677   -7.588   -7.166
   -5.369   -3.384   -3.247   -3.204   -3.135   -0.621   -0.376    1.971    2.039    2.121
    2.430    2.600    3.351    3.436    3.953
            0.085000  0.049075  0.000000
  -77.759  -48.998  -48.985  -48.900  -24.138  -24.049  -21.465  -20.105  -13.676  -11.069
   -9.805   -9.726   -9.322   -9.275   -9.042   -8.948   -8.670   -7.661   -7.574   -7.171
   -5.356   -3.376   -3.236   -3.199   -3.144   -0.661   -0.411    1.975    2.040    2.092
    2.456    2.621    3.314    3.399    3.917
            0.080000  0.046188  0.000000
  -77.760  -48.996  -48.984  -48.901  -24.151  -24.063  -21.475  -20.111  -13.686  -11.074
   -9.751   -9.667   -9.310   -9.261   -9.043   -8.932   -8.678   -7.645   -7.561   -7.176
   -5.345   -3.369   -3.224   -3.197   -3.149   -0.700   -0.446    1.970    2.036    2.069
    2.488    2.648    3.279    3.364    3.880
            0.075000  0.043301  0.000000
  -77.760  -48.994  -48.984  -48.901  -24.164  -24.076  -21.485  -20.116  -13.696  -11.078
   -9.698   -9.610   -9.298   -9.249   -9.048   -8.913   -8.686   -7.629   -7.549   -7.182
   -5.334   -3.361   -3.213   -3.201   -3.150   -0.738   -0.479    1.956    2.030    2.052
    2.524    2.679    3.246    3.331    3.844
            0.070000  0.040415  0.000000
  -77.760  -48.992  -48.983  -48.901  -24.176  -24.087  -21.494  -20.121  -13.705  -11.082
   -9.648   -9.556   -9.287   -9.237   -9.055   -8.895   -8.694   -7.614   -7.537   -7.189
   -5.324   -3.353   -3.207   -3.201   -3.147   -0.774   -0.512    1.934    2.023    2.040
    2.562    2.712    3.216    3.300    3.808
            0.065000  0.037528  0.000000
  -77.760  -48.991  -48.983  -48.902  -24.188  -24.099  -21.502  -20.125  -13.714  -11.086
   -9.601   -9.505   -9.276   -9.225   -9.062   -8.876   -8.701   -7.599   -7.526   -7.198
   -5.315   -3.346   -3.216   -3.190   -3.142   -0.810   -0.543    1.910    2.015    2.031
    2.603    2.748    3.187    3.271    3.772
            0.060000  0.034641  0.000000
  -77.761  -48.989  -48.983  -48.902  -24.198  -24.109  -21.510  -20.129  -13.722  -11.090
   -9.556   -9.456   -9.267   -9.215   -9.070   -8.858   -8.707   -7.584   -7.515   -7.206
   -5.306   -3.338   -3.224   -3.178   -3.137   -0.844   -0.573    1.884    2.007    2.023
    2.644    2.784    3.160    3.244    3.736
            0.055000  0.031754  0.000000
  -77.761  -48.988  -48.982  -48.902  -24.208  -24.118  -21.517  -20.133  -13.730  -11.093
   -9.514   -9.411   -9.258   -9.205   -9.079   -8.841   -8.713   -7.569   -7.505   -7.216
   -5.299   -3.330   -3.233   -3.168   -3.132   -0.875   -0.601    1.859    1.997    2.016
    2.686    2.821    3.135    3.219    3.700
            0.050000  0.028868  0.000000
  -77.761  -48.987  -48.982  -48.902  -24.217  -24.127  -21.524  -20.137  -13.736  -11.096
   -9.474   -9.369   -9.250   -9.196   -9.087   -8.825   -8.719   -7.555   -7.497   -7.226
   -5.292   -3.323   -3.241   -3.157   -3.126   -0.905   -0.628    1.835    1.988    2.010
    2.728    2.857    3.112    3.196    3.665
            0.045000  0.025981  0.000000
  -77.761  -48.986  -48.982  -48.902  -24.224  -24.135  -21.530  -20.140  -13.743  -11.099
   -9.437   -9.330   -9.242   -9.188   -9.096   -8.810   -8.724   -7.541   -7.488   -7.237
   -5.287   -3.316   -3.249   -3.147   -3.122   -0.933   -0.652    1.812    1.979    2.005
    2.769    2.892    3.091    3.175    3.630
            0.040000  0.023094  0.000000
  -77.761  -48.985  -48.982  -48.903  -24.232  -24.142  -21.535  -20.143  -13.748  -11.102
   -9.402   -9.294   -9.235   -9.181   -9.106   -8.797   -8.728   -7.527   -7.481   -7.248
   -5.282   -3.310   -3.256   -3.138   -3.117   -0.958   -0.674    1.792    1.970    1.999
    2.809    2.925    3.073    3.156    3.596
            0.035000  0.020207  0.000000
  -77.761  -48.984  -48.981  -48.903  -24.238  -24.148  -21.540  -20.145  -13.753  -11.104
   -9.370   -9.263   -9.230   -9.174   -9.115   -8.785   -8.732   -7.514   -7.475   -7.260
   -5.277   -3.304   -3.262   -3.130   -3.113   -0.981   -0.694    1.774    1.963    1.995
    2.848    2.957    3.056    3.140    3.562
            0.030000  0.017321  0.000000
  -77.761  -48.983  -48.981  -48.903  -24.243  -24.154  -21.544  -20.148  -13.758  -11.106
   -9.340   -9.235   -9.224   -9.169   -9.125   -8.774   -8.735   -7.501   -7.469   -7.271
   -5.273   -3.298   -3.268   -3.122   -3.110   -1.001   -0.712    1.758    1.956    1.991
    2.884    2.985    3.042    3.125    3.530
            0.025000  0.014434  0.000000
  -77.761  -48.982  -48.981  -48.903  -24.248  -24.158  -21.548  -20.149  -13.761  -11.108
   -9.312   -9.220   -9.212   -9.164   -9.136   -8.765   -8.738   -7.489   -7.464   -7.282
   -5.270   -3.294   -3.272   -3.115   -3.107   -1.019   -0.727    1.744    1.950    1.987
    2.917    3.012    3.030    3.113    3.499
            0.020000  0.011547  0.000000
  -77.761  -48.982  -48.981  -48.903  -24.252  -24.162  -21.551  -20.151  -13.764  -11.109
   -9.287   -9.217   -9.193   -9.160   -9.146   -8.758   -8.740   -7.478   -7.460   -7.293
   -5.268   -3.290   -3.276   -3.110   -3.104   -1.033   -0.739    1.732    1.945    1.984
    2.946    3.020    3.035    3.103    3.471
            0.015000  0.008660  0.000000
  -77.762  -48.981  -48.981  -48.903  -24.255  -24.165  -21.553  -20.152  -13.767  -11.110
   -9.264   -9.214   -9.180   -9.157   -9.156   -8.752   -8.742   -7.468   -7.457   -7.302
   -5.266   -3.287   -3.279   -3.106   -3.102   -1.044   -0.749    1.723    1.941    1.981
    2.970    3.012    3.055    3.095    3.446
            0.010000  0.005774  0.000000
  -77.762  -48.981  -48.981  -48.903  -24.257  -24.167  -21.554  -20.153  -13.768  -11.111
   -9.244   -9.212   -9.180   -9.158   -9.155   -8.747   -8.743   -7.460   -7.455   -7.309
   -5.265   -3.285   -3.282   -3.102   -3.101   -1.052   -0.756    1.717    1.938    1.980
    2.987    3.006    3.071    3.090    3.426
            0.005000  0.002887  0.000000
  -77.762  -48.981  -48.981  -48.903  -24.258  -24.168  -21.555  -20.154  -13.769  -11.111
   -9.225   -9.211   -9.192   -9.154   -9.153   -8.745   -8.744   -7.455   -7.453   -7.314
   -5.264   -3.284   -3.283   -3.100   -3.100   -1.057   -0.760    1.713    1.936    1.979
    2.998    3.003    3.082    3.086    3.414
            0.000000  0.000000  0.000000
  -77.762  -48.981  -48.981  -48.903  -24.259  -24.168  -21.556  -20.154  -13.770  -11.111
   -9.210   -9.210   -9.204   -9.153   -9.153   -8.744   -8.744   -7.454   -7.453   -7.316
   -5.263   -3.284   -3.283   -3.100   -3.100   -1.059   -0.762    1.712    1.936    1.978
    3.002    3.002    3.085    3.086    3.409
