 &plot nbnd=  35, nks=   261 /
            0.000000  0.000000  0.000000
  -77.739  -48.976  -48.975  -48.851  -23.868  -23.765  -21.276  -19.877  -13.475  -10.766
   -9.194   -9.194   -9.128   -9.127   -8.913   -8.679   -8.679   -7.400   -7.398   -7.104
   -5.180   -3.354   -3.352   -3.154   -3.154   -1.501   -1.207    1.385    1.801    1.837
    2.618    2.618    2.719    2.720    3.215
            0.003333  0.005774  0.000000
  -77.739  -48.976  -48.976  -48.851  -23.867  -23.764  -21.275  -19.877  -13.474  -10.765
   -9.198   -9.195   -9.130   -9.128   -8.911   -8.680   -8.679   -7.401   -7.399   -7.103
   -5.180   -3.353   -3.353   -3.155   -3.154   -1.499   -1.205    1.386    1.802    1.838
    2.614    2.620    2.716    2.721    3.219
            0.006667  0.011547  0.000000
  -77.739  -48.976  -48.976  -48.851  -23.866  -23.763  -21.274  -19.876  -13.473  -10.765
   -9.208   -9.196   -9.139   -9.130   -8.906   -8.683   -8.678   -7.404   -7.401   -7.099
   -5.181   -3.355   -3.352   -3.158   -3.155   -1.492   -1.199    1.391    1.804    1.839
    2.603    2.624    2.705    2.725    3.232
            0.010000  0.017321  0.000000
  -77.739  -48.976  -48.976  -48.851  -23.863  -23.760  -21.272  -19.875  -13.471  -10.764
   -9.226   -9.199   -9.153   -9.133   -8.898   -8.689   -8.676   -7.409   -7.403   -7.094
   -5.183   -3.358   -3.349   -3.162   -3.157   -1.481   -1.189    1.399    1.807    1.842
    2.585    2.631    2.687    2.732    3.251
            0.013333  0.023094  0.000000
  -77.739  -48.977  -48.976  -48.851  -23.859  -23.757  -21.269  -19.874  -13.468  -10.763
   -9.249   -9.203   -9.173   -9.137   -8.888   -8.696   -8.674   -7.416   -7.407   -7.087
   -5.185   -3.362   -3.345   -3.168   -3.160   -1.465   -1.176    1.410    1.812    1.845
    2.560    2.641    2.663    2.742    3.276
            0.016667  0.028868  0.000000
  -77.739  -48.977  -48.976  -48.851  -23.854  -23.752  -21.266  -19.872  -13.465  -10.761
   -9.277   -9.212   -9.195   -9.142   -8.877   -8.705   -8.671   -7.425   -7.412   -7.079
   -5.188   -3.367   -3.340   -3.175   -3.163   -1.445   -1.159    1.425    1.818    1.849
    2.530    2.635    2.655    2.755    3.306
            0.020000  0.034641  0.000000
  -77.739  -48.978  -48.976  -48.850  -23.849  -23.746  -21.262  -19.870  -13.461  -10.759
   -9.310   -9.235   -9.208   -9.149   -8.866   -8.716   -8.668   -7.435   -7.418   -7.069
   -5.192   -3.373   -3.334   -3.183   -3.167   -1.421   -1.138    1.442    1.826    1.854
    2.495    2.603    2.670    2.771    3.339
            0.023333  0.040415  0.000000
  -77.739  -48.979  -48.976  -48.850  -23.842  -23.739  -21.257  -19.867  -13.455  -10.757
   -9.346   -9.269   -9.216   -9.157   -8.854   -8.729   -8.664   -7.445   -7.426   -7.059
   -5.197   -3.380   -3.327   -3.192   -3.171   -1.394   -1.114    1.462    1.834    1.859
    2.456    2.568    2.689    2.790    3.374
            0.026667  0.046188  0.000000
  -77.739  -48.980  -48.976  -48.850  -23.834  -23.731  -21.251  -19.864  -13.450  -10.754
   -9.387   -9.309   -9.224   -9.167   -8.842   -8.742   -8.660   -7.457   -7.434   -7.049
   -5.203   -3.388   -3.319   -3.203   -3.176   -1.362   -1.086    1.484    1.844    1.865
    2.413    2.531    2.711    2.811    3.412
            0.030000  0.051962  0.000000
  -77.739  -48.981  -48.977  -48.850  -23.825  -23.723  -21.245  -19.861  -13.443  -10.752
   -9.431   -9.354   -9.233   -9.177   -8.832   -8.757   -8.655   -7.468   -7.444   -7.039
   -5.209   -3.396   -3.311   -3.213   -3.182   -1.328   -1.056    1.509    1.854    1.872
    2.369    2.491    2.735    2.836    3.451
            0.033333  0.057735  0.000000
  -77.738  -48.982  -48.977  -48.850  -23.815  -23.713  -21.237  -19.857  -13.436  -10.748
   -9.479   -9.402   -9.243   -9.190   -8.824   -8.769   -8.650   -7.481   -7.455   -7.029
   -5.217   -3.404   -3.301   -3.225   -3.188   -1.290   -1.023    1.537    1.864    1.880
    2.322    2.449    2.762    2.864    3.491
            0.036667  0.063509  0.000000
  -77.738  -48.983  -48.977  -48.849  -23.804  -23.702  -21.229  -19.853  -13.428  -10.745
   -9.530   -9.455   -9.254   -9.203   -8.824   -8.776   -8.644   -7.493   -7.467   -7.020
   -5.226   -3.413   -3.292   -3.236   -3.194   -1.250   -0.987    1.566    1.875    1.888
    2.275    2.407    2.793    2.894    3.532
            0.040000  0.069282  0.000000
  -77.738  -48.985  -48.978  -48.849  -23.792  -23.690  -21.221  -19.849  -13.419  -10.741
   -9.584   -9.511   -9.267   -9.218   -8.834   -8.773   -8.637   -7.506   -7.480   -7.011
   -5.236   -3.422   -3.282   -3.247   -3.200   -1.208   -0.949    1.596    1.884    1.896
    2.228    2.365    2.826    2.928    3.573
            0.043333  0.075056  0.000000
  -77.738  -48.986  -48.978  -48.849  -23.778  -23.677  -21.211  -19.844  -13.410  -10.738
   -9.640   -9.570   -9.281   -9.235   -8.851   -8.765   -8.630   -7.519   -7.495   -7.002
   -5.247   -3.431   -3.276   -3.257   -3.205   -1.163   -0.909    1.627    1.891    1.904
    2.182    2.323    2.861    2.964    3.616
            0.046667  0.080829  0.000000
  -77.738  -48.988  -48.978  -48.849  -23.764  -23.663  -21.201  -19.839  -13.400  -10.734
   -9.700   -9.632   -9.297   -9.253   -8.871   -8.754   -8.623   -7.533   -7.510   -6.995
   -5.259   -3.440   -3.278   -3.261   -3.207   -1.116   -0.867    1.657    1.898    1.909
    2.141    2.285    2.900    3.004    3.658
            0.050000  0.086603  0.000000
  -77.737  -48.990  -48.979  -48.848  -23.749  -23.648  -21.190  -19.833  -13.389  -10.730
   -9.761   -9.697   -9.314   -9.272   -8.893   -8.742   -8.614   -7.547   -7.527   -6.989
   -5.272   -3.448   -3.287   -3.262   -3.204   -1.068   -0.824    1.684    1.904    1.907
    2.107    2.251    2.941    3.047    3.702
            0.053333  0.092376  0.000000
  -77.737  -48.992  -48.979  -48.848  -23.733  -23.632  -21.179  -19.827  -13.378  -10.726
   -9.826   -9.764   -9.333   -9.293   -8.916   -8.730   -8.605   -7.562   -7.543   -6.983
   -5.286   -3.457   -3.297   -3.268   -3.195   -1.018   -0.779    1.703    1.892    1.913
    2.087    2.222    2.985    3.092    3.745
            0.056667  0.098150  0.000000
  -77.737  -48.994  -48.980  -48.848  -23.715  -23.615  -21.167  -19.821  -13.366  -10.722
   -9.892   -9.833   -9.354   -9.315   -8.939   -8.717   -8.596   -7.580   -7.559   -6.979
   -5.302   -3.464   -3.308   -3.276   -3.182   -0.966   -0.732    1.710    1.864    1.928
    2.081    2.202    3.031    3.141    3.790
            0.060000  0.103923  0.000000
  -77.737  -48.996  -48.980  -48.847  -23.697  -23.597  -21.154  -19.814  -13.354  -10.718
   -9.961   -9.904   -9.377   -9.337   -8.963   -8.705   -8.586   -7.601   -7.573   -6.976
   -5.319   -3.472   -3.319   -3.287   -3.167   -0.914   -0.685    1.701    1.825    1.951
    2.087    2.189    3.079    3.192    3.834
            0.063333  0.109697  0.000000
  -77.737  -48.998  -48.981  -48.847  -23.678  -23.578  -21.141  -19.808  -13.341  -10.715
  -10.031   -9.975   -9.403   -9.361   -8.988   -8.692   -8.575   -7.623   -7.586   -6.974
   -5.336   -3.478   -3.329   -3.300   -3.150   -0.861   -0.637    1.677    1.780    1.984
    2.100    2.185    3.130    3.246    3.879
            0.066667  0.115470  0.000000
  -77.736  -49.000  -48.982  -48.846  -23.658  -23.558  -21.127  -19.801  -13.328  -10.713
  -10.103  -10.048   -9.431   -9.385   -9.013   -8.678   -8.564   -7.648   -7.599   -6.972
   -5.355   -3.485   -3.338   -3.314   -3.131   -0.807   -0.588    1.642    1.732    2.023
    2.117    2.187    3.182    3.304    3.924
            0.070000  0.121244  0.000000
  -77.736  -49.003  -48.982  -48.846  -23.636  -23.537  -21.112  -19.793  -13.314  -10.711
  -10.177  -10.121   -9.461   -9.410   -9.039   -8.665   -8.552   -7.674   -7.611   -6.972
   -5.375   -3.490   -3.347   -3.329   -3.112   -0.753   -0.539    1.599    1.681    2.067
    2.137    2.195    3.236    3.363    3.970
            0.073333  0.127017  0.000000
  -77.736  -49.005  -48.983  -48.846  -23.614  -23.515  -21.097  -19.785  -13.301  -10.712
  -10.251  -10.194   -9.493   -9.437   -9.065   -8.652   -8.539   -7.703   -7.622   -6.973
   -5.396   -3.495   -3.356   -3.344   -3.092   -0.699   -0.489    1.552    1.628    2.113
    2.159    2.208    3.290    3.426    4.017
            0.076667  0.132791  0.000000
  -77.735  -49.008  -48.983  -48.845  -23.591  -23.492  -21.081  -19.777  -13.287  -10.716
  -10.325  -10.265   -9.527   -9.464   -9.091   -8.638   -8.526   -7.732   -7.633   -6.975
   -5.418   -3.499   -3.365   -3.359   -3.071   -0.644   -0.439    1.501    1.575    2.159
    2.183    2.226    3.346    3.490    4.065
            0.080000  0.138564  0.000000
  -77.735  -49.010  -48.984  -48.845  -23.567  -23.468  -21.065  -19.769  -13.272  -10.725
  -10.399  -10.333   -9.564   -9.492   -9.117   -8.624   -8.513   -7.763   -7.643   -6.978
   -5.440   -3.502   -3.379   -3.370   -3.050   -0.589   -0.389    1.449    1.521    2.194
    2.217    2.250    3.402    3.557    4.113
            0.083333  0.144338  0.000000
  -77.735  -49.013  -48.985  -48.844  -23.542  -23.443  -21.048  -19.761  -13.258  -10.742
  -10.472  -10.396   -9.602   -9.522   -9.143   -8.610   -8.499   -7.796   -7.653   -6.982
   -5.463   -3.505   -3.396   -3.377   -3.028   -0.535   -0.340    1.396    1.467    2.217
    2.256    2.285    3.458    3.626    4.163
            0.086667  0.150111  0.000000
  -77.734  -49.016  -48.986  -48.844  -23.516  -23.417  -21.030  -19.752  -13.244  -10.771
  -10.546  -10.447   -9.641   -9.553   -9.170   -8.596   -8.485   -7.830   -7.663   -6.986
   -5.487   -3.508   -3.415   -3.384   -3.005   -0.481   -0.290    1.342    1.413    2.237
    2.287    2.334    3.513    3.696    4.215
            0.090000  0.155885  0.000000
  -77.734  -49.018  -48.986  -48.843  -23.489  -23.391  -21.012  -19.743  -13.229  -10.814
  -10.619  -10.485   -9.682   -9.585   -9.197   -8.582   -8.471   -7.865   -7.672   -6.992
   -5.511   -3.510   -3.433   -3.390   -2.983   -0.427   -0.241    1.289    1.360    2.257
    2.316    2.387    3.567    3.768    4.269
            0.093333  0.161658  0.000000
  -77.734  -49.021  -48.987  -48.843  -23.461  -23.363  -20.994  -19.734  -13.215  -10.871
  -10.693  -10.509   -9.725   -9.618   -9.225   -8.568   -8.456   -7.901   -7.680   -6.998
   -5.536   -3.512   -3.452   -3.395   -2.959   -0.374   -0.192    1.236    1.307    2.277
    2.345    2.443    3.619    3.841    4.325
            0.096667  0.167432  0.000000
  -77.733  -49.024  -48.988  -48.842  -23.432  -23.335  -20.975  -19.725  -13.201  -10.939
  -10.768  -10.522   -9.769   -9.653   -9.253   -8.553   -8.441   -7.938   -7.688   -7.006
   -5.561   -3.515   -3.471   -3.399   -2.936   -0.322   -0.144    1.185    1.256    2.297
    2.376    2.499    3.669    3.914    4.384
            0.100000  0.173205  0.000000
  -77.733  -49.027  -48.989  -48.842  -23.402  -23.305  -20.956  -19.715  -13.188  -11.013
  -10.842  -10.528   -9.814   -9.689   -9.280   -8.539   -8.426   -7.976   -7.696   -7.014
   -5.587   -3.519   -3.488   -3.403   -2.912   -0.270   -0.096    1.134    1.205    2.316
    2.407    2.556    3.716    3.987    4.445
            0.103333  0.178979  0.000000
  -77.733  -49.030  -48.990  -48.841  -23.372  -23.275  -20.936  -19.705  -13.175  -11.092
  -10.917  -10.529   -9.860   -9.726   -9.309   -8.524   -8.411   -8.015   -7.702   -7.022
   -5.612   -3.530   -3.499   -3.406   -2.888   -0.220   -0.049    1.085    1.156    2.336
    2.439    2.614    3.761    4.060    4.509
            0.106667  0.184752  0.000000
  -77.732  -49.033  -48.991  -48.840  -23.340  -23.244  -20.916  -19.696  -13.162  -11.173
  -10.991  -10.527   -9.908   -9.764   -9.337   -8.510   -8.396   -8.055   -7.708   -7.031
   -5.638   -3.547   -3.505   -3.407   -2.864   -0.170   -0.003    1.037    1.108    2.354
    2.471    2.672    3.802    4.131    4.576
            0.110000  0.190526  0.000000
  -77.732  -49.036  -48.992  -48.840  -23.308  -23.212  -20.896  -19.686  -13.151  -11.257
  -11.064  -10.524   -9.956   -9.804   -9.366   -8.496   -8.382   -8.095   -7.714   -7.041
   -5.664   -3.567   -3.508   -3.408   -2.840   -0.123    0.042    0.991    1.062    2.372
    2.504    2.731    3.841    4.201    4.646
            0.113333  0.196299  0.000000
  -77.731  -49.040  -48.993  -48.839  -23.275  -23.179  -20.875  -19.676  -13.141  -11.341
  -11.135  -10.519  -10.005   -9.845   -9.395   -8.481   -8.369   -8.134   -7.718   -7.052
   -5.690   -3.588   -3.511   -3.407   -2.815   -0.077    0.086    0.948    1.018    2.390
    2.537    2.789    3.876    4.269    4.717
            0.116667  0.202073  0.000000
  -77.731  -49.043  -48.994  -48.839  -23.241  -23.146  -20.854  -19.666  -13.132  -11.426
  -11.205  -10.514  -10.055   -9.886   -9.424   -8.467   -8.358   -8.172   -7.722   -7.063
   -5.716   -3.610   -3.514   -3.405   -2.791   -0.032    0.129    0.907    0.976    2.407
    2.570    2.848    3.909    4.334    4.791
            0.120000  0.207846  0.000000
  -77.731  -49.046  -48.995  -48.838  -23.206  -23.111  -20.833  -19.655  -13.124  -11.512
  -11.274  -10.508  -10.106   -9.929   -9.453   -8.453   -8.351   -8.206   -7.725   -7.075
   -5.741   -3.633   -3.518   -3.402   -2.767    0.009    0.170    0.870    0.937    2.423
    2.604    2.908    3.940    4.395    4.865
            0.123333  0.213620  0.000000
  -77.730  -49.049  -48.996  -48.837  -23.170  -23.076  -20.812  -19.645  -13.118  -11.598
  -11.340  -10.502  -10.158   -9.972   -9.482   -8.441   -8.353   -8.232   -7.728   -7.087
   -5.766   -3.656   -3.522   -3.398   -2.743    0.048    0.209    0.835    0.900    2.438
    2.638    2.967    3.968    4.453    4.940
            0.126667  0.219393  0.000000
  -77.730  -49.052  -48.997  -48.837  -23.134  -23.040  -20.790  -19.635  -13.115  -11.683
  -11.403  -10.496  -10.211  -10.016   -9.511   -8.431   -8.365   -8.244   -7.729   -7.100
   -5.791   -3.679   -3.528   -3.392   -2.720    0.083    0.246    0.805    0.867    2.453
    2.671    3.027    3.995    4.507    5.015
            0.130000  0.225167  0.000000
  -77.729  -49.055  -48.998  -48.836  -23.097  -23.003  -20.768  -19.625  -13.113  -11.768
  -11.463  -10.490  -10.263  -10.061   -9.541   -8.432   -8.381   -8.245   -7.730   -7.113
   -5.816   -3.702   -3.533   -3.386   -2.696    0.114    0.279    0.780    0.839    2.466
    2.704    3.086    4.021    4.557    5.089
            0.133333  0.230940  0.000000
  -77.729  -49.059  -49.000  -48.835  -23.059  -22.966  -20.746  -19.615  -13.114  -11.853
  -11.521  -10.486  -10.317  -10.105   -9.570   -8.456   -8.380   -8.238   -7.730   -7.127
   -5.840   -3.725   -3.540   -3.378   -2.673    0.140    0.309    0.761    0.815    2.478
    2.737    3.146    4.046    4.604    5.161
            0.136667  0.236714  0.000000
  -77.728  -49.062  -49.001  -48.835  -23.020  -22.928  -20.724  -19.604  -13.118  -11.938
  -11.574  -10.484  -10.371  -10.148   -9.600   -8.494   -8.371   -8.228   -7.729   -7.141
   -5.863   -3.748   -3.547   -3.370   -2.651    0.161    0.334    0.747    0.798    2.490
    2.770    3.207    4.071    4.647    5.230
            0.140000  0.242487  0.000000
  -77.728  -49.065  -49.002  -48.834  -22.981  -22.889  -20.702  -19.594  -13.126  -12.022
  -11.624  -10.486  -10.424  -10.189   -9.629   -8.536   -8.359   -8.217   -7.727   -7.156
   -5.886   -3.771   -3.555   -3.361   -2.628    0.176    0.352    0.740    0.788    2.501
    2.802    3.267    4.095    4.687    5.296
            0.143333  0.248261  0.000000
  -77.728  -49.068  -49.003  -48.834  -22.941  -22.849  -20.680  -19.584  -13.136  -12.105
  -11.669  -10.499  -10.470  -10.227   -9.659   -8.580   -8.346   -8.206   -7.724   -7.171
   -5.908   -3.794   -3.563   -3.351   -2.607    0.184    0.364    0.740    0.787    2.510
    2.833    3.327    4.120    4.725    5.358
            0.146667  0.254034  0.000000
  -77.727  -49.071  -49.005  -48.833  -22.900  -22.809  -20.657  -19.574  -13.151  -12.187
  -11.710  -10.543  -10.493  -10.259   -9.688   -8.625   -8.333   -8.195   -7.720   -7.187
   -5.930   -3.816   -3.572   -3.340   -2.586    0.186    0.369    0.747    0.794    2.519
    2.863    3.388    4.146    4.760    5.414
            0.150000  0.259808  0.000000
  -77.727  -49.074  -49.006  -48.832  -22.859  -22.768  -20.635  -19.564  -13.169  -12.269
  -11.747  -10.597  -10.514  -10.284   -9.717   -8.671   -8.321   -8.184   -7.716   -7.202
   -5.951   -3.839   -3.581   -3.329   -2.565    0.183    0.367    0.761    0.809    2.528
    2.893    3.449    4.172    4.792    5.464
            0.153333  0.265581  0.000000
  -77.726  -49.078  -49.007  -48.832  -22.817  -22.727  -20.613  -19.555  -13.190  -12.349
  -11.778  -10.653  -10.544  -10.299   -9.745   -8.717   -8.308   -8.175   -7.711   -7.218
   -5.971   -3.861   -3.591   -3.318   -2.546    0.176    0.360    0.780    0.829    2.535
    2.921    3.509    4.200    4.822    5.506
            0.156667  0.271355  0.000000
  -77.726  -49.081  -49.009  -48.831  -22.775  -22.685  -20.591  -19.545  -13.216  -12.429
  -11.805  -10.709  -10.582  -10.307   -9.773   -8.763   -8.296   -8.165   -7.704   -7.234
   -5.990   -3.883   -3.601   -3.306   -2.527    0.166    0.348    0.804    0.855    2.543
    2.949    3.570    4.230    4.849    5.539
            0.160000  0.277128  0.000000
  -77.725  -49.084  -49.010  -48.830  -22.732  -22.642  -20.569  -19.536  -13.245  -12.507
  -11.828  -10.766  -10.626  -10.309   -9.801   -8.808   -8.285   -8.157   -7.697   -7.251
   -6.008   -3.904   -3.612   -3.294   -2.508    0.154    0.334    0.831    0.884    2.550
    2.975    3.630    4.261    4.873    5.562
            0.163333  0.282902  0.000000
  -77.725  -49.087  -49.012  -48.830  -22.688  -22.599  -20.548  -19.527  -13.278  -12.584
  -11.845  -10.824  -10.675  -10.307   -9.829   -8.854   -8.274   -8.150   -7.690   -7.267
   -6.025   -3.925   -3.622   -3.282   -2.491    0.140    0.318    0.861    0.916    2.557
    3.000    3.690    4.295    4.894    5.573
            0.166667  0.288675  0.000000
  -77.725  -49.089  -49.013  -48.829  -22.644  -22.556  -20.526  -19.518  -13.314  -12.661
  -11.859  -10.881  -10.727  -10.303   -9.856   -8.899   -8.264   -8.144   -7.682   -7.283
   -6.042   -3.946   -3.633   -3.269   -2.475    0.126    0.301    0.893    0.949    2.563
    3.024    3.749    4.330    4.911    5.572
            0.170000  0.294449  0.000000
  -77.724  -49.092  -49.015  -48.828  -22.600  -22.512  -20.505  -19.509  -13.353  -12.735
  -11.869  -10.939  -10.781  -10.297   -9.883   -8.944   -8.255   -8.138   -7.673   -7.299
   -6.057   -3.966   -3.644   -3.257   -2.459    0.111    0.283    0.927    0.984    2.570
    3.047    3.807    4.368    4.926    5.557
            0.173333  0.300222  0.000000
  -77.724  -49.095  -49.016  -48.828  -22.555  -22.468  -20.484  -19.501  -13.394  -12.809
  -11.875  -10.997  -10.837  -10.290   -9.909   -8.988   -8.247   -8.134   -7.664   -7.315
   -6.071   -3.986   -3.656   -3.244   -2.444    0.096    0.266    0.961    1.020    2.577
    3.069    3.864    4.409    4.937    5.530
            0.176667  0.305996  0.000000
  -77.723  -49.098  -49.018  -48.827  -22.510  -22.423  -20.464  -19.493  -13.437  -12.881
  -11.879  -11.054  -10.894  -10.283   -9.935   -9.032   -8.241   -8.130   -7.655   -7.330
   -6.084   -4.006   -3.667   -3.230   -2.431    0.082    0.249    0.996    1.056    2.585
    3.089    3.919    4.451    4.946    5.494
            0.180000  0.311769  0.000000
  -77.723  -49.101  -49.019  -48.827  -22.464  -22.378  -20.444  -19.485  -13.482  -12.951
  -11.879  -11.112  -10.953  -10.275   -9.960   -9.075   -8.236   -8.126   -7.645   -7.345
   -6.096   -4.025   -3.678   -3.217   -2.418    0.069    0.232    1.032    1.093    2.593
    3.109    3.970    4.497    4.954    5.451
            0.183333  0.317543  0.000000
  -77.722  -49.103  -49.021  -48.826  -22.418  -22.332  -20.424  -19.478  -13.528  -13.020
  -11.878  -11.170  -11.012  -10.267   -9.984   -9.116   -8.233   -8.123   -7.637   -7.358
   -6.106   -4.044   -3.690   -3.204   -2.406    0.056    0.216    1.067    1.130    2.602
    3.128    4.019    4.544    4.961    5.404
            0.186667  0.323316  0.000000
  -77.722  -49.106  -49.023  -48.825  -22.372  -22.287  -20.405  -19.471  -13.575  -13.087
  -11.874  -11.227  -11.071  -10.259  -10.008   -9.157   -8.232   -8.120   -7.628   -7.371
   -6.116   -4.063   -3.701   -3.191   -2.395    0.045    0.201    1.103    1.167    2.612
    3.146    4.062    4.594    4.969    5.353
            0.190000  0.329090  0.000000
  -77.722  -49.108  -49.024  -48.825  -22.325  -22.241  -20.386  -19.464  -13.622  -13.153
  -11.869  -11.284  -11.132  -10.251  -10.031   -9.196   -8.234   -8.117   -7.622   -7.381
   -6.124   -4.082   -3.711   -3.177   -2.386    0.034    0.187    1.138    1.204    2.622
    3.163    4.100    4.646    4.980    5.301
            0.193333  0.334863  0.000000
  -77.721  -49.110  -49.026  -48.824  -22.279  -22.195  -20.367  -19.458  -13.670  -13.217
  -11.862  -11.341  -11.193  -10.244  -10.053   -9.234   -8.238   -8.114   -7.616   -7.389
   -6.131   -4.100   -3.722   -3.164   -2.377    0.024    0.174    1.172    1.242    2.634
    3.179    4.131    4.699    4.994    5.248
            0.196667  0.340637  0.000000
  -77.721  -49.113  -49.028  -48.824  -22.232  -22.149  -20.350  -19.452  -13.718  -13.279
  -11.856  -11.396  -11.254  -10.237  -10.075   -9.271   -8.246   -8.110   -7.613   -7.394
   -6.136   -4.119   -3.731   -3.151   -2.370    0.016    0.162    1.206    1.280    2.647
    3.195    4.155    4.753    5.015    5.196
            0.200000  0.346410  0.000000
  -77.720  -49.115  -49.029  -48.823  -22.185  -22.102  -20.333  -19.446  -13.766  -13.339
  -11.850  -11.449  -11.315  -10.231  -10.095   -9.306   -8.256   -8.107   -7.612   -7.396
   -6.141   -4.138   -3.740   -3.137   -2.363    0.009    0.151    1.239    1.317    2.661
    3.211    4.172    4.807    5.040    5.147
            0.203333  0.352184  0.000000
  -77.720  -49.117  -49.031  -48.823  -22.138  -22.056  -20.316  -19.442  -13.813  -13.397
  -11.845  -11.500  -11.377  -10.227  -10.115   -9.338   -8.269   -8.103   -7.613   -7.395
   -6.144   -4.156   -3.749   -3.124   -2.357    0.003    0.141    1.271    1.355    2.676
    3.226    4.181    4.854    5.072    5.107
            0.206667  0.357957  0.000000
  -77.720  -49.119  -49.033  -48.822  -22.091  -22.009  -20.300  -19.437  -13.859  -13.453
  -11.843  -11.546  -11.438  -10.224  -10.133   -9.369   -8.284   -8.100   -7.617   -7.390
   -6.145   -4.175   -3.756   -3.111   -2.353   -0.002    0.132    1.302    1.393    2.692
    3.241    4.183    4.883    5.086    5.112
            0.210000  0.363731  0.000000
  -77.719  -49.121  -49.035  -48.821  -22.044  -21.963  -20.285  -19.433  -13.905  -13.508
  -11.848  -11.586  -11.500  -10.223  -10.150   -9.397   -8.302   -8.098   -7.622   -7.383
   -6.146   -4.195   -3.763   -3.098   -2.349   -0.006    0.124    1.332    1.431    2.710
    3.257    4.180    4.879    5.103    5.154
            0.213333  0.369504  0.000000
  -77.719  -49.123  -49.037  -48.821  -21.998  -21.917  -20.271  -19.430  -13.950  -13.560
  -11.862  -11.616  -11.561  -10.225  -10.165   -9.423   -8.322   -8.096   -7.629   -7.374
   -6.145   -4.214   -3.768   -3.085   -2.347   -0.009    0.117    1.361    1.469    2.729
    3.272    4.172    4.848    5.147    5.201
            0.216667  0.375278  0.000000
  -77.719  -49.124  -49.038  -48.820  -21.951  -21.871  -20.257  -19.427  -13.993  -13.610
  -11.887  -11.640  -11.616  -10.230  -10.176   -9.446   -8.344   -8.095   -7.637   -7.363
   -6.144   -4.235   -3.773   -3.072   -2.345   -0.011    0.111    1.389    1.507    2.749
    3.286    4.160    4.806    5.199    5.255
            0.220000  0.381051  0.000000
  -77.718  -49.126  -49.040  -48.820  -21.905  -21.825  -20.244  -19.424  -14.035  -13.658
  -11.923  -11.690  -11.632  -10.240  -10.185   -9.466   -8.369   -8.096   -7.644   -7.350
   -6.141   -4.255   -3.776   -3.060   -2.344   -0.012    0.107    1.415    1.545    2.771
    3.301    4.146    4.761    5.243    5.319
            0.223333  0.386825  0.000000
  -77.718  -49.127  -49.042  -48.819  -21.859  -21.780  -20.232  -19.422  -14.075  -13.703
  -11.966  -11.750  -11.630  -10.252  -10.193   -9.483   -8.395   -8.098   -7.651   -7.336
   -6.137   -4.276   -3.778   -3.047   -2.344   -0.011    0.103    1.440    1.583    2.794
    3.317    4.131    4.715    5.273    5.391
            0.226667  0.392598  0.000000
  -77.718  -49.129  -49.044  -48.819  -21.813  -21.734  -20.220  -19.420  -14.114  -13.747
  -12.015  -11.812  -11.621  -10.266  -10.200   -9.496   -8.423   -8.102   -7.658   -7.321
   -6.131   -4.298   -3.779   -3.035   -2.345   -0.010    0.101    1.464    1.620    2.818
    3.332    4.114    4.670    5.290    5.470
            0.230000  0.398372  0.000000
  -77.717  -49.130  -49.046  -48.818  -21.767  -21.690  -20.210  -19.419  -14.152  -13.788
  -12.066  -11.873  -11.608  -10.281  -10.207   -9.507   -8.453   -8.107   -7.663   -7.306
   -6.125   -4.320   -3.779   -3.022   -2.347   -0.008    0.099    1.487    1.656    2.844
    3.347    4.098    4.627    5.293    5.552
            0.233333  0.404145  0.000000
  -77.717  -49.131  -49.048  -48.818  -21.722  -21.645  -20.200  -19.419  -14.187  -13.827
  -12.120  -11.934  -11.592  -10.296  -10.215   -9.514   -8.484   -8.115   -7.668   -7.291
   -6.118   -4.342   -3.778   -3.010   -2.349   -0.006    0.099    1.509    1.692    2.870
    3.362    4.082    4.586    5.285    5.636
            0.236667  0.409919  0.000000
  -77.717  -49.132  -49.050  -48.818  -21.678  -21.602  -20.191  -19.418  -14.221  -13.863
  -12.175  -11.995  -11.574  -10.311  -10.224   -9.519   -8.517   -8.124   -7.671   -7.275
   -6.111   -4.365   -3.775   -2.998   -2.353   -0.002    0.100    1.529    1.727    2.898
    3.377    4.067    4.547    5.270    5.721
            0.240000  0.415692  0.000000
  -77.717  -49.133  -49.052  -48.817  -21.634  -21.558  -20.183  -19.419  -14.252  -13.897
  -12.230  -12.056  -11.554  -10.327  -10.234   -9.520   -8.551   -8.135   -7.672   -7.259
   -6.102   -4.388   -3.772   -2.986   -2.357    0.002    0.102    1.549    1.761    2.926
    3.393    4.053    4.511    5.250    5.801
            0.243333  0.421466  0.000000
  -77.716  -49.134  -49.054  -48.817  -21.591  -21.516  -20.176  -19.420  -14.282  -13.928
  -12.285  -12.116  -11.533  -10.343  -10.244   -9.519   -8.586   -8.148   -7.673   -7.243
   -6.093   -4.412   -3.768   -2.974   -2.362    0.007    0.106    1.567    1.794    2.956
    3.408    4.041    4.479    5.227    5.859
            0.246667  0.427239  0.000000
  -77.716  -49.135  -49.056  -48.816  -21.549  -21.474  -20.170  -19.421  -14.309  -13.957
  -12.341  -12.176  -11.511  -10.358  -10.255   -9.516   -8.622   -8.163   -7.672   -7.227
   -6.082   -4.436   -3.762   -2.963   -2.367    0.012    0.110    1.584    1.826    2.986
    3.423    4.030    4.450    5.201    5.894
            0.250000  0.433013  0.000000
  -77.716  -49.135  -49.058  -48.816  -21.507  -21.433  -20.164  -19.422  -14.334  -13.983
  -12.396  -12.236  -11.489  -10.374  -10.265   -9.511   -8.659   -8.180   -7.670   -7.212
   -6.072   -4.460   -3.756   -2.951   -2.373    0.018    0.116    1.600    1.855    3.017
    3.439    4.021    4.424    5.173    5.912
            0.253333  0.438786  0.000000
  -77.715  -49.136  -49.060  -48.816  -21.467  -21.393  -20.159  -19.424  -14.357  -14.007
  -12.452  -12.295  -11.465  -10.390  -10.276   -9.503   -8.697   -8.198   -7.666   -7.196
   -6.061   -4.484   -3.749   -2.939   -2.380    0.025    0.122    1.615    1.883    3.048
    3.454    4.015    4.402    5.145    5.916
            0.256667  0.444560  0.000000
  -77.715  -49.136  -49.061  -48.815  -21.427  -21.354  -20.155  -19.426  -14.378  -14.028
  -12.507  -12.354  -11.441  -10.406  -10.286   -9.495   -8.735   -8.218   -7.662   -7.181
   -6.049   -4.509   -3.741   -2.928   -2.387    0.032    0.130    1.629    1.909    3.081
    3.470    4.011    4.384    5.116    5.908
            0.260000  0.450333  0.000000
  -77.715  -49.137  -49.063  -48.815  -21.389  -21.316  -20.152  -19.429  -14.396  -14.046
  -12.561  -12.412  -11.416  -10.422  -10.295   -9.486   -8.772   -8.239   -7.657   -7.166
   -6.037   -4.533   -3.733   -2.917   -2.395    0.040    0.138    1.642    1.933    3.114
    3.486    4.009    4.369    5.086    5.891
            0.263333  0.456107  0.000000
  -77.715  -49.137  -49.065  -48.815  -21.351  -21.279  -20.150  -19.431  -14.413  -14.062
  -12.615  -12.470  -11.391  -10.439  -10.304   -9.476   -8.810   -8.261   -7.652   -7.152
   -6.025   -4.557   -3.724   -2.905   -2.403    0.049    0.147    1.654    1.954    3.147
    3.502    4.010    4.358    5.057    5.868
            0.266667  0.461880  0.000000
  -77.715  -49.137  -49.067  -48.814  -21.315  -21.244  -20.148  -19.434  -14.427  -14.075
  -12.668  -12.527  -11.366  -10.455  -10.311   -9.466   -8.846   -8.284   -7.646   -7.138
   -6.013   -4.581   -3.715   -2.894   -2.412    0.058    0.158    1.664    1.972    3.181
    3.519    4.014    4.350    5.027    5.840
            0.270000  0.467654  0.000000
  -77.714  -49.137  -49.069  -48.814  -21.281  -21.209  -20.147  -19.437  -14.438  -14.085
  -12.721  -12.584  -11.340  -10.471  -10.317   -9.457   -8.882   -8.308   -7.640   -7.124
   -6.000   -4.605   -3.705   -2.883   -2.422    0.067    0.169    1.674    1.988    3.215
    3.536    4.020    4.346    4.997    5.808
            0.273333  0.473427  0.000000
  -77.714  -49.136  -49.071  -48.814  -21.247  -21.176  -20.146  -19.441  -14.447  -14.093
  -12.773  -12.639  -11.315  -10.487  -10.321   -9.449   -8.915   -8.333   -7.633   -7.112
   -5.988   -4.628   -3.695   -2.872   -2.431    0.078    0.180    1.683    2.000    3.249
    3.555    4.029    4.345    4.968    5.772
            0.276667  0.479201  0.000000
  -77.714  -49.136  -49.073  -48.814  -21.215  -21.144  -20.146  -19.444  -14.454  -14.098
  -12.824  -12.694  -11.289  -10.502  -10.324   -9.444   -8.946   -8.359   -7.626   -7.099
   -5.975   -4.651   -3.684   -2.861   -2.442    0.088    0.193    1.690    2.010    3.284
    3.575    4.040    4.346    4.939    5.733
            0.280000  0.484974  0.000000
  -77.714  -49.136  -49.075  -48.813  -21.185  -21.114  -20.146  -19.447  -14.459  -14.101
  -12.874  -12.749  -11.264  -10.517  -10.325   -9.442   -8.972   -8.385   -7.620   -7.087
   -5.963   -4.673   -3.674   -2.850   -2.452    0.100    0.206    1.697    2.017    3.318
    3.596    4.053    4.351    4.911    5.691
            0.283333  0.490748  0.000000
  -77.714  -49.135  -49.077  -48.813  -21.156  -21.085  -20.147  -19.450  -14.462  -14.101
  -12.923  -12.802  -11.239  -10.532  -10.325   -9.445   -8.994   -8.411   -7.613   -7.076
   -5.951   -4.695   -3.663   -2.839   -2.463    0.111    0.219    1.703    2.020    3.353
    3.619    4.068    4.357    4.883    5.646
            0.286667  0.496521  0.000000
  -77.714  -49.135  -49.079  -48.813  -21.129  -21.058  -20.149  -19.454  -14.462  -14.098
  -12.971  -12.854  -11.215  -10.546  -10.322   -9.452   -9.010   -8.438   -7.607   -7.066
   -5.939   -4.715   -3.653   -2.828   -2.474    0.124    0.233    1.707    2.021    3.388
    3.644    4.085    4.367    4.856    5.599
            0.290000  0.502295  0.000000
  -77.714  -49.134  -49.081  -48.813  -21.104  -21.033  -20.150  -19.457  -14.461  -14.093
  -13.018  -12.906  -11.191  -10.559  -10.317   -9.466   -9.019   -8.465   -7.601   -7.056
   -5.927   -4.735   -3.643   -2.817   -2.486    0.136    0.247    1.711    2.019    3.423
    3.670    4.103    4.378    4.829    5.549
            0.293333  0.508068  0.000000
  -77.713  -49.133  -49.083  -48.813  -21.081  -21.009  -20.152  -19.460  -14.457  -14.086
  -13.063  -12.956  -11.168  -10.572  -10.310   -9.486   -9.022   -8.492   -7.596   -7.047
   -5.916   -4.754   -3.633   -2.806   -2.497    0.149    0.261    1.714    2.015    3.458
    3.698    4.122    4.391    4.803    5.497
            0.296667  0.513842  0.000000
  -77.713  -49.133  -49.085  -48.812  -21.060  -20.988  -20.154  -19.463  -14.452  -14.077
  -13.106  -13.005  -11.147  -10.583  -10.300   -9.511   -9.019   -8.519   -7.591   -7.038
   -5.905   -4.772   -3.623   -2.795   -2.509    0.163    0.274    1.716    2.009    3.492
    3.728    4.142    4.405    4.778    5.443
            0.300000  0.519615  0.000000
  -77.713  -49.132  -49.087  -48.812  -21.040  -20.968  -20.156  -19.465  -14.446  -14.065
  -13.148  -13.052  -11.127  -10.594  -10.287   -9.541   -9.011   -8.546   -7.586   -7.030
   -5.895   -4.789   -3.614   -2.785   -2.521    0.177    0.288    1.717    2.001    3.526
    3.759    4.162    4.421    4.753    5.387
            0.303333  0.525389  0.000000
  -77.713  -49.131  -49.089  -48.812  -21.022  -20.949  -20.158  -19.467  -14.438  -14.051
  -13.187  -13.097  -11.109  -10.604  -10.272   -9.575   -8.999   -8.573   -7.581   -7.023
   -5.886   -4.804   -3.605   -2.774   -2.533    0.190    0.301    1.717    1.992    3.559
    3.790    4.182    4.438    4.730    5.329
            0.306667  0.531162  0.000000
  -77.713  -49.130  -49.090  -48.812  -21.007  -20.933  -20.160  -19.470  -14.430  -14.036
  -13.225  -13.141  -11.093  -10.613  -10.254   -9.611   -8.984   -8.600   -7.577   -7.017
   -5.877   -4.818   -3.597   -2.763   -2.545    0.204    0.314    1.716    1.982    3.591
    3.822    4.203    4.455    4.708    5.269
            0.310000  0.536936  0.000000
  -77.713  -49.129  -49.092  -48.812  -20.993  -20.919  -20.161  -19.471  -14.420  -14.020
  -13.260  -13.182  -11.079  -10.620  -10.233   -9.649   -8.966   -8.627   -7.574   -7.012
   -5.870   -4.830   -3.590   -2.753   -2.556    0.218    0.325    1.715    1.971    3.622
    3.853    4.223    4.471    4.690    5.209
            0.313333  0.542709  0.000000
  -77.713  -49.128  -49.094  -48.812  -20.982  -20.907  -20.163  -19.473  -14.410  -14.003
  -13.292  -13.219  -11.066  -10.627  -10.210   -9.688   -8.946   -8.654   -7.571   -7.007
   -5.863   -4.841   -3.583   -2.743   -2.567    0.231    0.336    1.713    1.960    3.652
    3.883    4.244    4.483    4.678    5.147
            0.316667  0.548483  0.000000
  -77.713  -49.127  -49.095  -48.812  -20.972  -20.897  -20.164  -19.474  -14.401  -13.986
  -13.321  -13.254  -11.056  -10.633  -10.185   -9.727   -8.925   -8.681   -7.569   -7.003
   -5.857   -4.851   -3.578   -2.734   -2.578    0.243    0.345    1.711    1.950    3.681
    3.910    4.265    4.489    4.674    5.086
            0.320000  0.554256  0.000000
  -77.713  -49.126  -49.096  -48.812  -20.964  -20.888  -20.165  -19.475  -14.392  -13.969
  -13.346  -13.283  -11.048  -10.637  -10.157   -9.766   -8.903   -8.707   -7.567   -7.000
   -5.852   -4.858   -3.573   -2.725   -2.587    0.255    0.353    1.708    1.941    3.707
    3.933    4.287    4.485    4.682    5.025
            0.323333  0.560030  0.000000
  -77.713  -49.125  -49.097  -48.812  -20.958  -20.882  -20.166  -19.476  -14.384  -13.954
  -13.367  -13.307  -11.042  -10.640  -10.130   -9.803   -8.880   -8.733   -7.566   -6.997
   -5.848   -4.864   -3.569   -2.717   -2.596    0.265    0.359    1.706    1.933    3.731
    3.950    4.310    4.473    4.699    4.966
            0.326667  0.565803  0.000000
  -77.713  -49.125  -49.098  -48.812  -20.954  -20.877  -20.167  -19.477  -14.378  -13.942
  -13.384  -13.325  -11.038  -10.643  -10.103   -9.836   -8.856   -8.758   -7.565   -6.996
   -5.846   -4.868   -3.566   -2.711   -2.602    0.273    0.364    1.704    1.927    3.751
    3.961    4.336    4.455    4.723    4.912
            0.330000  0.571577  0.000000
  -77.713  -49.124  -49.099  -48.812  -20.951  -20.875  -20.167  -19.477  -14.374  -13.934
  -13.394  -13.337  -11.035  -10.644  -10.083   -9.860   -8.833   -8.782   -7.564   -6.995
   -5.844   -4.871   -3.565   -2.707   -2.607    0.279    0.366    1.702    1.923    3.765
    3.966    4.365    4.430    4.749    4.868
            0.333333  0.577350  0.000000
  -77.713  -49.124  -49.099  -48.812  -20.951  -20.874  -20.167  -19.477  -14.373  -13.931
  -13.398  -13.340  -11.035  -10.645  -10.075   -9.869   -8.812   -8.803   -7.564   -6.994
   -5.844   -4.872   -3.564   -2.706   -2.608    0.281    0.367    1.702    1.921    3.770
    3.967    4.397    4.400    4.763    4.848
            0.336111  0.572539  0.000000
  -77.713  -49.124  -49.099  -48.812  -20.951  -20.874  -20.167  -19.477  -14.374  -13.934
  -13.395  -13.338  -11.035  -10.644  -10.081   -9.862   -8.828   -8.787   -7.564   -6.994
   -5.844   -4.871   -3.564   -2.707   -2.607    0.279    0.367    1.702    1.922    3.766
    3.967    4.367    4.429    4.755    4.861
            0.338889  0.567728  0.000000
  -77.713  -49.125  -49.098  -48.812  -20.953  -20.876  -20.167  -19.477  -14.377  -13.940
  -13.387  -13.330  -11.037  -10.644  -10.097   -9.843   -8.847   -8.767   -7.564   -6.995
   -5.845   -4.870   -3.566   -2.709   -2.604    0.274    0.365    1.704    1.926    3.751
    3.970    4.329    4.460    4.741    4.889
            0.341667  0.562917  0.000000
  -77.713  -49.125  -49.098  -48.812  -20.955  -20.879  -20.167  -19.476  -14.383  -13.950
  -13.374  -13.316  -11.039  -10.642  -10.121   -9.815   -8.866   -8.748   -7.565   -6.996
   -5.847   -4.867   -3.568   -2.713   -2.600    0.266    0.362    1.707    1.931    3.726
    3.976    4.285    4.493    4.732    4.923
            0.344444  0.558105  0.000000
  -77.713  -49.126  -49.097  -48.812  -20.959  -20.883  -20.166  -19.476  -14.390  -13.964
  -13.357  -13.297  -11.042  -10.641  -10.148   -9.782   -8.884   -8.728   -7.566   -6.998
   -5.849   -4.863   -3.570   -2.718   -2.594    0.254    0.357    1.711    1.939    3.692
    3.984    4.236    4.527    4.729    4.960
            0.347222  0.553294  0.000000
  -77.713  -49.127  -49.096  -48.812  -20.963  -20.887  -20.166  -19.476  -14.400  -13.982
  -13.335  -13.273  -11.046  -10.639  -10.177   -9.745   -8.902   -8.709   -7.567   -7.000
   -5.852   -4.858   -3.574   -2.724   -2.588    0.238    0.350    1.718    1.949    3.650
    3.995    4.182    4.561    4.731    4.998
            0.350000  0.548483  0.000000
  -77.713  -49.127  -49.095  -48.812  -20.968  -20.893  -20.166  -19.475  -14.411  -14.001
  -13.309  -13.244  -11.050  -10.636  -10.208   -9.706   -8.918   -8.691   -7.568   -7.002
   -5.856   -4.852   -3.578   -2.730   -2.581    0.219    0.341    1.727    1.962    3.603
    4.004    4.127    4.594    4.740    5.039
            0.352778  0.543672  0.000000
  -77.713  -49.128  -49.093  -48.812  -20.974  -20.899  -20.165  -19.475  -14.425  -14.023
  -13.280  -13.211  -11.055  -10.634  -10.238   -9.664   -8.935   -8.672   -7.569   -7.005
   -5.860   -4.846   -3.583   -2.736   -2.574    0.196    0.330    1.738    1.978    3.550
    4.006    4.077    4.626    4.755    5.080
            0.355556  0.538860  0.000000
  -77.713  -49.130  -49.092  -48.812  -20.981  -20.906  -20.165  -19.475  -14.440  -14.046
  -13.248  -13.174  -11.060  -10.632  -10.268   -9.622   -8.950   -8.654   -7.570   -7.008
   -5.864   -4.838   -3.589   -2.743   -2.566    0.170    0.316    1.751    1.996    3.495
    3.974    4.060    4.655    4.774    5.122
            0.358333  0.534049  0.000000
  -77.713  -49.131  -49.090  -48.812  -20.988  -20.914  -20.164  -19.474  -14.456  -14.071
  -13.212  -13.134  -11.066  -10.630  -10.298   -9.578   -8.964   -8.637   -7.572   -7.011
   -5.869   -4.830   -3.595   -2.749   -2.558    0.140    0.298    1.768    2.016    3.436
    3.916    4.067    4.681    4.800    5.164
            0.361111  0.529238  0.000000
  -77.713  -49.132  -49.089  -48.812  -20.996  -20.922  -20.164  -19.474  -14.474  -14.096
  -13.174  -13.090  -11.072  -10.628  -10.326   -9.534   -8.978   -8.619   -7.573   -7.014
   -5.875   -4.822   -3.603   -2.755   -2.551    0.107    0.278    1.786    2.038    3.376
    3.851    4.080    4.705    4.830    5.208
            0.363889  0.524426  0.000000
  -77.713  -49.133  -49.087  -48.812  -21.005  -20.931  -20.164  -19.474  -14.493  -14.122
  -13.133  -13.044  -11.078  -10.627  -10.353   -9.490   -8.990   -8.603   -7.575   -7.018
   -5.880   -4.812   -3.610   -2.761   -2.543    0.072    0.254    1.808    2.063    3.314
    3.784    4.095    4.726    4.863    5.251
            0.366667  0.519615  0.000000
  -77.713  -49.134  -49.085  -48.812  -21.014  -20.940  -20.164  -19.474  -14.513  -14.148
  -13.090  -12.996  -11.085  -10.628  -10.378   -9.446   -9.000   -8.587   -7.576   -7.022
   -5.886   -4.802   -3.619   -2.766   -2.536    0.033    0.226    1.832    2.090    3.251
    3.715    4.110    4.745    4.899    5.295
            0.369444  0.514804  0.000000
  -77.713  -49.136  -49.084  -48.812  -21.024  -20.950  -20.163  -19.474  -14.533  -14.175
  -13.045  -12.946  -11.092  -10.630  -10.401   -9.403   -9.009   -8.571   -7.578   -7.027
   -5.892   -4.792   -3.628   -2.772   -2.529   -0.009    0.196    1.859    2.119    3.187
    3.647    4.126    4.763    4.937    5.339
            0.372222  0.509993  0.000000
  -77.713  -49.137  -49.082  -48.812  -21.033  -20.960  -20.164  -19.474  -14.554  -14.201
  -12.998  -12.894  -11.099  -10.634  -10.420   -9.360   -9.016   -8.555   -7.580   -7.031
   -5.899   -4.781   -3.637   -2.777   -2.522   -0.053    0.161    1.889    2.150    3.123
    3.578    4.141    4.780    4.975    5.383
            0.375000  0.505181  0.000000
  -77.713  -49.138  -49.080  -48.812  -21.044  -20.971  -20.164  -19.474  -14.575  -14.228
  -12.949  -12.840  -11.106  -10.640  -10.437   -9.320   -9.019   -8.540   -7.581   -7.036
   -5.905   -4.770   -3.647   -2.781   -2.516   -0.100    0.124    1.921    2.183    3.059
    3.510    4.157    4.797    5.014    5.426
            0.377778  0.500370  0.000000
  -77.713  -49.139  -49.078  -48.812  -21.054  -20.982  -20.164  -19.474  -14.597  -14.254
  -12.898  -12.785  -11.114  -10.650  -10.449   -9.284   -9.019   -8.526   -7.583   -7.041
   -5.912   -4.758   -3.658   -2.785   -2.509   -0.150    0.083    1.955    2.217    2.996
    3.442    4.172    4.814    5.052    5.470
            0.380556  0.495559  0.000000
  -77.713  -49.141  -49.076  -48.813  -21.065  -20.993  -20.165  -19.474  -14.619  -14.280
  -12.846  -12.729  -11.121  -10.662  -10.458   -9.252   -9.013   -8.511   -7.585   -7.046
   -5.918   -4.746   -3.669   -2.789   -2.503   -0.201    0.039    1.991    2.253    2.933
    3.375    4.188    4.830    5.091    5.513
            0.383333  0.490748  0.000000
  -77.713  -49.142  -49.074  -48.813  -21.076  -21.004  -20.165  -19.475  -14.641  -14.306
  -12.793  -12.671  -11.128  -10.677  -10.463   -9.226   -9.001   -8.497   -7.587   -7.052
   -5.925   -4.734   -3.681   -2.793   -2.498   -0.255   -0.008    2.028    2.290    2.872
    3.309    4.203    4.846    5.129    5.555
            0.386111  0.485936  0.000000
  -77.714  -49.143  -49.072  -48.813  -21.087  -21.015  -20.166  -19.475  -14.663  -14.332
  -12.739  -12.613  -11.136  -10.693  -10.466   -9.207   -8.981   -8.482   -7.588   -7.057
   -5.932   -4.722   -3.693   -2.796   -2.493   -0.311   -0.057    2.067    2.328    2.813
    3.244    4.218    4.861    5.167    5.597
            0.388889  0.481125  0.000000
  -77.714  -49.144  -49.070  -48.813  -21.098  -21.027  -20.167  -19.476  -14.685  -14.357
  -12.683  -12.554  -11.143  -10.711  -10.466   -9.195   -8.955   -8.468   -7.590   -7.063
   -5.938   -4.709   -3.705   -2.798   -2.488   -0.369   -0.109    2.106    2.368    2.755
    3.181    4.233    4.876    5.205    5.637
            0.391667  0.476314  0.000000
  -77.714  -49.146  -49.068  -48.813  -21.110  -21.039  -20.168  -19.476  -14.707  -14.382
  -12.627  -12.494  -11.150  -10.730  -10.465   -9.187   -8.925   -8.453   -7.592   -7.069
   -5.945   -4.697   -3.718   -2.800   -2.483   -0.429   -0.163    2.144    2.408    2.701
    3.118    4.248    4.891    5.242    5.677
            0.394444  0.471503  0.000000
  -77.714  -49.147  -49.066  -48.813  -21.121  -21.050  -20.169  -19.477  -14.729  -14.407
  -12.571  -12.434  -11.156  -10.749  -10.462   -9.183   -8.892   -8.437   -7.594   -7.075
   -5.951   -4.685   -3.731   -2.802   -2.480   -0.490   -0.219    2.180    2.450    2.652
    3.058    4.263    4.906    5.278    5.715
            0.397222  0.466691  0.000000
  -77.714  -49.148  -49.064  -48.813  -21.133  -21.062  -20.171  -19.478  -14.750  -14.430
  -12.514  -12.373  -11.163  -10.768  -10.459   -9.181   -8.858   -8.420   -7.596   -7.081
   -5.957   -4.672   -3.744   -2.803   -2.476   -0.553   -0.277    2.212    2.492    2.610
    2.999    4.278    4.920    5.313    5.752
            0.400000  0.461880  0.000000
  -77.714  -49.149  -49.062  -48.813  -21.144  -21.074  -20.172  -19.479  -14.772  -14.454
  -12.457  -12.312  -11.169  -10.786  -10.455   -9.180   -8.824   -8.402   -7.598   -7.087
   -5.964   -4.660   -3.757   -2.804   -2.473   -0.618   -0.337    2.235    2.533    2.579
    2.942    4.292    4.934    5.348    5.787
            0.402778  0.457069  0.000000
  -77.714  -49.150  -49.060  -48.813  -21.156  -21.085  -20.174  -19.480  -14.793  -14.477
  -12.401  -12.251  -11.174  -10.804  -10.450   -9.179   -8.792   -8.382   -7.600   -7.093
   -5.969   -4.647   -3.771   -2.804   -2.471   -0.683   -0.398    2.244    2.557    2.583
    2.887    4.307    4.948    5.382    5.820
            0.405556  0.452258  0.000000
  -77.714  -49.151  -49.059  -48.814  -21.167  -21.097  -20.175  -19.481  -14.813  -14.499
  -12.344  -12.190  -11.179  -10.821  -10.445   -9.178   -8.762   -8.360   -7.602   -7.099
   -5.975   -4.635   -3.785   -2.804   -2.468   -0.750   -0.460    2.235    2.561    2.624
    2.836    4.321    4.961    5.415    5.849
            0.408333  0.447446  0.000000
  -77.714  -49.152  -49.057  -48.814  -21.179  -21.108  -20.177  -19.483  -14.834  -14.521
  -12.288  -12.129  -11.182  -10.837  -10.441   -9.177   -8.735   -8.336   -7.605   -7.106
   -5.981   -4.622   -3.800   -2.804   -2.467   -0.818   -0.523    2.212    2.578    2.665
    2.791    4.336    4.975    5.447    5.876
            0.411111  0.442635  0.000000
  -77.714  -49.153  -49.055  -48.814  -21.190  -21.119  -20.179  -19.484  -14.853  -14.543
  -12.234  -12.068  -11.184  -10.852  -10.436   -9.176   -8.710   -8.310   -7.607   -7.113
   -5.986   -4.610   -3.814   -2.804   -2.465   -0.886   -0.586    2.179    2.601    2.696
    2.764    4.350    4.988    5.477    5.899
            0.413889  0.437824  0.000000
  -77.714  -49.155  -49.053  -48.814  -21.201  -21.131  -20.181  -19.485  -14.873  -14.563
  -12.180  -12.009  -11.185  -10.866  -10.431   -9.174   -8.689   -8.281   -7.609   -7.119
   -5.991   -4.598   -3.829   -2.803   -2.464   -0.956   -0.650    2.140    2.613    2.701
    2.784    4.364    5.001    5.507    5.917
            0.416667  0.433013  0.000000
  -77.714  -49.156  -49.051  -48.814  -21.212  -21.142  -20.183  -19.487  -14.892  -14.584
  -12.128  -11.950  -11.185  -10.878  -10.427   -9.171   -8.671   -8.250   -7.612   -7.126
   -5.996   -4.586   -3.844   -2.802   -2.464   -1.025   -0.714    2.099    2.593    2.721
    2.826    4.379    5.015    5.537    5.931
            0.419444  0.428201  0.000000
  -77.714  -49.157  -49.049  -48.814  -21.223  -21.152  -20.185  -19.488  -14.910  -14.603
  -12.078  -11.892  -11.182  -10.890  -10.422   -9.168   -8.656   -8.217   -7.614   -7.133
   -6.001   -4.575   -3.859   -2.801   -2.463   -1.095   -0.778    2.056    2.557    2.756
    2.874    4.393    5.028    5.565    5.939
            0.422222  0.423390  0.000000
  -77.715  -49.158  -49.048  -48.814  -21.234  -21.163  -20.187  -19.490  -14.928  -14.622
  -12.031  -11.835  -11.176  -10.899  -10.418   -9.164   -8.644   -8.183   -7.617   -7.140
   -6.005   -4.563   -3.874   -2.800   -2.463   -1.165   -0.841    2.013    2.517    2.795
    2.924    4.408    5.041    5.592    5.942
            0.425000  0.418579  0.000000
  -77.715  -49.158  -49.046  -48.814  -21.244  -21.173  -20.190  -19.492  -14.946  -14.641
  -11.986  -11.780  -11.168  -10.907  -10.414   -9.160   -8.634   -8.147   -7.620   -7.147
   -6.009   -4.552   -3.889   -2.800   -2.463   -1.235   -0.904    1.971    2.477    2.836
    2.975    4.423    5.054    5.618    5.940
            0.427778  0.413768  0.000000
  -77.715  -49.159  -49.044  -48.814  -21.254  -21.184  -20.192  -19.493  -14.963  -14.658
  -11.945  -11.726  -11.156  -10.914  -10.411   -9.155   -8.626   -8.111   -7.622   -7.154
   -6.013   -4.541   -3.904   -2.800   -2.463   -1.305   -0.966    1.929    2.438    2.877
    3.027    4.439    5.067    5.643    5.934
            0.430556  0.408956  0.000000
  -77.715  -49.160  -49.043  -48.815  -21.264  -21.193  -20.194  -19.495  -14.979  -14.676
  -11.907  -11.675  -11.141  -10.918  -10.407   -9.149   -8.620   -8.075   -7.625   -7.161
   -6.017   -4.530   -3.919   -2.800   -2.463   -1.373   -1.027    1.888    2.400    2.917
    3.079    4.455    5.080    5.668    5.924
            0.433333  0.404145  0.000000
  -77.715  -49.161  -49.041  -48.815  -21.273  -21.203  -20.196  -19.496  -14.995  -14.692
  -11.874  -11.626  -11.122  -10.920  -10.404   -9.142   -8.616   -8.039   -7.627   -7.168
   -6.021   -4.519   -3.935   -2.801   -2.463   -1.442   -1.087    1.849    2.363    2.956
    3.131    4.471    5.094    5.691    5.910
            0.436111  0.399334  0.000000
  -77.715  -49.162  -49.039  -48.815  -21.283  -21.212  -20.199  -19.498  -15.010  -14.708
  -11.845  -11.579  -11.100  -10.920  -10.402   -9.135   -8.612   -8.003   -7.629   -7.175
   -6.024   -4.509   -3.950   -2.803   -2.462   -1.509   -1.146    1.810    2.328    2.994
    3.183    4.488    5.107    5.714    5.895
            0.438889  0.394523  0.000000
  -77.715  -49.163  -49.038  -48.815  -21.292  -21.221  -20.201  -19.500  -15.025  -14.723
  -11.820  -11.536  -11.074  -10.917  -10.399   -9.127   -8.610   -7.969   -7.631   -7.182
   -6.027   -4.498   -3.965   -2.805   -2.461   -1.575   -1.203    1.773    2.294    3.030
    3.234    4.506    5.121    5.736    5.878
            0.441667  0.389711  0.000000
  -77.715  -49.164  -49.037  -48.815  -21.300  -21.230  -20.203  -19.501  -15.039  -14.738
  -11.800  -11.495  -11.045  -10.912  -10.397   -9.119   -8.609   -7.935   -7.632   -7.190
   -6.030   -4.488   -3.980   -2.809   -2.460   -1.640   -1.258    1.737    2.262    3.065
    3.284    4.524    5.135    5.756    5.860
            0.444444  0.384900  0.000000
  -77.715  -49.164  -49.035  -48.815  -21.309  -21.238  -20.205  -19.503  -15.053  -14.752
  -11.783  -11.459  -11.013  -10.903  -10.396   -9.111   -8.609   -7.904   -7.632   -7.197
   -6.032   -4.479   -3.995   -2.813   -2.458   -1.702   -1.312    1.703    2.232    3.098
    3.333    4.543    5.149    5.775    5.843
            0.447222  0.380089  0.000000
  -77.715  -49.165  -49.034  -48.815  -21.317  -21.246  -20.207  -19.505  -15.066  -14.765
  -11.770  -11.426  -10.979  -10.890  -10.394   -9.102   -8.609   -7.874   -7.631   -7.204
   -6.035   -4.469   -4.010   -2.819   -2.456   -1.763   -1.363    1.670    2.203    3.130
    3.380    4.563    5.164    5.787    5.831
            0.450000  0.375278  0.000000
  -77.715  -49.166  -49.033  -48.815  -21.325  -21.254  -20.209  -19.506  -15.078  -14.778
  -11.760  -11.397  -10.944  -10.874  -10.393   -9.092   -8.610   -7.847   -7.629   -7.211
   -6.037   -4.460   -4.025   -2.827   -2.454   -1.822   -1.413    1.638    2.176    3.160
    3.425    4.583    5.178    5.784    5.834
            0.452778  0.370466  0.000000
  -77.715  -49.166  -49.031  -48.815  -21.332  -21.261  -20.211  -19.508  -15.090  -14.790
  -11.753  -11.372  -10.910  -10.853  -10.393   -9.083   -8.612   -7.824   -7.625   -7.218
   -6.039   -4.450   -4.039   -2.835   -2.451   -1.878   -1.460    1.608    2.150    3.189
    3.468    4.605    5.194    5.769    5.848
            0.455556  0.365655  0.000000
  -77.715  -49.167  -49.030  -48.815  -21.339  -21.268  -20.213  -19.509  -15.101  -14.801
  -11.748  -11.351  -10.876  -10.828  -10.393   -9.073   -8.614   -7.804   -7.618   -7.225
   -6.041   -4.442   -4.053   -2.844   -2.448   -1.930   -1.505    1.580    2.126    3.216
    3.509    4.627    5.209    5.751    5.866
            0.458333  0.360844  0.000000
  -77.715  -49.167  -49.029  -48.815  -21.345  -21.275  -20.215  -19.511  -15.111  -14.812
  -11.745  -11.333  -10.844  -10.798  -10.393   -9.063   -8.616   -7.788   -7.608   -7.232
   -6.043   -4.433   -4.067   -2.854   -2.445   -1.980   -1.548    1.553    2.104    3.241
    3.547    4.650    5.225    5.733    5.884
            0.461111  0.356033  0.000000
  -77.715  -49.168  -49.028  -48.815  -21.352  -21.281  -20.217  -19.512  -15.121  -14.822
  -11.743  -11.319  -10.814  -10.766  -10.393   -9.053   -8.618   -7.776   -7.595   -7.239
   -6.045   -4.424   -4.081   -2.865   -2.443   -2.026   -1.589    1.528    2.083    3.265
    3.582    4.673    5.242    5.715    5.902
            0.463889  0.351221  0.000000
  -77.715  -49.168  -49.027  -48.816  -21.357  -21.287  -20.219  -19.513  -15.130  -14.831
  -11.742  -11.307  -10.785  -10.732  -10.394   -9.044   -8.621   -7.768   -7.580   -7.246
   -6.046   -4.416   -4.094   -2.877   -2.441   -2.067   -1.627    1.505    2.063    3.287
    3.615    4.696    5.259    5.698    5.920
            0.466667  0.346410  0.000000
  -77.715  -49.169  -49.026  -48.816  -21.363  -21.292  -20.220  -19.515  -15.138  -14.840
  -11.742  -11.298  -10.756  -10.699  -10.395   -9.034   -8.624   -7.763   -7.564   -7.252
   -6.047   -4.408   -4.107   -2.889   -2.441   -2.103   -1.663    1.483    2.045    3.308
    3.645    4.719    5.276    5.681    5.938
            0.469444  0.341599  0.000000
  -77.716  -49.169  -49.025  -48.816  -21.368  -21.297  -20.222  -19.516  -15.146  -14.848
  -11.742  -11.290  -10.728  -10.666  -10.397   -9.024   -8.627   -7.760   -7.547   -7.259
   -6.049   -4.400   -4.120   -2.902   -2.444   -2.133   -1.697    1.462    2.028    3.326
    3.672    4.742    5.294    5.665    5.955
            0.472222  0.336788  0.000000
  -77.716  -49.170  -49.025  -48.816  -21.372  -21.302  -20.223  -19.517  -15.153  -14.855
  -11.743  -11.284  -10.700  -10.635  -10.399   -9.015   -8.630   -7.759   -7.530   -7.265
   -6.050   -4.392   -4.132   -2.914   -2.448   -2.158   -1.729    1.444    2.013    3.343
    3.696    4.764    5.313    5.650    5.972
            0.475000  0.331976  0.000000
  -77.716  -49.170  -49.024  -48.816  -21.377  -21.306  -20.224  -19.518  -15.160  -14.862
  -11.745  -11.280  -10.674  -10.606  -10.402   -9.007   -8.633   -7.759   -7.513   -7.271
   -6.051   -4.385   -4.143   -2.926   -2.455   -2.176   -1.758    1.427    2.000    3.359
    3.717    4.785    5.331    5.636    5.989
            0.477778  0.327165  0.000000
  -77.716  -49.170  -49.023  -48.816  -21.380  -21.310  -20.225  -19.519  -15.165  -14.867
  -11.746  -11.276  -10.648  -10.579  -10.405   -8.999   -8.636   -7.759   -7.497   -7.277
   -6.052   -4.378   -4.154   -2.937   -2.465   -2.189   -1.784    1.412    1.988    3.372
    3.736    4.805    5.350    5.623    6.004
            0.480556  0.322354  0.000000
  -77.716  -49.171  -49.023  -48.816  -21.384  -21.313  -20.226  -19.519  -15.170  -14.873
  -11.748  -11.273  -10.625  -10.555  -10.409   -8.991   -8.639   -7.760   -7.482   -7.283
   -6.053   -4.371   -4.164   -2.948   -2.476   -2.197   -1.809    1.398    1.977    3.384
    3.752    4.823    5.368    5.611    6.019
            0.483333  0.317543  0.000000
  -77.716  -49.171  -49.022  -48.816  -21.386  -21.316  -20.227  -19.520  -15.175  -14.877
  -11.749  -11.271  -10.603  -10.534  -10.413   -8.984   -8.642   -7.761   -7.468   -7.289
   -6.053   -4.365   -4.173   -2.957   -2.488   -2.201   -1.830    1.387    1.968    3.395
    3.766    4.839    5.386    5.599    6.032
            0.486111  0.312731  0.000000
  -77.716  -49.171  -49.022  -48.816  -21.389  -21.318  -20.228  -19.521  -15.179  -14.881
  -11.750  -11.270  -10.583  -10.515  -10.417   -8.978   -8.644   -7.762   -7.456   -7.294
   -6.054   -4.359   -4.181   -2.966   -2.499   -2.202   -1.849    1.377    1.960    3.404
    3.778    4.853    5.402    5.589    6.045
            0.488889  0.307920  0.000000
  -77.716  -49.171  -49.021  -48.816  -21.391  -21.320  -20.229  -19.521  -15.182  -14.884
  -11.751  -11.269  -10.565  -10.500  -10.422   -8.974   -8.646   -7.763   -7.446   -7.298
   -6.054   -4.354   -4.188   -2.973   -2.510   -2.201   -1.865    1.369    1.953    3.411
    3.787    4.865    5.418    5.580    6.055
            0.491667  0.303109  0.000000
  -77.716  -49.171  -49.021  -48.816  -21.392  -21.322  -20.229  -19.522  -15.184  -14.886
  -11.752  -11.268  -10.550  -10.488  -10.426   -8.970   -8.648   -7.764   -7.437   -7.302
   -6.055   -4.350   -4.194   -2.979   -2.518   -2.199   -1.878    1.362    1.948    3.416
    3.794    4.874    5.431    5.573    6.064
            0.494444  0.298298  0.000000
  -77.716  -49.171  -49.021  -48.816  -21.393  -21.323  -20.230  -19.522  -15.186  -14.888
  -11.753  -11.267  -10.539  -10.479  -10.430   -8.967   -8.649   -7.765   -7.431   -7.305
   -6.055   -4.347   -4.198   -2.983   -2.525   -2.197   -1.887    1.358    1.945    3.420
    3.799    4.880    5.441    5.567    6.070
            0.497222  0.293486  0.000000
  -77.716  -49.172  -49.021  -48.816  -21.394  -21.324  -20.230  -19.522  -15.187  -14.889
  -11.754  -11.267  -10.531  -10.474  -10.433   -8.965   -8.650   -7.765   -7.427   -7.307
   -6.055   -4.345   -4.201   -2.986   -2.529   -2.196   -1.893    1.355    1.943    3.423
    3.802    4.884    5.448    5.563    6.074
            0.500000  0.288675  0.000000
  -77.716  -49.172  -49.021  -48.816  -21.394  -21.324  -20.230  -19.522  -15.187  -14.890
  -11.754  -11.267  -10.529  -10.472  -10.435   -8.964   -8.650   -7.765   -7.425   -7.308
   -6.055   -4.344   -4.202   -2.986   -2.530   -2.196   -1.895    1.354    1.942    3.424
    3.803    4.886    5.450    5.561    6.075
            0.495000  0.285788  0.000000
  -77.716  -49.172  -49.021  -48.816  -21.396  -21.325  -20.230  -19.522  -15.186  -14.888
  -11.754  -11.266  -10.528  -10.472  -10.434   -8.964   -8.650   -7.766   -7.426   -7.308
   -6.056   -4.344   -4.202   -2.986   -2.529   -2.196   -1.895    1.355    1.942    3.423
    3.802    4.886    5.451    5.561    6.075
            0.490000  0.282902  0.000000
  -77.716  -49.171  -49.021  -48.816  -21.399  -21.328  -20.230  -19.521  -15.182  -14.885
  -11.755  -11.263  -10.528  -10.471  -10.434   -8.964   -8.649   -7.767   -7.427   -7.308
   -6.056   -4.343   -4.200   -2.986   -2.526   -2.196   -1.894    1.356    1.944    3.420
    3.798    4.886    5.451    5.561    6.074
            0.485000  0.280015  0.000000
  -77.716  -49.171  -49.021  -48.816  -21.405  -21.334  -20.229  -19.520  -15.176  -14.878
  -11.758  -11.259  -10.526  -10.470  -10.432   -8.963   -8.648   -7.770   -7.429   -7.308
   -6.056   -4.341   -4.198   -2.985   -2.522   -2.197   -1.892    1.358    1.946    3.416
    3.792    4.887    5.451    5.562    6.074
            0.480000  0.277128  0.000000
  -77.716  -49.171  -49.021  -48.816  -21.413  -21.343  -20.229  -19.518  -15.167  -14.869
  -11.761  -11.254  -10.524  -10.468  -10.431   -8.963   -8.646   -7.773   -7.431   -7.308
   -6.057   -4.339   -4.195   -2.984   -2.515   -2.199   -1.889    1.361    1.949    3.410
    3.783    4.888    5.452    5.562    6.072
            0.475000  0.274241  0.000000
  -77.716  -49.170  -49.021  -48.816  -21.424  -21.353  -20.228  -19.516  -15.155  -14.858
  -11.764  -11.247  -10.522  -10.465  -10.428   -8.962   -8.644   -7.777   -7.435   -7.308
   -6.058   -4.336   -4.191   -2.983   -2.506   -2.200   -1.886    1.365    1.953    3.403
    3.772    4.888    5.452    5.563    6.071
            0.470000  0.271355  0.000000
  -77.716  -49.170  -49.020  -48.816  -21.437  -21.366  -20.228  -19.513  -15.142  -14.844
  -11.769  -11.238  -10.519  -10.462  -10.426   -8.961   -8.642   -7.782   -7.439   -7.308
   -6.060   -4.333   -4.187   -2.981   -2.496   -2.203   -1.882    1.370    1.958    3.394
    3.758    4.889    5.453    5.564    6.068
            0.465000  0.268468  0.000000
  -77.716  -49.169  -49.020  -48.816  -21.452  -21.380  -20.227  -19.511  -15.125  -14.828
  -11.774  -11.229  -10.515  -10.459  -10.422   -8.959   -8.638   -7.788   -7.444   -7.307
   -6.061   -4.329   -4.181   -2.980   -2.484   -2.205   -1.877    1.376    1.963    3.383
    3.743    4.890    5.454    5.565    6.066
            0.460000  0.265581  0.000000
  -77.716  -49.169  -49.020  -48.817  -21.469  -21.397  -20.227  -19.507  -15.106  -14.809
  -11.780  -11.217  -10.511  -10.455  -10.419   -8.957   -8.635   -7.795   -7.450   -7.307
   -6.063   -4.324   -4.175   -2.978   -2.470   -2.208   -1.871    1.383    1.969    3.371
    3.725    4.891    5.455    5.566    6.063
            0.455000  0.262694  0.000000
  -77.716  -49.168  -49.020  -48.817  -21.488  -21.416  -20.227  -19.504  -15.085  -14.788
  -11.786  -11.205  -10.507  -10.450  -10.415   -8.955   -8.631   -7.802   -7.456   -7.307
   -6.065   -4.319   -4.168   -2.976   -2.454   -2.211   -1.865    1.390    1.976    3.358
    3.705    4.891    5.456    5.567    6.060
            0.450000  0.259808  0.000000
  -77.716  -49.167  -49.020  -48.817  -21.509  -21.436  -20.227  -19.500  -15.062  -14.764
  -11.793  -11.191  -10.502  -10.445  -10.410   -8.953   -8.626   -7.810   -7.463   -7.307
   -6.067   -4.313   -4.160   -2.974   -2.436   -2.215   -1.857    1.398    1.984    3.343
    3.682    4.891    5.456    5.568    6.056
            0.445000  0.256921  0.000000
  -77.716  -49.166  -49.020  -48.817  -21.531  -21.459  -20.227  -19.497  -15.036  -14.738
  -11.800  -11.177  -10.496  -10.440  -10.406   -8.950   -8.621   -7.819   -7.471   -7.307
   -6.069   -4.306   -4.152   -2.972   -2.417   -2.219   -1.848    1.407    1.992    3.327
    3.658    4.890    5.457    5.569    6.051
            0.440000  0.254034  0.000000
  -77.717  -49.165  -49.019  -48.817  -21.556  -21.483  -20.228  -19.493  -15.008  -14.710
  -11.808  -11.161  -10.490  -10.434  -10.401   -8.947   -8.615   -7.828   -7.479   -7.306
   -6.071   -4.299   -4.143   -2.971   -2.396   -2.223   -1.839    1.417    2.001    3.310
    3.632    4.889    5.458    5.570    6.046
            0.435000  0.251147  0.000000
  -77.717  -49.164  -49.019  -48.817  -21.582  -21.508  -20.229  -19.489  -14.977  -14.679
  -11.816  -11.144  -10.483  -10.427  -10.395   -8.944   -8.609   -7.838   -7.488   -7.306
   -6.073   -4.291   -4.133   -2.969   -2.373   -2.228   -1.828    1.428    2.011    3.291
    3.604    4.888    5.459    5.571    6.040
            0.430000  0.248261  0.000000
  -77.717  -49.162  -49.019  -48.818  -21.609  -21.535  -20.230  -19.486  -14.945  -14.646
  -11.824  -11.127  -10.476  -10.420  -10.390   -8.940   -8.603   -7.849   -7.498   -7.306
   -6.076   -4.283   -4.123   -2.967   -2.348   -2.233   -1.817    1.439    2.021    3.272
    3.575    4.885    5.459    5.571    6.034
            0.425000  0.245374  0.000000
  -77.717  -49.161  -49.018  -48.818  -21.638  -21.563  -20.233  -19.482  -14.910  -14.611
  -11.833  -11.108  -10.468  -10.412  -10.384   -8.935   -8.596   -7.860   -7.508   -7.305
   -6.078   -4.274   -4.112   -2.966   -2.322   -2.238   -1.804    1.451    2.031    3.252
    3.544    4.882    5.459    5.571    6.027
            0.420000  0.242487  0.000000
  -77.717  -49.160  -49.018  -48.818  -21.668  -21.593  -20.235  -19.479  -14.873  -14.574
  -11.842  -11.089  -10.459  -10.404  -10.378   -8.930   -8.588   -7.871   -7.519   -7.305
   -6.081   -4.265   -4.101   -2.965   -2.295   -2.244   -1.790    1.464    2.041    3.231
    3.511    4.878    5.459    5.570    6.019
            0.415000  0.239600  0.000000
  -77.717  -49.158  -49.018  -48.818  -21.699  -21.623  -20.239  -19.476  -14.834  -14.534
  -11.851  -11.069  -10.451  -10.396  -10.372   -8.924   -8.580   -7.883   -7.531   -7.304
   -6.083   -4.255   -4.089   -2.964   -2.266   -2.250   -1.775    1.477    2.052    3.209
    3.477    4.872    5.458    5.569    6.010
            0.410000  0.236714  0.000000
  -77.718  -49.156  -49.017  -48.819  -21.731  -21.655  -20.242  -19.473  -14.794  -14.492
  -11.860  -11.048  -10.441  -10.387  -10.365   -8.918   -8.572   -7.895   -7.543   -7.304
   -6.085   -4.245   -4.077   -2.964   -2.257   -2.235   -1.759    1.491    2.063    3.187
    3.442    4.866    5.457    5.567    6.001
            0.405000  0.233827  0.000000
  -77.718  -49.155  -49.017  -48.819  -21.764  -21.688  -20.247  -19.470  -14.751  -14.448
  -11.870  -11.027  -10.432  -10.377  -10.359   -8.911   -8.563   -7.907   -7.556   -7.303
   -6.088   -4.234   -4.064   -2.965   -2.264   -2.204   -1.741    1.506    2.074    3.165
    3.406    4.859    5.456    5.564    5.990
            0.400000  0.230940  0.000000
  -77.718  -49.153  -49.017  -48.819  -21.798  -21.721  -20.252  -19.468  -14.707  -14.403
  -11.880  -11.004  -10.421  -10.367  -10.353   -8.904   -8.554   -7.920   -7.569   -7.302
   -6.090   -4.223   -4.051   -2.965   -2.271   -2.170   -1.722    1.520    2.084    3.142
    3.368    4.850    5.454    5.560    5.979
            0.395000  0.228053  0.000000
  -77.718  -49.151  -49.016  -48.820  -21.833  -21.756  -20.258  -19.466  -14.661  -14.355
  -11.890  -10.982  -10.410  -10.356  -10.346   -8.896   -8.544   -7.932   -7.583   -7.301
   -6.092   -4.211   -4.038   -2.967   -2.279   -2.136   -1.702    1.536    2.094    3.120
    3.330    4.840    5.451    5.554    5.966
            0.390000  0.225167  0.000000
  -77.718  -49.149  -49.016  -48.820  -21.869  -21.791  -20.265  -19.465  -14.613  -14.305
  -11.900  -10.959  -10.399  -10.345  -10.340   -8.887   -8.534   -7.945   -7.597   -7.300
   -6.094   -4.199   -4.024   -2.969   -2.287   -2.100   -1.680    1.551    2.104    3.097
    3.291    4.828    5.447    5.547    5.935
            0.385000  0.222280  0.000000
  -77.719  -49.147  -49.015  -48.820  -21.905  -21.826  -20.272  -19.463  -14.564  -14.253
  -11.910  -10.935  -10.387  -10.334  -10.333   -8.877   -8.523   -7.958   -7.612   -7.299
   -6.095   -4.186   -4.010   -2.971   -2.296   -2.063   -1.657    1.567    2.112    3.075
    3.251    4.816    5.442    5.538    5.899
            0.380000  0.219393  0.000000
  -77.719  -49.145  -49.015  -48.821  -21.942  -21.863  -20.280  -19.463  -14.513  -14.200
  -11.920  -10.911  -10.375  -10.327  -10.322   -8.866   -8.512   -7.971   -7.627   -7.298
   -6.096   -4.173   -3.996   -2.974   -2.304   -2.025   -1.633    1.583    2.120    3.054
    3.211    4.801    5.437    5.528    5.864
            0.375000  0.216506  0.000000
  -77.719  -49.143  -49.014  -48.821  -21.979  -21.899  -20.289  -19.463  -14.461  -14.144
  -11.930  -10.886  -10.362  -10.321  -10.309   -8.855   -8.501   -7.984   -7.643   -7.297
   -6.097   -4.159   -3.982   -2.978   -2.314   -1.986   -1.608    1.599    2.126    3.033
    3.170    4.785    5.430    5.516    5.828
            0.370000  0.213620  0.000000
  -77.719  -49.141  -49.014  -48.822  -22.017  -21.937  -20.299  -19.463  -14.407  -14.087
  -11.941  -10.861  -10.349  -10.315  -10.296   -8.843   -8.489   -7.997   -7.659   -7.295
   -6.098   -4.145   -3.967   -2.983   -2.323   -1.945   -1.581    1.614    2.131    3.013
    3.129    4.767    5.422    5.501    5.791
            0.365000  0.210733  0.000000
  -77.720  -49.139  -49.013  -48.822  -22.055  -21.974  -20.309  -19.463  -14.353  -14.029
  -11.951  -10.836  -10.336  -10.309  -10.283   -8.829   -8.477   -8.010   -7.675   -7.293
   -6.098   -4.131   -3.953   -2.988   -2.333   -1.904   -1.553    1.630    2.134    2.994
    3.088    4.748    5.413    5.484    5.755
            0.360000  0.207846  0.000000
  -77.720  -49.136  -49.013  -48.822  -22.093  -22.012  -20.320  -19.465  -14.297  -13.968
  -11.961  -10.811  -10.322  -10.303  -10.269   -8.815   -8.464   -8.023   -7.692   -7.291
   -6.097   -4.116   -3.938   -2.994   -2.344   -1.862   -1.523    1.645    2.135    2.976
    3.048    4.727    5.403    5.465    5.719
            0.355000  0.204959  0.000000
  -77.720  -49.134  -49.012  -48.823  -22.132  -22.050  -20.331  -19.466  -14.241  -13.906
  -11.970  -10.786  -10.307  -10.296  -10.255   -8.800   -8.451   -8.036   -7.709   -7.289
   -6.096   -4.101   -3.923   -3.000   -2.354   -1.818   -1.493    1.660    2.134    2.959
    3.009    4.703    5.390    5.444    5.683
            0.350000  0.202073  0.000000
  -77.721  -49.132  -49.012  -48.823  -22.171  -22.089  -20.343  -19.468  -14.183  -13.843
  -11.980  -10.760  -10.292  -10.290  -10.240   -8.785   -8.438   -8.049   -7.727   -7.287
   -6.095   -4.086   -3.908   -3.007   -2.365   -1.774   -1.461    1.673    2.131    2.938
    2.976    4.678    5.377    5.420    5.647
            0.345000  0.199186  0.000000
  -77.721  -49.129  -49.011  -48.824  -22.210  -22.127  -20.356  -19.471  -14.126  -13.778
  -11.989  -10.735  -10.284  -10.277  -10.225   -8.768   -8.424   -8.062   -7.744   -7.284
   -6.093   -4.070   -3.893   -3.015   -2.377   -1.729   -1.428    1.686    2.125    2.909
    2.953    4.651    5.361    5.393    5.611
            0.340000  0.196299  0.000000
  -77.721  -49.127  -49.010  -48.824  -22.249  -22.166  -20.369  -19.474  -14.067  -13.712
  -11.998  -10.710  -10.277  -10.261  -10.210   -8.750   -8.410   -8.075   -7.762   -7.282
   -6.090   -4.054   -3.879   -3.024   -2.389   -1.684   -1.394    1.698    2.116    2.874
    2.939    4.621    5.344    5.364    5.577
            0.335000  0.193412  0.000000
  -77.721  -49.124  -49.010  -48.825  -22.288  -22.205  -20.383  -19.477  -14.008  -13.644
  -12.006  -10.685  -10.270  -10.245  -10.194   -8.732   -8.395   -8.088   -7.781   -7.279
   -6.087   -4.038   -3.864   -3.033   -2.401   -1.637   -1.359    1.708    2.105    2.837
    2.931    4.590    5.325    5.333    5.543
            0.330000  0.190526  0.000000
  -77.722  -49.121  -49.009  -48.825  -22.328  -22.243  -20.397  -19.481  -13.949  -13.575
  -12.013  -10.661  -10.263  -10.229  -10.178   -8.712   -8.380   -8.101   -7.799   -7.275
   -6.083   -4.022   -3.849   -3.042   -2.413   -1.590   -1.323    1.716    2.091    2.800
    2.925    4.556    5.299    5.303    5.510
            0.325000  0.187639  0.000000
  -77.722  -49.119  -49.009  -48.826  -22.367  -22.282  -20.412  -19.485  -13.890  -13.505
  -12.019  -10.638  -10.255  -10.212  -10.162   -8.692   -8.365   -8.113   -7.818   -7.272
   -6.078   -4.005   -3.835   -3.053   -2.426   -1.543   -1.286    1.722    2.074    2.764
    2.921    4.520    5.263    5.280    5.477
            0.320000  0.184752  0.000000
  -77.722  -49.116  -49.008  -48.826  -22.406  -22.321  -20.428  -19.489  -13.832  -13.433
  -12.025  -10.616  -10.246  -10.194  -10.145   -8.671   -8.350   -8.126   -7.837   -7.268
   -6.073   -3.988   -3.820   -3.063   -2.439   -1.495   -1.248    1.726    2.056    2.729
    2.918    4.482    5.226    5.254    5.445
            0.315000  0.181865  0.000000
  -77.723  -49.113  -49.007  -48.827  -22.445  -22.359  -20.443  -19.494  -13.774  -13.361
  -12.029  -10.595  -10.236  -10.177  -10.127   -8.650   -8.334   -8.138   -7.856   -7.264
   -6.066   -3.971   -3.806   -3.075   -2.453   -1.446   -1.209    1.727    2.035    2.696
    2.917    4.441    5.188    5.227    5.414
            0.310000  0.178979  0.000000
  -77.723  -49.110  -49.007  -48.827  -22.484  -22.398  -20.460  -19.500  -13.716  -13.287
  -12.031  -10.575  -10.224  -10.159  -10.110   -8.627   -8.318   -8.151   -7.875   -7.260
   -6.059   -3.954   -3.791   -3.086   -2.467   -1.397   -1.170    1.725    2.012    2.666
    2.917    4.399    5.148    5.197    5.383
            0.305000  0.176092  0.000000
  -77.723  -49.107  -49.006  -48.828  -22.523  -22.436  -20.476  -19.505  -13.660  -13.213
  -12.032  -10.557  -10.211  -10.141  -10.092   -8.604   -8.302   -8.163   -7.894   -7.255
   -6.052   -3.936   -3.777   -3.098   -2.481   -1.348   -1.130    1.720    1.988    2.637
    2.917    4.354    5.108    5.164    5.353
            0.300000  0.173205  0.000000
  -77.724  -49.104  -49.005  -48.828  -22.561  -22.474  -20.493  -19.511  -13.605  -13.137
  -12.031  -10.541  -10.196  -10.122  -10.074   -8.581   -8.286   -8.174   -7.913   -7.251
   -6.043   -3.918   -3.763   -3.111   -2.496   -1.298   -1.089    1.712    1.962    2.611
    2.918    4.308    5.068    5.130    5.323
            0.295000  0.170318  0.000000
  -77.724  -49.101  -49.005  -48.829  -22.600  -22.512  -20.510  -19.517  -13.552  -13.060
  -12.028  -10.527  -10.180  -10.103  -10.055   -8.557   -8.269   -8.186   -7.932   -7.246
   -6.033   -3.900   -3.750   -3.123   -2.510   -1.248   -1.048    1.700    1.935    2.588
    2.918    4.259    5.028    5.093    5.294
            0.290000  0.167432  0.000000
  -77.725  -49.099  -49.004  -48.829  -22.638  -22.550  -20.528  -19.524  -13.500  -12.983
  -12.022  -10.516  -10.161  -10.084  -10.036   -8.534   -8.252   -8.197   -7.951   -7.240
   -6.023   -3.882   -3.736   -3.136   -2.526   -1.198   -1.007    1.684    1.907    2.567
    2.918    4.209    4.988    5.054    5.266
            0.285000  0.164545  0.000000
  -77.725  -49.096  -49.003  -48.830  -22.675  -22.587  -20.546  -19.531  -13.451  -12.905
  -12.014  -10.506  -10.140  -10.065  -10.017   -8.510   -8.235   -8.208   -7.970   -7.235
   -6.012   -3.864   -3.723   -3.150   -2.541   -1.148   -0.965    1.666    1.877    2.549
    2.917    4.157    4.948    5.013    5.238
            0.280000  0.161658  0.000000
  -77.725  -49.093  -49.002  -48.830  -22.713  -22.624  -20.564  -19.538  -13.405  -12.826
  -12.002  -10.499  -10.117  -10.045   -9.998   -8.486   -8.219   -8.217   -7.989   -7.229
   -6.000   -3.846   -3.710   -3.163   -2.557   -1.098   -0.923    1.644    1.847    2.533
    2.915    4.103    4.909    4.970    5.210
            0.275000  0.158771  0.000000
  -77.726  -49.089  -49.002  -48.831  -22.750  -22.661  -20.582  -19.545  -13.362  -12.746
  -11.986  -10.493  -10.093  -10.026   -9.978   -8.463   -8.226   -8.202   -8.007   -7.222
   -5.987   -3.828   -3.697   -3.176   -2.573   -1.048   -0.881    1.620    1.816    2.520
    2.912    4.048    4.871    4.925    5.159
            0.270000  0.155885  0.000000
  -77.726  -49.086  -49.001  -48.831  -22.787  -22.697  -20.600  -19.553  -13.322  -12.666
  -11.967  -10.489  -10.066  -10.005   -9.959   -8.442   -8.233   -8.186   -8.025   -7.216
   -5.973   -3.809   -3.685   -3.190   -2.589   -0.998   -0.840    1.594    1.783    2.508
    2.907    3.991    4.834    4.878    5.103
            0.265000  0.152998  0.000000
  -77.726  -49.083  -49.000  -48.832  -22.823  -22.733  -20.619  -19.560  -13.286  -12.585
  -11.943  -10.487  -10.039   -9.985   -9.939   -8.422   -8.238   -8.171   -8.042   -7.209
   -5.959   -3.791   -3.673   -3.204   -2.606   -0.949   -0.798    1.566    1.750    2.498
    2.901    3.933    4.798    4.829    5.045
            0.260000  0.150111  0.000000
  -77.727  -49.080  -49.000  -48.832  -22.859  -22.769  -20.638  -19.568  -13.254  -12.504
  -11.915  -10.486  -10.010   -9.965   -9.918   -8.406   -8.239   -8.158   -8.056   -7.202
   -5.944   -3.773   -3.661   -3.217   -2.622   -0.900   -0.757    1.537    1.716    2.490
    2.892    3.874    4.764    4.778    4.986
            0.255000  0.147224  0.000000
  -77.727  -49.077  -48.999  -48.833  -22.895  -22.804  -20.657  -19.576  -13.226  -12.422
  -11.883  -10.486   -9.980   -9.944   -9.898   -8.394   -8.236   -8.149   -8.065   -7.194
   -5.928   -3.754   -3.650   -3.231   -2.639   -0.852   -0.717    1.508    1.682    2.482
    2.882    3.813    4.726    4.730    4.925
            0.250000  0.144338  0.000000
  -77.727  -49.074  -48.998  -48.833  -22.930  -22.839  -20.675  -19.584  -13.202  -12.340
  -11.846  -10.488   -9.949   -9.923   -9.877   -8.388   -8.227   -8.148   -8.066   -7.187
   -5.911   -3.736   -3.638   -3.244   -2.657   -0.805   -0.677    1.477    1.648    2.474
    2.870    3.752    4.672    4.698    4.864
            0.245000  0.141451  0.000000
  -77.728  -49.071  -48.998  -48.834  -22.965  -22.873  -20.694  -19.593  -13.182  -12.257
  -11.806  -10.490   -9.918   -9.903   -9.857   -8.387   -8.213   -8.156   -8.059   -7.179
   -5.893   -3.717   -3.628   -3.257   -2.674   -0.760   -0.638    1.447    1.614    2.467
    2.856    3.690    4.617    4.667    4.802
            0.240000  0.138564  0.000000
  -77.728  -49.068  -48.997  -48.835  -22.999  -22.907  -20.713  -19.601  -13.166  -12.174
  -11.761  -10.492   -9.885   -9.882   -9.836   -8.390   -8.195   -8.169   -8.046   -7.171
   -5.875   -3.699   -3.617   -3.270   -2.692   -0.715   -0.600    1.418    1.581    2.460
    2.840    3.627    4.561    4.637    4.740
            0.235000  0.135677  0.000000
  -77.729  -49.065  -48.996  -48.835  -23.032  -22.940  -20.732  -19.610  -13.153  -12.091
  -11.712  -10.496   -9.861   -9.853   -9.815   -8.396   -8.184   -8.174   -8.030   -7.162
   -5.856   -3.681   -3.607   -3.283   -2.710   -0.673   -0.564    1.389    1.549    2.453
    2.822    3.564    4.504    4.608    4.676
            0.230000  0.132791  0.000000
  -77.729  -49.062  -48.995  -48.836  -23.066  -22.973  -20.751  -19.618  -13.144  -12.008
  -11.659  -10.500   -9.839   -9.819   -9.794   -8.404   -8.201   -8.151   -8.013   -7.153
   -5.837   -3.662   -3.597   -3.295   -2.728   -0.632   -0.530    1.362    1.517    2.445
    2.802    3.500    4.446    4.580    4.613
            0.225000  0.129904  0.000000
  -77.729  -49.059  -48.995  -48.836  -23.098  -23.005  -20.770  -19.627  -13.138  -11.925
  -11.604  -10.504   -9.818   -9.786   -9.773   -8.413   -8.218   -8.126   -7.995   -7.144
   -5.817   -3.644   -3.588   -3.307   -2.746   -0.594   -0.497    1.336    1.487    2.437
    2.780    3.436    4.387    4.547    4.554
            0.220000  0.127017  0.000000
  -77.730  -49.056  -48.994  -48.837  -23.130  -23.037  -20.789  -19.635  -13.135  -11.841
  -11.545  -10.508   -9.797   -9.752   -9.751   -8.424   -8.235   -8.101   -7.977   -7.135
   -5.797   -3.626   -3.579   -3.319   -2.764   -0.559   -0.467    1.313    1.459    2.428
    2.756    3.372    4.327    4.484    4.527
            0.215000  0.124130  0.000000
  -77.730  -49.053  -48.993  -48.837  -23.162  -23.068  -20.807  -19.644  -13.134  -11.758
  -11.484  -10.513   -9.776   -9.730   -9.717   -8.435   -8.253   -8.076   -7.958   -7.126
   -5.776   -3.608   -3.570   -3.330   -2.783   -0.528   -0.438    1.292    1.434    2.418
    2.731    3.307    4.268    4.419    4.501
            0.210000  0.121244  0.000000
  -77.730  -49.050  -48.993  -48.838  -23.193  -23.099  -20.826  -19.653  -13.136  -11.675
  -11.420  -10.518   -9.755   -9.709   -9.683   -8.447   -8.270   -8.051   -7.939   -7.117
   -5.754   -3.591   -3.562   -3.340   -2.801   -0.500   -0.413    1.275    1.411    2.407
    2.705    3.243    4.208    4.355    4.475
            0.205000  0.118357  0.000000
  -77.731  -49.047  -48.992  -48.838  -23.223  -23.129  -20.844  -19.661  -13.139  -11.593
  -11.355  -10.523   -9.733   -9.688   -9.649   -8.458   -8.288   -8.025   -7.920   -7.107
   -5.733   -3.573   -3.554   -3.349   -2.820   -0.478   -0.390    1.260    1.391    2.396
    2.677    3.179    4.147    4.291    4.450
            0.200000  0.115470  0.000000
  -77.731  -49.044  -48.991  -48.839  -23.253  -23.158  -20.862  -19.670  -13.144  -11.510
  -11.288  -10.528   -9.712   -9.667   -9.614   -8.471   -8.305   -8.000   -7.901   -7.098
   -5.711   -3.556   -3.546   -3.358   -2.838   -0.460   -0.370    1.250    1.376    2.384
    2.649    3.115    4.087    4.227    4.424
            0.195000  0.112583  0.000000
  -77.731  -49.041  -48.991  -48.839  -23.282  -23.187  -20.880  -19.679  -13.151  -11.428
  -11.219  -10.532   -9.691   -9.646   -9.579   -8.483   -8.322   -7.975   -7.881   -7.088
   -5.689   -3.540   -3.538   -3.366   -2.857   -0.447   -0.353    1.244    1.364    2.370
    2.619    3.051    4.027    4.163    4.399
            0.190000  0.109697  0.000000
  -77.732  -49.038  -48.990  -48.840  -23.311  -23.215  -20.898  -19.687  -13.158  -11.347
  -11.149  -10.536   -9.671   -9.625   -9.545   -8.495   -8.339   -7.951   -7.862   -7.079
   -5.666   -3.533   -3.521   -3.372   -2.876   -0.440   -0.340    1.241    1.356    2.356
    2.589    2.988    3.967    4.100    4.373
            0.185000  0.106810  0.000000
  -77.732  -49.035  -48.989  -48.840  -23.339  -23.243  -20.916  -19.696  -13.167  -11.267
  -11.079  -10.539   -9.650   -9.604   -9.510   -8.508   -8.356   -7.927   -7.843   -7.070
   -5.644   -3.527   -3.505   -3.378   -2.895   -0.438   -0.331    1.243    1.353    2.342
    2.558    2.925    3.907    4.037    4.346
            0.180000  0.103923  0.000000
  -77.732  -49.032  -48.989  -48.841  -23.366  -23.270  -20.933  -19.704  -13.177  -11.189
  -11.008  -10.542   -9.629   -9.583   -9.476   -8.520   -8.372   -7.903   -7.824   -7.060
   -5.622   -3.522   -3.488   -3.383   -2.913   -0.441   -0.326    1.250    1.355    2.326
    2.527    2.863    3.848    3.975    4.319
            0.175000  0.101036  0.000000
  -77.733  -49.030  -48.988  -48.841  -23.393  -23.296  -20.950  -19.713  -13.187  -11.112
  -10.936  -10.543   -9.609   -9.562   -9.442   -8.533   -8.388   -7.880   -7.805   -7.051
   -5.599   -3.518   -3.472   -3.386   -2.932   -0.450   -0.326    1.261    1.362    2.310
    2.496    2.802    3.789    3.914    4.292
            0.170000  0.098150  0.000000
  -77.733  -49.027  -48.987  -48.842  -23.419  -23.322  -20.967  -19.721  -13.198  -11.038
  -10.865  -10.541   -9.589   -9.542   -9.408   -8.545   -8.404   -7.857   -7.786   -7.043
   -5.577   -3.513   -3.456   -3.388   -2.951   -0.464   -0.330    1.276    1.374    2.294
    2.464    2.742    3.731    3.854    4.264
            0.165000  0.095263  0.000000
  -77.733  -49.024  -48.987  -48.842  -23.444  -23.347  -20.983  -19.729  -13.209  -10.967
  -10.793  -10.536   -9.569   -9.521   -9.374   -8.558   -8.419   -7.835   -7.767   -7.034
   -5.555   -3.510   -3.440   -3.389   -2.969   -0.482   -0.339    1.295    1.391    2.276
    2.432    2.684    3.674    3.795    4.235
            0.160000  0.092376  0.000000
  -77.734  -49.021  -48.986  -48.843  -23.469  -23.371  -21.000  -19.737  -13.221  -10.902
  -10.722  -10.527   -9.549   -9.501   -9.341   -8.570   -8.434   -7.813   -7.749   -7.026
   -5.533   -3.507   -3.425   -3.388   -2.987   -0.504   -0.352    1.318    1.412    2.259
    2.401    2.627    3.618    3.736    4.205
            0.155000  0.089489  0.000000
  -77.734  -49.019  -48.985  -48.843  -23.493  -23.395  -21.015  -19.745  -13.233  -10.844
  -10.652  -10.509   -9.530   -9.481   -9.308   -8.583   -8.449   -7.792   -7.731   -7.019
   -5.511   -3.504   -3.410   -3.386   -3.005   -0.530   -0.370    1.344    1.437    2.240
    2.369    2.572    3.562    3.679    4.175
            0.150000  0.086603  0.000000
  -77.734  -49.016  -48.985  -48.844  -23.516  -23.418  -21.031  -19.752  -13.245  -10.797
  -10.584  -10.480   -9.511   -9.462   -9.275   -8.595   -8.463   -7.771   -7.712   -7.012
   -5.490   -3.502   -3.395   -3.383   -3.023   -0.560   -0.391    1.372    1.466    2.221
    2.338    2.519    3.507    3.623    4.143
            0.145000  0.083716  0.000000
  -77.735  -49.014  -48.984  -48.844  -23.539  -23.440  -21.046  -19.760  -13.257  -10.762
  -10.517  -10.438   -9.492   -9.443   -9.243   -8.607   -8.477   -7.752   -7.695   -7.006
   -5.469   -3.499   -3.381   -3.379   -3.041   -0.592   -0.415    1.404    1.498    2.202
    2.306    2.470    3.454    3.568    4.111
            0.140000  0.080829  0.000000
  -77.735  -49.011  -48.984  -48.845  -23.561  -23.462  -21.061  -19.767  -13.269  -10.739
  -10.451  -10.385   -9.474   -9.424   -9.211   -8.619   -8.490   -7.732   -7.677   -7.000
   -5.448   -3.497   -3.374   -3.367   -3.059   -0.627   -0.443    1.437    1.533    2.181
    2.276    2.424    3.402    3.514    4.079
            0.135000  0.077942  0.000000
  -77.735  -49.009  -48.983  -48.845  -23.582  -23.483  -21.075  -19.774  -13.282  -10.726
  -10.386  -10.324   -9.456   -9.405   -9.180   -8.631   -8.504   -7.713   -7.660   -6.995
   -5.428   -3.494   -3.369   -3.353   -3.076   -0.664   -0.473    1.472    1.570    2.158
    2.246    2.382    3.350    3.462    4.045
            0.130000  0.075056  0.000000
  -77.735  -49.007  -48.983  -48.845  -23.602  -23.503  -21.089  -19.781  -13.294  -10.718
  -10.319  -10.260   -9.438   -9.387   -9.149   -8.643   -8.516   -7.695   -7.643   -6.991
   -5.409   -3.491   -3.362   -3.340   -3.093   -0.703   -0.505    1.507    1.608    2.134
    2.217    2.345    3.301    3.411    4.011
            0.125000  0.072169  0.000000
  -77.736  -49.005  -48.982  -48.846  -23.622  -23.523  -21.102  -19.788  -13.306  -10.714
  -10.253  -10.193   -9.421   -9.369   -9.119   -8.655   -8.528   -7.677   -7.626   -6.988
   -5.390   -3.488   -3.355   -3.328   -3.109   -0.743   -0.539    1.542    1.648    2.106
    2.192    2.314    3.252    3.361    3.977
            0.120000  0.069282  0.000000
  -77.736  -49.002  -48.982  -48.846  -23.641  -23.541  -21.115  -19.795  -13.318  -10.713
  -10.187  -10.127   -9.404   -9.352   -9.089   -8.667   -8.540   -7.660   -7.610   -6.985
   -5.372   -3.484   -3.348   -3.316   -3.125   -0.785   -0.575    1.576    1.688    2.076
    2.169    2.288    3.205    3.313    3.942
            0.115000  0.066395  0.000000
  -77.736  -49.000  -48.981  -48.846  -23.659  -23.559  -21.128  -19.801  -13.329  -10.714
  -10.121  -10.060   -9.388   -9.335   -9.061   -8.678   -8.552   -7.643   -7.594   -6.984
   -5.355   -3.480   -3.340   -3.305   -3.140   -0.827   -0.612    1.608    1.728    2.044
    2.150    2.267    3.160    3.267    3.906
            0.110000  0.063509  0.000000
  -77.736  -48.998  -48.981  -48.847  -23.677  -23.577  -21.140  -19.807  -13.341  -10.716
  -10.056   -9.994   -9.373   -9.318   -9.032   -8.690   -8.562   -7.627   -7.579   -6.983
   -5.338   -3.475   -3.331   -3.294   -3.155   -0.870   -0.649    1.636    1.766    2.013
    2.134    2.253    3.116    3.222    3.870
            0.105000  0.060622  0.000000
  -77.737  -48.996  -48.980  -48.847  -23.694  -23.593  -21.152  -19.813  -13.352  -10.718
   -9.993   -9.929   -9.358   -9.303   -9.005   -8.701   -8.573   -7.611   -7.564   -6.983
   -5.323   -3.470   -3.322   -3.284   -3.169   -0.913   -0.688    1.659    1.803    1.984
    2.122    2.246    3.073    3.179    3.834
            0.100000  0.057735  0.000000
  -77.737  -48.994  -48.980  -48.848  -23.710  -23.609  -21.163  -19.819  -13.362  -10.721
   -9.931   -9.865   -9.343   -9.287   -8.979   -8.712   -8.583   -7.596   -7.550   -6.985
   -5.308   -3.464   -3.313   -3.275   -3.182   -0.957   -0.726    1.674    1.835    1.959
    2.114    2.245    3.033    3.138    3.797
            0.095000  0.054848  0.000000
  -77.737  -48.993  -48.979  -48.848  -23.725  -23.624  -21.174  -19.824  -13.373  -10.724
   -9.870   -9.803   -9.329   -9.273   -8.953   -8.723   -8.592   -7.581   -7.536   -6.987
   -5.294   -3.458   -3.303   -3.268   -3.193   -0.999   -0.764    1.679    1.861    1.939
    2.113    2.251    2.994    3.098    3.760
            0.090000  0.051962  0.000000
  -77.737  -48.991  -48.979  -48.848  -23.740  -23.638  -21.184  -19.830  -13.382  -10.728
   -9.811   -9.742   -9.316   -9.258   -8.929   -8.734   -8.601   -7.567   -7.523   -6.990
   -5.281   -3.452   -3.293   -3.263   -3.202   -1.042   -0.802    1.675    1.879    1.926
    2.121    2.264    2.956    3.060    3.724
            0.085000  0.049075  0.000000
  -77.738  -48.989  -48.979  -48.848  -23.753  -23.652  -21.194  -19.835  -13.392  -10.731
   -9.754   -9.683   -9.303   -9.245   -8.905   -8.745   -8.610   -7.553   -7.510   -6.994
   -5.268   -3.445   -3.283   -3.262   -3.207   -1.084   -0.839    1.663    1.888    1.917
    2.138    2.283    2.921    3.024    3.687
            0.080000  0.046188  0.000000
  -77.738  -48.988  -48.978  -48.849  -23.766  -23.665  -21.203  -19.839  -13.401  -10.734
   -9.700   -9.626   -9.291   -9.232   -8.883   -8.755   -8.618   -7.539   -7.498   -6.999
   -5.257   -3.438   -3.272   -3.265   -3.207   -1.125   -0.876    1.644    1.889    1.911
    2.164    2.308    2.887    2.990    3.650
            0.075000  0.043301  0.000000
  -77.738  -48.986  -48.978  -48.849  -23.778  -23.677  -21.211  -19.844  -13.410  -10.738
   -9.647   -9.572   -9.279   -9.220   -8.863   -8.764   -8.625   -7.526   -7.486   -7.005
   -5.247   -3.430   -3.272   -3.262   -3.205   -1.165   -0.911    1.621    1.886    1.905
    2.195    2.336    2.855    2.958    3.614
            0.070000  0.040415  0.000000
  -77.738  -48.985  -48.978  -48.849  -23.790  -23.688  -21.220  -19.848  -13.418  -10.741
   -9.596   -9.519   -9.269   -9.208   -8.845   -8.772   -8.632   -7.513   -7.476   -7.011
   -5.237   -3.423   -3.280   -3.251   -3.200   -1.203   -0.946    1.597    1.881    1.898
    2.231    2.368    2.825    2.928    3.578
            0.065000  0.037528  0.000000
  -77.738  -48.984  -48.977  -48.849  -23.801  -23.699  -21.227  -19.852  -13.425  -10.744
   -9.548   -9.469   -9.258   -9.197   -8.831   -8.777   -8.639   -7.501   -7.465   -7.018
   -5.228   -3.415   -3.288   -3.240   -3.195   -1.240   -0.978    1.572    1.875    1.890
    2.269    2.402    2.797    2.899    3.542
            0.060000  0.034641  0.000000
  -77.738  -48.982  -48.977  -48.850  -23.810  -23.709  -21.234  -19.856  -13.433  -10.747
   -9.502   -9.422   -9.249   -9.187   -8.826   -8.775   -8.645   -7.489   -7.456   -7.026
   -5.220   -3.408   -3.297   -3.230   -3.190   -1.275   -1.010    1.547    1.867    1.883
    2.308    2.437    2.771    2.873    3.506
            0.055000  0.031754  0.000000
  -77.738  -48.981  -48.977  -48.850  -23.820  -23.718  -21.241  -19.859  -13.439  -10.750
   -9.459   -9.378   -9.240   -9.178   -8.829   -8.766   -8.650   -7.477   -7.447   -7.034
   -5.213   -3.400   -3.306   -3.220   -3.185   -1.309   -1.039    1.523    1.859    1.876
    2.347    2.472    2.747    2.849    3.471
            0.050000  0.028868  0.000000
  -77.739  -48.980  -48.977  -48.850  -23.828  -23.726  -21.247  -19.862  -13.445  -10.753
   -9.418   -9.337   -9.232   -9.169   -8.836   -8.754   -8.655   -7.466   -7.439   -7.043
   -5.207   -3.393   -3.313   -3.210   -3.180   -1.340   -1.067    1.500    1.850    1.870
    2.386    2.506    2.725    2.826    3.437
            0.045000  0.025981  0.000000
  -77.739  -48.979  -48.976  -48.850  -23.835  -23.733  -21.252  -19.865  -13.451  -10.755
   -9.380   -9.299   -9.225   -9.161   -8.845   -8.741   -8.660   -7.455   -7.431   -7.051
   -5.202   -3.386   -3.321   -3.201   -3.175   -1.369   -1.092    1.479    1.841    1.864
    2.424    2.540    2.705    2.806    3.404
            0.040000  0.023094  0.000000
  -77.739  -48.979  -48.976  -48.850  -23.842  -23.740  -21.257  -19.867  -13.456  -10.757
   -9.345   -9.264   -9.219   -9.154   -8.855   -8.729   -8.664   -7.445   -7.424   -7.060
   -5.197   -3.380   -3.327   -3.192   -3.171   -1.396   -1.116    1.460    1.833    1.859
    2.460    2.571    2.687    2.788    3.372
            0.035000  0.020207  0.000000
  -77.739  -48.978  -48.976  -48.850  -23.848  -23.746  -21.261  -19.870  -13.460  -10.759
   -9.313   -9.233   -9.213   -9.148   -8.865   -8.718   -8.667   -7.435   -7.418   -7.069
   -5.193   -3.374   -3.333   -3.184   -3.167   -1.420   -1.136    1.443    1.826    1.854
    2.493    2.601    2.671    2.772    3.341
            0.030000  0.017321  0.000000
  -77.739  -48.977  -48.976  -48.851  -23.853  -23.751  -21.265  -19.871  -13.464  -10.761
   -9.283   -9.208   -9.206   -9.143   -8.875   -8.708   -8.671   -7.427   -7.413   -7.077
   -5.189   -3.369   -3.339   -3.176   -3.163   -1.441   -1.155    1.428    1.820    1.850
    2.524    2.629    2.657    2.758    3.312
            0.025000  0.014434  0.000000
  -77.739  -48.977  -48.976  -48.851  -23.858  -23.755  -21.268  -19.873  -13.467  -10.762
   -9.258   -9.204   -9.182   -9.138   -8.885   -8.699   -8.673   -7.419   -7.409   -7.084
   -5.186   -3.364   -3.343   -3.170   -3.161   -1.459   -1.170    1.415    1.814    1.846
    2.551    2.645    2.654    2.746    3.286
            0.020000  0.011547  0.000000
  -77.739  -48.976  -48.976  -48.851  -23.861  -23.759  -21.271  -19.874  -13.470  -10.763
   -9.236   -9.200   -9.163   -9.134   -8.894   -8.692   -8.675   -7.412   -7.405   -7.091
   -5.184   -3.360   -3.347   -3.164   -3.158   -1.474   -1.183    1.404    1.809    1.843
    2.575    2.635    2.676    2.737    3.262
            0.015000  0.008660  0.000000
  -77.739  -48.976  -48.976  -48.851  -23.864  -23.761  -21.273  -19.876  -13.472  -10.764
   -9.218   -9.197   -9.147   -9.131   -8.901   -8.686   -8.677   -7.407   -7.402   -7.096
   -5.182   -3.357   -3.350   -3.160   -3.156   -1.486   -1.194    1.396    1.806    1.840
    2.593    2.628    2.694    2.729    3.243
            0.010000  0.005774  0.000000
  -77.739  -48.976  -48.976  -48.851  -23.866  -23.763  -21.274  -19.876  -13.474  -10.765
   -9.205   -9.196   -9.136   -9.129   -8.908   -8.682   -8.678   -7.403   -7.400   -7.101
   -5.181   -3.355   -3.352   -3.157   -3.155   -1.494   -1.201    1.390    1.803    1.839
    2.607    2.623    2.708    2.724    3.228
            0.005000  0.002887  0.000000
  -77.739  -48.976  -48.976  -48.851  -23.867  -23.765  -21.275  -19.877  -13.475  -10.765
   -9.197   -9.194   -9.129   -9.128   -8.911   -8.680   -8.679   -7.400   -7.399   -7.103
   -5.180   -3.354   -3.353   -3.155   -3.154   -1.499   -1.205    1.386    1.801    1.838
    2.615    2.619    2.717    2.721    3.218
            0.000000  0.000000  0.000000
  -77.739  -48.976  -48.975  -48.851  -23.868  -23.765  -21.276  -19.877  -13.475  -10.766
   -9.194   -9.194   -9.128   -9.127   -8.913   -8.679   -8.679   -7.400   -7.398   -7.104
   -5.180   -3.354   -3.352   -3.154   -3.154   -1.501   -1.207    1.385    1.801    1.837
    2.618    2.618    2.719    2.720    3.215
