 &plot nbnd=  35, nks=   261 /
            0.000000  0.000000  0.000000
  -77.745  -48.973  -48.973  -48.871  -24.059  -23.964  -21.411  -20.008  -13.617  -10.932
   -9.203   -9.203   -9.143   -9.143   -9.053   -8.711   -8.710   -7.424   -7.423   -7.201
   -5.212   -3.314   -3.312   -3.120   -3.120   -1.275   -0.981    1.549    1.865    1.903
    2.808    2.809    2.899    2.901    3.316
            0.003333  0.005774  0.000000
  -77.745  -48.973  -48.973  -48.871  -24.058  -23.964  -21.411  -20.008  -13.617  -10.932
   -9.208   -9.203   -9.146   -9.144   -9.050   -8.712   -8.710   -7.426   -7.423   -7.199
   -5.212   -3.313   -3.313   -3.121   -3.120   -1.272   -0.979    1.551    1.866    1.903
    2.804    2.810    2.896    2.901    3.321
            0.006667  0.011547  0.000000
  -77.745  -48.974  -48.973  -48.871  -24.057  -23.962  -21.409  -20.007  -13.615  -10.932
   -9.221   -9.205   -9.155   -9.146   -9.042   -8.715   -8.709   -7.430   -7.425   -7.195
   -5.213   -3.315   -3.311   -3.124   -3.121   -1.266   -0.973    1.556    1.868    1.905
    2.792    2.815    2.884    2.905    3.335
            0.010000  0.017321  0.000000
  -77.745  -48.974  -48.974  -48.871  -24.054  -23.959  -21.407  -20.006  -13.613  -10.931
   -9.241   -9.208   -9.170   -9.149   -9.032   -8.720   -8.708   -7.437   -7.428   -7.188
   -5.215   -3.318   -3.309   -3.128   -3.123   -1.255   -0.963    1.564    1.871    1.907
    2.771    2.822    2.865    2.913    3.357
            0.013333  0.023094  0.000000
  -77.745  -48.975  -48.974  -48.871  -24.050  -23.955  -21.404  -20.005  -13.610  -10.929
   -9.267   -9.212   -9.190   -9.153   -9.019   -8.728   -8.705   -7.446   -7.432   -7.180
   -5.218   -3.322   -3.305   -3.134   -3.126   -1.239   -0.950    1.576    1.877    1.910
    2.744    2.832    2.841    2.923    3.385
            0.016667  0.028868  0.000000
  -77.745  -48.975  -48.974  -48.871  -24.045  -23.951  -21.401  -20.003  -13.607  -10.928
   -9.297   -9.224   -9.209   -9.159   -9.006   -8.737   -8.703   -7.456   -7.437   -7.170
   -5.221   -3.327   -3.300   -3.141   -3.129   -1.220   -0.933    1.590    1.883    1.914
    2.711    2.811    2.846    2.936    3.416
            0.020000  0.034641  0.000000
  -77.745  -48.976  -48.974  -48.871  -24.039  -23.945  -21.396  -20.000  -13.602  -10.925
   -9.332   -9.251   -9.218   -9.166   -8.994   -8.749   -8.699   -7.468   -7.444   -7.159
   -5.225   -3.333   -3.293   -3.149   -3.133   -1.197   -0.913    1.608    1.891    1.919
    2.673    2.778    2.862    2.952    3.451
            0.023333  0.040415  0.000000
  -77.745  -48.977  -48.974  -48.871  -24.032  -23.938  -21.391  -19.998  -13.596  -10.923
   -9.369   -9.287   -9.225   -9.174   -8.981   -8.762   -8.695   -7.480   -7.451   -7.148
   -5.230   -3.340   -3.286   -3.158   -3.137   -1.170   -0.889    1.629    1.900    1.924
    2.631    2.743    2.881    2.971    3.488
            0.026667  0.046188  0.000000
  -77.744  -48.978  -48.974  -48.870  -24.024  -23.930  -21.385  -19.994  -13.590  -10.920
   -9.411   -9.327   -9.233   -9.184   -8.969   -8.776   -8.691   -7.494   -7.460   -7.136
   -5.236   -3.347   -3.278   -3.169   -3.143   -1.139   -0.862    1.652    1.910    1.930
    2.586    2.704    2.903    2.993    3.527
            0.030000  0.051962  0.000000
  -77.744  -48.979  -48.975  -48.870  -24.015  -23.921  -21.378  -19.991  -13.583  -10.917
   -9.455   -9.372   -9.242   -9.195   -8.957   -8.792   -8.686   -7.507   -7.470   -7.125
   -5.243   -3.355   -3.269   -3.180   -3.148   -1.105   -0.833    1.678    1.921    1.937
    2.539    2.664    2.927    3.018    3.567
            0.033333  0.057735  0.000000
  -77.744  -48.981  -48.975  -48.870  -24.005  -23.910  -21.371  -19.987  -13.575  -10.914
   -9.503   -9.422   -9.252   -9.207   -8.946   -8.809   -8.680   -7.521   -7.482   -7.114
   -5.251   -3.364   -3.260   -3.191   -3.155   -1.069   -0.800    1.706    1.932    1.943
    2.491    2.621    2.955    3.046    3.608
            0.036667  0.063509  0.000000
  -77.744  -48.982  -48.975  -48.870  -23.993  -23.899  -21.362  -19.983  -13.567  -10.910
   -9.554   -9.475   -9.264   -9.222   -8.936   -8.826   -8.674   -7.535   -7.495   -7.104
   -5.260   -3.373   -3.250   -3.203   -3.161   -1.029   -0.765    1.736    1.943    1.951
    2.442    2.578    2.986    3.077    3.649
            0.040000  0.069282  0.000000
  -77.744  -48.984  -48.976  -48.869  -23.981  -23.887  -21.353  -19.978  -13.558  -10.906
   -9.607   -9.532   -9.276   -9.237   -8.927   -8.842   -8.667   -7.550   -7.509   -7.094
   -5.270   -3.382   -3.241   -3.215   -3.167   -0.988   -0.728    1.768    1.953    1.959
    2.393    2.534    3.019    3.111    3.691
            0.043333  0.075056  0.000000
  -77.744  -48.985  -48.976  -48.869  -23.967  -23.874  -21.343  -19.973  -13.548  -10.902
   -9.664   -9.592   -9.290   -9.254   -8.923   -8.856   -8.660   -7.564   -7.524   -7.085
   -5.281   -3.391   -3.237   -3.223   -3.171   -0.944   -0.689    1.799    1.961    1.968
    2.346    2.492    3.056    3.148    3.734
            0.046667  0.080829  0.000000
  -77.743  -48.987  -48.977  -48.869  -23.953  -23.859  -21.333  -19.967  -13.537  -10.897
   -9.723   -9.655   -9.306   -9.273   -8.926   -8.862   -8.652   -7.578   -7.541   -7.078
   -5.294   -3.400   -3.244   -3.223   -3.172   -0.898   -0.648    1.829    1.969    1.976
    2.301    2.451    3.095    3.188    3.777
            0.050000  0.086603  0.000000
  -77.743  -48.989  -48.977  -48.868  -23.937  -23.844  -21.321  -19.961  -13.526  -10.892
   -9.785   -9.721   -9.324   -9.293   -8.939   -8.860   -8.643   -7.593   -7.560   -7.071
   -5.307   -3.409   -3.255   -3.226   -3.166   -0.850   -0.605    1.852    1.976    1.984
    2.262    2.415    3.136    3.232    3.820
            0.053333  0.092376  0.000000
  -77.743  -48.991  -48.978  -48.868  -23.920  -23.827  -21.309  -19.955  -13.514  -10.888
   -9.850   -9.790   -9.343   -9.314   -8.958   -8.853   -8.634   -7.608   -7.579   -7.065
   -5.322   -3.418   -3.267   -3.233   -3.155   -0.801   -0.561    1.864    1.972    2.001
    2.233    2.384    3.180    3.278    3.864
            0.056667  0.098150  0.000000
  -77.743  -48.994  -48.978  -48.868  -23.903  -23.810  -21.297  -19.948  -13.501  -10.883
   -9.917   -9.860   -9.365   -9.335   -8.979   -8.843   -8.624   -7.624   -7.599   -7.060
   -5.338   -3.426   -3.278   -3.242   -3.140   -0.751   -0.516    1.860    1.956    2.030
    2.215    2.359    3.226    3.327    3.909
            0.060000  0.103923  0.000000
  -77.742  -48.996  -48.979  -48.867  -23.884  -23.791  -21.283  -19.941  -13.488  -10.878
   -9.986   -9.933   -9.390   -9.358   -9.003   -8.831   -8.614   -7.641   -7.618   -7.057
   -5.355   -3.433   -3.289   -3.254   -3.124   -0.700   -0.470    1.843    1.928    2.066
    2.210    2.343    3.275    3.379    3.953
            0.063333  0.109697  0.000000
  -77.742  -48.998  -48.979  -48.867  -23.864  -23.772  -21.269  -19.934  -13.474  -10.874
  -10.056  -10.007   -9.417   -9.381   -9.027   -8.819   -8.602   -7.662   -7.636   -7.054
   -5.373   -3.441   -3.300   -3.267   -3.106   -0.648   -0.423    1.815    1.890    2.107
    2.216    2.335    3.325    3.434    3.999
            0.066667  0.115470  0.000000
  -77.742  -49.001  -48.980  -48.866  -23.843  -23.751  -21.254  -19.926  -13.460  -10.869
  -10.129  -10.082   -9.446   -9.406   -9.052   -8.806   -8.591   -7.686   -7.652   -7.053
   -5.392   -3.447   -3.311   -3.281   -3.087   -0.596   -0.375    1.778    1.846    2.150
    2.230    2.334    3.376    3.492    4.045
            0.070000  0.121244  0.000000
  -77.741  -49.003  -48.981  -48.866  -23.821  -23.730  -21.239  -19.918  -13.445  -10.866
  -10.204  -10.157   -9.478   -9.431   -9.077   -8.793   -8.579   -7.712   -7.666   -7.052
   -5.413   -3.453   -3.321   -3.296   -3.067   -0.543   -0.327    1.735    1.798    2.193
    2.249    2.342    3.429    3.552    4.092
            0.073333  0.127017  0.000000
  -77.741  -49.006  -48.981  -48.865  -23.798  -23.707  -21.223  -19.910  -13.430  -10.863
  -10.279  -10.233   -9.511   -9.457   -9.103   -8.780   -8.566   -7.741   -7.679   -7.053
   -5.434   -3.459   -3.330   -3.312   -3.047   -0.490   -0.280    1.688    1.748    2.233
    2.273    2.357    3.482    3.615    4.140
            0.076667  0.132791  0.000000
  -77.741  -49.009  -48.982  -48.865  -23.775  -23.683  -21.206  -19.901  -13.415  -10.862
  -10.356  -10.309   -9.547   -9.484   -9.129   -8.766   -8.553   -7.772   -7.692   -7.054
   -5.456   -3.464   -3.339   -3.328   -3.025   -0.437   -0.231    1.638    1.696    2.268
    2.301    2.381    3.536    3.680    4.189
            0.080000  0.138564  0.000000
  -77.740  -49.012  -48.983  -48.864  -23.750  -23.659  -21.189  -19.893  -13.399  -10.864
  -10.433  -10.384   -9.585   -9.513   -9.156   -8.752   -8.539   -7.804   -7.704   -7.057
   -5.479   -3.468   -3.350   -3.343   -3.003   -0.385   -0.184    1.586    1.643    2.297
    2.331    2.415    3.589    3.747    4.240
            0.083333  0.144338  0.000000
  -77.740  -49.015  -48.984  -48.864  -23.724  -23.633  -21.171  -19.883  -13.384  -10.870
  -10.510  -10.456   -9.624   -9.543   -9.183   -8.738   -8.525   -7.838   -7.715   -7.060
   -5.503   -3.472   -3.366   -3.352   -2.981   -0.332   -0.136    1.533    1.590    2.323
    2.360    2.457    3.641    3.816    4.294
            0.086667  0.150111  0.000000
  -77.740  -49.018  -48.985  -48.863  -23.697  -23.607  -21.153  -19.874  -13.368  -10.883
  -10.586  -10.522   -9.665   -9.574   -9.210   -8.724   -8.510   -7.873   -7.726   -7.065
   -5.527   -3.475   -3.384   -3.359   -2.958   -0.280   -0.089    1.481    1.537    2.347
    2.390    2.505    3.692    3.886    4.349
            0.090000  0.155885  0.000000
  -77.739  -49.021  -48.986  -48.863  -23.669  -23.580  -21.134  -19.864  -13.352  -10.907
  -10.662  -10.579   -9.707   -9.607   -9.238   -8.709   -8.495   -7.910   -7.736   -7.070
   -5.552   -3.478   -3.402   -3.366   -2.934   -0.229   -0.042    1.428    1.484    2.369
    2.420    2.555    3.741    3.958    4.407
            0.093333  0.161658  0.000000
  -77.739  -49.024  -48.987  -48.862  -23.641  -23.551  -21.114  -19.855  -13.336  -10.946
  -10.738  -10.622   -9.750   -9.641   -9.266   -8.694   -8.480   -7.948   -7.746   -7.076
   -5.577   -3.482   -3.420   -3.371   -2.910   -0.179    0.004    1.376    1.433    2.392
    2.450    2.608    3.787    4.030    4.468
            0.096667  0.167432  0.000000
  -77.738  -49.028  -48.987  -48.861  -23.611  -23.522  -21.094  -19.844  -13.320  -11.000
  -10.814  -10.650   -9.795   -9.676   -9.294   -8.679   -8.465   -7.986   -7.755   -7.083
   -5.603   -3.486   -3.438   -3.376   -2.886   -0.130    0.049    1.326    1.382    2.413
    2.482    2.662    3.830    4.101    4.532
            0.100000  0.173205  0.000000
  -77.738  -49.031  -48.988  -48.861  -23.580  -23.492  -21.074  -19.834  -13.305  -11.065
  -10.891  -10.665   -9.842   -9.713   -9.323   -8.664   -8.450   -8.026   -7.764   -7.091
   -5.630   -3.493   -3.454   -3.379   -2.862   -0.082    0.093    1.277    1.333    2.434
    2.515    2.717    3.871    4.173    4.600
            0.103333  0.178979  0.000000
  -77.737  -49.034  -48.989  -48.860  -23.549  -23.461  -21.053  -19.824  -13.290  -11.139
  -10.968  -10.672   -9.889   -9.751   -9.352   -8.649   -8.434   -8.067   -7.771   -7.099
   -5.656   -3.504   -3.466   -3.382   -2.837   -0.036    0.136    1.229    1.286    2.455
    2.548    2.773    3.908    4.243    4.670
            0.106667  0.184752  0.000000
  -77.737  -49.038  -48.991  -48.859  -23.516  -23.429  -21.032  -19.813  -13.276  -11.218
  -11.044  -10.674   -9.937   -9.791   -9.381   -8.634   -8.420   -8.108   -7.778   -7.109
   -5.683   -3.521   -3.474   -3.383   -2.813    0.008    0.177    1.184    1.241    2.475
    2.582    2.829    3.943    4.311    4.742
            0.110000  0.190526  0.000000
  -77.737  -49.041  -48.992  -48.859  -23.483  -23.396  -21.011  -19.802  -13.262  -11.301
  -11.119  -10.672   -9.987   -9.831   -9.411   -8.619   -8.405   -8.149   -7.785   -7.119
   -5.709   -3.540   -3.479   -3.383   -2.788    0.050    0.217    1.142    1.198    2.494
    2.616    2.885    3.974    4.377    4.817
            0.113333  0.196299  0.000000
  -77.736  -49.045  -48.993  -48.858  -23.449  -23.362  -20.989  -19.791  -13.250  -11.385
  -11.194  -10.668  -10.037   -9.873   -9.440   -8.604   -8.393   -8.190   -7.790   -7.129
   -5.736   -3.561   -3.484   -3.381   -2.763    0.090    0.255    1.103    1.158    2.513
    2.651    2.942    4.003    4.440    4.894
            0.116667  0.202073  0.000000
  -77.736  -49.048  -48.994  -48.857  -23.414  -23.327  -20.966  -19.780  -13.238  -11.470
  -11.267  -10.663  -10.088   -9.916   -9.470   -8.589   -8.383   -8.228   -7.795   -7.140
   -5.762   -3.583   -3.489   -3.379   -2.738    0.126    0.290    1.067    1.120    2.531
    2.686    2.999    4.030    4.500    4.972
            0.120000  0.207846  0.000000
  -77.735  -49.052  -48.995  -48.857  -23.378  -23.292  -20.944  -19.769  -13.228  -11.557
  -11.338  -10.656  -10.140   -9.960   -9.500   -8.574   -8.380   -8.260   -7.799   -7.152
   -5.789   -3.605   -3.494   -3.375   -2.714    0.159    0.323    1.035    1.087    2.548
    2.721    3.056    4.054    4.556    5.050
            0.123333  0.213620  0.000000
  -77.735  -49.055  -48.996  -48.856  -23.341  -23.256  -20.921  -19.758  -13.219  -11.643
  -11.407  -10.650  -10.193  -10.005   -9.531   -8.560   -8.390   -8.279   -7.802   -7.164
   -5.815   -3.628   -3.500   -3.370   -2.689    0.188    0.352    1.009    1.058    2.563
    2.756    3.113    4.078    4.608    5.128
            0.126667  0.219393  0.000000
  -77.734  -49.059  -48.998  -48.855  -23.304  -23.219  -20.898  -19.747  -13.213  -11.730
  -11.474  -10.643  -10.247  -10.051   -9.561   -8.548   -8.415   -8.283   -7.804   -7.177
   -5.841   -3.650   -3.506   -3.363   -2.665    0.212    0.378    0.987    1.034    2.578
    2.791    3.170    4.100    4.657    5.205
            0.130000  0.225167  0.000000
  -77.734  -49.062  -48.999  -48.855  -23.266  -23.181  -20.875  -19.736  -13.208  -11.816
  -11.538  -10.636  -10.301  -10.098   -9.592   -8.540   -8.446   -8.277   -7.805   -7.191
   -5.866   -3.673   -3.513   -3.356   -2.642    0.231    0.398    0.972    1.015    2.592
    2.826    3.228    4.121    4.702    5.280
            0.133333  0.230940  0.000000
  -77.733  -49.066  -49.000  -48.854  -23.227  -23.143  -20.852  -19.725  -13.206  -11.903
  -11.599  -10.629  -10.355  -10.145   -9.622   -8.544   -8.469   -8.267   -7.806   -7.205
   -5.891   -3.696   -3.520   -3.348   -2.618    0.244    0.414    0.962    1.004    2.604
    2.861    3.286    4.142    4.745    5.353
            0.136667  0.236714  0.000000
  -77.733  -49.069  -49.002  -48.853  -23.187  -23.103  -20.828  -19.713  -13.207  -11.989
  -11.656  -10.624  -10.410  -10.192   -9.653   -8.571   -8.473   -8.256   -7.805   -7.219
   -5.915   -3.719   -3.528   -3.339   -2.595    0.252    0.424    0.959    0.999    2.616
    2.895    3.344    4.163    4.784    5.423
            0.140000  0.242487  0.000000
  -77.732  -49.073  -49.003  -48.853  -23.147  -23.063  -20.805  -19.702  -13.211  -12.074
  -11.710  -10.619  -10.466  -10.239   -9.683   -8.611   -8.465   -8.245   -7.804   -7.234
   -5.939   -3.741   -3.536   -3.330   -2.573    0.254    0.428    0.962    1.001    2.626
    2.928    3.403    4.184    4.822    5.488
            0.143333  0.248261  0.000000
  -77.732  -49.076  -49.004  -48.852  -23.105  -23.023  -20.781  -19.691  -13.218  -12.159
  -11.759  -10.618  -10.521  -10.284   -9.713   -8.656   -8.453   -8.233   -7.801   -7.250
   -5.962   -3.764   -3.545   -3.319   -2.551    0.251    0.426    0.971    1.009    2.636
    2.961    3.462    4.207    4.856    5.548
            0.146667  0.254034  0.000000
  -77.731  -49.080  -49.006  -48.851  -23.063  -22.981  -20.757  -19.680  -13.229  -12.243
  -11.804  -10.622  -10.575  -10.327   -9.743   -8.702   -8.440   -8.222   -7.798   -7.266
   -5.984   -3.786   -3.554   -3.309   -2.530    0.244    0.420    0.985    1.024    2.644
    2.992    3.521    4.230    4.889    5.602
            0.150000  0.259808  0.000000
  -77.731  -49.083  -49.007  -48.850  -23.021  -22.939  -20.734  -19.669  -13.244  -12.326
  -11.844  -10.648  -10.613  -10.365   -9.773   -8.749   -8.427   -8.212   -7.793   -7.282
   -6.006   -3.808   -3.564   -3.297   -2.509    0.234    0.410    1.004    1.043    2.652
    3.023    3.580    4.255    4.919    5.649
            0.153333  0.265581  0.000000
  -77.730  -49.087  -49.009  -48.850  -22.978  -22.897  -20.710  -19.658  -13.263  -12.408
  -11.879  -10.700  -10.633  -10.395   -9.803   -8.797   -8.414   -8.203   -7.788   -7.298
   -6.026   -3.829   -3.574   -3.286   -2.489    0.221    0.396    1.026    1.067    2.660
    3.053    3.639    4.282    4.946    5.687
            0.156667  0.271355  0.000000
  -77.730  -49.090  -49.010  -48.849  -22.934  -22.854  -20.687  -19.648  -13.286  -12.489
  -11.909  -10.757  -10.659  -10.417   -9.833   -8.845   -8.401   -8.195   -7.781   -7.315
   -6.046   -3.850   -3.584   -3.274   -2.470    0.206    0.381    1.051    1.093    2.666
    3.081    3.699    4.311    4.970    5.715
            0.160000  0.277128  0.000000
  -77.729  -49.093  -49.012  -48.848  -22.890  -22.810  -20.663  -19.637  -13.313  -12.569
  -11.934  -10.814  -10.694  -10.429   -9.862   -8.893   -8.388   -8.188   -7.774   -7.332
   -6.065   -3.871   -3.595   -3.261   -2.452    0.190    0.364    1.079    1.122    2.673
    3.108    3.758    4.342    4.991    5.731
            0.163333  0.282902  0.000000
  -77.729  -49.097  -49.014  -48.847  -22.845  -22.765  -20.640  -19.627  -13.344  -12.648
  -11.955  -10.873  -10.737  -10.434   -9.890   -8.940   -8.375   -8.183   -7.766   -7.349
   -6.082   -3.891   -3.605   -3.249   -2.435    0.173    0.346    1.109    1.153    2.679
    3.134    3.818    4.375    5.008    5.733
            0.166667  0.288675  0.000000
  -77.728  -49.100  -49.015  -48.847  -22.800  -22.721  -20.617  -19.617  -13.378  -12.726
  -11.971  -10.931  -10.786  -10.434   -9.918   -8.988   -8.363   -8.179   -7.757   -7.367
   -6.099   -3.911   -3.617   -3.236   -2.418    0.156    0.327    1.140    1.184    2.686
    3.159    3.876    4.411    5.022    5.721
            0.170000  0.294449  0.000000
  -77.728  -49.103  -49.017  -48.846  -22.754  -22.675  -20.594  -19.607  -13.416  -12.803
  -11.982  -10.990  -10.838  -10.430   -9.946   -9.035   -8.352   -8.176   -7.748   -7.384
   -6.114   -3.930   -3.628   -3.222   -2.403    0.140    0.309    1.172    1.217    2.693
    3.182    3.934    4.450    5.032    5.694
            0.173333  0.300222  0.000000
  -77.727  -49.106  -49.019  -48.845  -22.708  -22.630  -20.572  -19.598  -13.456  -12.878
  -11.990  -11.049  -10.894  -10.425   -9.973   -9.081   -8.341   -8.174   -7.738   -7.401
   -6.128   -3.949   -3.639   -3.209   -2.389    0.123    0.290    1.204    1.251    2.700
    3.204    3.990    4.492    5.039    5.657
            0.176667  0.305996  0.000000
  -77.727  -49.109  -49.020  -48.845  -22.661  -22.584  -20.550  -19.589  -13.499  -12.951
  -11.994  -11.109  -10.951  -10.418  -10.000   -9.126   -8.331   -8.174   -7.728   -7.417
   -6.141   -3.968   -3.651   -3.196   -2.375    0.107    0.272    1.237    1.285    2.707
    3.225    4.044    4.536    5.044    5.613
            0.180000  0.311769  0.000000
  -77.726  -49.112  -49.022  -48.844  -22.614  -22.537  -20.528  -19.580  -13.544  -13.023
  -11.995  -11.168  -11.010  -10.410  -10.026   -9.171   -8.322   -8.175   -7.718   -7.433
   -6.153   -3.986   -3.662   -3.182   -2.363    0.092    0.255    1.270    1.319    2.716
    3.245    4.096    4.583    5.047    5.562
            0.183333  0.317543  0.000000
  -77.726  -49.115  -49.024  -48.843  -22.567  -22.490  -20.507  -19.571  -13.590  -13.094
  -11.994  -11.227  -11.070  -10.402  -10.051   -9.215   -8.314   -8.177   -7.709   -7.448
   -6.163   -4.004   -3.674   -3.168   -2.352    0.078    0.238    1.303    1.353    2.725
    3.264    4.144    4.633    5.050    5.508
            0.186667  0.323316  0.000000
  -77.725  -49.118  -49.026  -48.843  -22.519  -22.443  -20.486  -19.563  -13.637  -13.163
  -11.990  -11.286  -11.131  -10.393  -10.076   -9.258   -8.308   -8.180   -7.700   -7.462
   -6.173   -4.021   -3.685   -3.154   -2.341    0.065    0.222    1.336    1.388    2.736
    3.282    4.187    4.686    5.055    5.452
            0.190000  0.329090  0.000000
  -77.725  -49.121  -49.027  -48.842  -22.471  -22.396  -20.466  -19.555  -13.686  -13.230
  -11.985  -11.345  -11.192  -10.385  -10.100   -9.299   -8.304   -8.183   -7.692   -7.474
   -6.180   -4.039   -3.695   -3.141   -2.332    0.053    0.206    1.368    1.423    2.747
    3.300    4.224    4.740    5.064    5.395
            0.193333  0.334863  0.000000
  -77.725  -49.123  -49.029  -48.841  -22.423  -22.349  -20.446  -19.548  -13.734  -13.295
  -11.978  -11.403  -11.254  -10.377  -10.123   -9.339   -8.302   -8.186   -7.686   -7.483
   -6.187   -4.056   -3.706   -3.127   -2.324    0.042    0.192    1.400    1.458    2.760
    3.316    4.254    4.797    5.079    5.337
            0.196667  0.340637  0.000000
  -77.724  -49.126  -49.031  -48.841  -22.375  -22.301  -20.426  -19.541  -13.783  -13.359
  -11.971  -11.460  -11.317  -10.369  -10.145   -9.378   -8.304   -8.189   -7.683   -7.489
   -6.192   -4.073   -3.715   -3.113   -2.317    0.032    0.178    1.430    1.493    2.774
    3.333    4.276    4.855    5.099    5.281
            0.200000  0.346410  0.000000
  -77.724  -49.128  -49.033  -48.840  -22.327  -22.253  -20.408  -19.534  -13.832  -13.421
  -11.963  -11.517  -11.380  -10.362  -10.167   -9.415   -8.310   -8.190   -7.683   -7.492
   -6.195   -4.091   -3.724   -3.099   -2.311    0.023    0.166    1.459    1.529    2.789
    3.349    4.291    4.913    5.126    5.228
            0.203333  0.352184  0.000000
  -77.723  -49.130  -49.035  -48.839  -22.278  -22.206  -20.390  -19.528  -13.880  -13.481
  -11.956  -11.571  -11.443  -10.356  -10.188   -9.449   -8.320   -8.190   -7.686   -7.490
   -6.197   -4.108   -3.732   -3.085   -2.306    0.015    0.154    1.487    1.565    2.806
    3.365    4.298    4.967    5.151    5.192
            0.206667  0.357957  0.000000
  -77.723  -49.133  -49.037  -48.839  -22.230  -22.158  -20.372  -19.523  -13.927  -13.539
  -11.951  -11.621  -11.506  -10.351  -10.208   -9.482   -8.333   -8.190   -7.691   -7.485
   -6.198   -4.127   -3.739   -3.072   -2.303    0.008    0.143    1.514    1.601    2.825
    3.381    4.298    5.001    5.145    5.215
            0.210000  0.363731  0.000000
  -77.722  -49.135  -49.039  -48.838  -22.182  -22.110  -20.356  -19.517  -13.974  -13.594
  -11.951  -11.666  -11.569  -10.348  -10.226   -9.512   -8.351   -8.189   -7.699   -7.477
   -6.198   -4.145   -3.745   -3.058   -2.300    0.002    0.134    1.539    1.637    2.844
    3.397    4.293    4.990    5.169    5.263
            0.213333  0.369504  0.000000
  -77.722  -49.137  -49.041  -48.838  -22.133  -22.062  -20.340  -19.513  -14.019  -13.648
  -11.958  -11.703  -11.633  -10.347  -10.244   -9.540   -8.371   -8.188   -7.708   -7.467
   -6.196   -4.164   -3.750   -3.045   -2.298   -0.003    0.125    1.564    1.673    2.866
    3.413    4.283    4.951    5.219    5.318
            0.216667  0.375278  0.000000
  -77.722  -49.139  -49.043  -48.837  -22.085  -22.015  -20.325  -19.509  -14.064  -13.699
  -11.976  -11.729  -11.695  -10.348  -10.260   -9.565   -8.394   -8.187   -7.717   -7.455
   -6.193   -4.183   -3.754   -3.031   -2.297   -0.007    0.118    1.587    1.709    2.889
    3.429    4.271    4.904    5.274    5.380
            0.220000  0.381051  0.000000
  -77.721  -49.140  -49.045  -48.836  -22.037  -21.968  -20.310  -19.505  -14.107  -13.749
  -12.007  -11.764  -11.735  -10.352  -10.274   -9.586   -8.419   -8.187   -7.727   -7.441
   -6.189   -4.203   -3.756   -3.018   -2.297   -0.010    0.111    1.608    1.745    2.913
    3.445    4.256    4.855    5.323    5.448
            0.223333  0.386825  0.000000
  -77.721  -49.142  -49.047  -48.836  -21.990  -21.921  -20.297  -19.502  -14.149  -13.796
  -12.047  -11.825  -11.738  -10.359  -10.287   -9.605   -8.446   -8.189   -7.737   -7.427
   -6.183   -4.224   -3.757   -3.005   -2.298   -0.012    0.106    1.629    1.780    2.939
    3.461    4.240    4.807    5.360    5.522
            0.226667  0.392598  0.000000
  -77.720  -49.144  -49.049  -48.835  -21.943  -21.874  -20.284  -19.499  -14.188  -13.840
  -12.095  -11.888  -11.731  -10.369  -10.298   -9.620   -8.476   -8.192   -7.746   -7.411
   -6.177   -4.245   -3.757   -2.992   -2.300   -0.014    0.102    1.648    1.815    2.966
    3.478    4.223    4.761    5.379    5.600
            0.230000  0.398372  0.000000
  -77.720  -49.145  -49.051  -48.835  -21.896  -21.828  -20.272  -19.497  -14.227  -13.882
  -12.146  -11.951  -11.719  -10.381  -10.308   -9.631   -8.508   -8.197   -7.753   -7.396
   -6.169   -4.267   -3.756   -2.979   -2.303   -0.014    0.099    1.666    1.850    2.994
    3.494    4.207    4.718    5.381    5.683
            0.233333  0.404145  0.000000
  -77.720  -49.146  -49.054  -48.834  -21.850  -21.782  -20.261  -19.496  -14.263  -13.922
  -12.200  -12.014  -11.703  -10.395  -10.318   -9.639   -8.541   -8.204   -7.759   -7.380
   -6.161   -4.290   -3.753   -2.966   -2.306   -0.014    0.097    1.683    1.884    3.023
    3.511    4.191    4.677    5.371    5.769
            0.236667  0.409919  0.000000
  -77.719  -49.148  -49.056  -48.834  -21.804  -21.737  -20.250  -19.494  -14.297  -13.960
  -12.256  -12.077  -11.685  -10.411  -10.327   -9.644   -8.575   -8.213   -7.764   -7.363
   -6.151   -4.313   -3.749   -2.954   -2.311   -0.014    0.096    1.699    1.917    3.053
    3.527    4.177    4.639    5.353    5.851
            0.240000  0.415692  0.000000
  -77.719  -49.149  -49.058  -48.833  -21.759  -21.693  -20.241  -19.494  -14.330  -13.994
  -12.312  -12.139  -11.665  -10.426  -10.337   -9.646   -8.612   -8.223   -7.767   -7.347
   -6.141   -4.336   -3.744   -2.941   -2.316   -0.013    0.096    1.714    1.949    3.084
    3.544    4.163    4.604    5.329    5.908
            0.243333  0.421466  0.000000
  -77.719  -49.149  -49.060  -48.833  -21.714  -21.649  -20.232  -19.493  -14.360  -14.027
  -12.369  -12.201  -11.644  -10.443  -10.348   -9.645   -8.649   -8.236   -7.769   -7.331
   -6.130   -4.360   -3.738   -2.929   -2.321   -0.011    0.098    1.728    1.979    3.116
    3.560    4.152    4.574    5.303    5.951
            0.246667  0.427239  0.000000
  -77.719  -49.150  -49.062  -48.832  -21.671  -21.606  -20.225  -19.494  -14.388  -14.056
  -12.426  -12.263  -11.621  -10.460  -10.358   -9.641   -8.687   -8.252   -7.769   -7.315
   -6.119   -4.384   -3.731   -2.917   -2.328   -0.009    0.100    1.741    2.009    3.149
    3.577    4.142    4.546    5.274    5.979
            0.250000  0.433013  0.000000
  -77.718  -49.151  -49.064  -48.832  -21.628  -21.564  -20.218  -19.494  -14.414  -14.083
  -12.483  -12.324  -11.598  -10.478  -10.368   -9.635   -8.726   -8.268   -7.767   -7.299
   -6.107   -4.409   -3.723   -2.905   -2.335   -0.006    0.104    1.753    2.036    3.182
    3.593    4.134    4.523    5.244    5.990
            0.253333  0.438786  0.000000
  -77.718  -49.151  -49.067  -48.832  -21.587  -21.523  -20.212  -19.495  -14.437  -14.108
  -12.540  -12.385  -11.574  -10.496  -10.378   -9.627   -8.766   -8.287   -7.765   -7.283
   -6.094   -4.434   -3.715   -2.893   -2.342   -0.003    0.109    1.765    2.062    3.216
    3.609    4.129    4.503    5.213    5.987
            0.256667  0.444560  0.000000
  -77.718  -49.152  -49.069  -48.831  -21.546  -21.483  -20.207  -19.497  -14.459  -14.129
  -12.597  -12.445  -11.549  -10.514  -10.388   -9.618   -8.806   -8.307   -7.761   -7.268
   -6.081   -4.458   -3.705   -2.881   -2.351    0.001    0.114    1.775    2.086    3.251
    3.625    4.126    4.488    5.182    5.975
            0.260000  0.450333  0.000000
  -77.717  -49.152  -49.071  -48.831  -21.506  -21.444  -20.202  -19.498  -14.477  -14.148
  -12.653  -12.505  -11.523  -10.532  -10.396   -9.607   -8.847   -8.329   -7.756   -7.253
   -6.067   -4.483   -3.695   -2.869   -2.359    0.005    0.121    1.785    2.108    3.286
    3.641    4.126    4.476    5.151    5.955
            0.263333  0.456107  0.000000
  -77.717  -49.152  -49.073  -48.831  -21.468  -21.406  -20.199  -19.500  -14.494  -14.164
  -12.709  -12.565  -11.497  -10.550  -10.404   -9.595   -8.887   -8.352   -7.751   -7.239
   -6.054   -4.508   -3.685   -2.857   -2.369    0.010    0.128    1.794    2.127    3.321
    3.657    4.129    4.468    5.120    5.931
            0.266667  0.461880  0.000000
  -77.717  -49.152  -49.075  -48.830  -21.431  -21.369  -20.196  -19.502  -14.508  -14.178
  -12.764  -12.624  -11.471  -10.568  -10.411   -9.583   -8.927   -8.376   -7.745   -7.225
   -6.040   -4.533   -3.673   -2.846   -2.378    0.016    0.137    1.802    2.143    3.357
    3.674    4.134    4.463    5.090    5.902
            0.270000  0.467654  0.000000
  -77.717  -49.152  -49.078  -48.830  -21.395  -21.334  -20.193  -19.505  -14.519  -14.188
  -12.819  -12.682  -11.444  -10.586  -10.417   -9.572   -8.966   -8.401   -7.739   -7.211
   -6.026   -4.557   -3.662   -2.834   -2.389    0.022    0.146    1.809    2.157    3.393
    3.691    4.142    4.462    5.060    5.870
            0.273333  0.473427  0.000000
  -77.717  -49.152  -49.080  -48.830  -21.361  -21.300  -20.192  -19.507  -14.528  -14.196
  -12.873  -12.740  -11.418  -10.604  -10.421   -9.562   -9.003   -8.427   -7.732   -7.198
   -6.012   -4.581   -3.650   -2.823   -2.399    0.028    0.155    1.816    2.168    3.429
    3.709    4.153    4.463    5.030    5.835
            0.276667  0.479201  0.000000
  -77.716  -49.152  -49.082  -48.829  -21.328  -21.267  -20.190  -19.510  -14.535  -14.201
  -12.926  -12.797  -11.391  -10.621  -10.424   -9.553   -9.037   -8.453   -7.725   -7.185
   -5.998   -4.604   -3.638   -2.811   -2.410    0.035    0.165    1.821    2.176    3.466
    3.727    4.166    4.468    5.002    5.797
            0.280000  0.484974  0.000000
  -77.716  -49.151  -49.084  -48.829  -21.297  -21.236  -20.190  -19.512  -14.539  -14.204
  -12.978  -12.853  -11.364  -10.637  -10.425   -9.547   -9.068   -8.480   -7.719   -7.174
   -5.984   -4.627   -3.626   -2.800   -2.422    0.043    0.176    1.827    2.181    3.502
    3.747    4.181    4.475    4.974    5.757
            0.283333  0.490748  0.000000
  -77.716  -49.151  -49.087  -48.829  -21.268  -21.207  -20.190  -19.515  -14.541  -14.204
  -13.029  -12.908  -11.338  -10.653  -10.425   -9.546   -9.094   -8.508   -7.712   -7.162
   -5.971   -4.649   -3.614   -2.789   -2.433    0.051    0.187    1.831    2.184    3.539
    3.769    4.198    4.484    4.947    5.714
            0.286667  0.496521  0.000000
  -77.716  -49.150  -49.089  -48.829  -21.241  -21.180  -20.190  -19.518  -14.541  -14.201
  -13.079  -12.962  -11.312  -10.669  -10.422   -9.550   -9.115   -8.535   -7.706   -7.152
   -5.958   -4.671   -3.602   -2.778   -2.445    0.060    0.199    1.835    2.184    3.575
    3.792    4.217    4.495    4.921    5.669
            0.290000  0.502295  0.000000
  -77.716  -49.149  -49.091  -48.828  -21.215  -21.154  -20.190  -19.520  -14.539  -14.195
  -13.128  -13.016  -11.287  -10.683  -10.418   -9.560   -9.129   -8.564   -7.700   -7.142
   -5.945   -4.691   -3.591   -2.766   -2.458    0.069    0.210    1.838    2.181    3.611
    3.816    4.237    4.508    4.896    5.622
            0.293333  0.508068  0.000000
  -77.716  -49.149  -49.093  -48.828  -21.191  -21.130  -20.191  -19.523  -14.535  -14.187
  -13.175  -13.068  -11.263  -10.697  -10.410   -9.577   -9.135   -8.592   -7.694   -7.133
   -5.932   -4.711   -3.579   -2.755   -2.470    0.078    0.222    1.840    2.177    3.647
    3.842    4.258    4.523    4.872    5.572
            0.296667  0.513842  0.000000
  -77.715  -49.148  -49.095  -48.828  -21.169  -21.107  -20.192  -19.525  -14.528  -14.176
  -13.221  -13.119  -11.241  -10.710  -10.401   -9.601   -9.135   -8.620   -7.689   -7.124
   -5.921   -4.729   -3.568   -2.744   -2.483    0.088    0.234    1.842    2.170    3.683
    3.869    4.280    4.540    4.848    5.521
            0.300000  0.519615  0.000000
  -77.715  -49.147  -49.097  -48.828  -21.149  -21.087  -20.193  -19.527  -14.520  -14.163
  -13.265  -13.169  -11.219  -10.721  -10.388   -9.630   -9.129   -8.648   -7.684   -7.116
   -5.910   -4.747   -3.558   -2.733   -2.495    0.098    0.245    1.843    2.162    3.717
    3.897    4.303    4.558    4.825    5.467
            0.303333  0.525389  0.000000
  -77.715  -49.146  -49.099  -48.828  -21.132  -21.069  -20.195  -19.529  -14.511  -14.148
  -13.306  -13.217  -11.200  -10.732  -10.373   -9.663   -9.117   -8.677   -7.679   -7.109
   -5.899   -4.762   -3.548   -2.721   -2.508    0.109    0.256    1.843    2.153    3.752
    3.926    4.325    4.578    4.803    5.412
            0.306667  0.531162  0.000000
  -77.715  -49.145  -49.101  -48.828  -21.116  -21.052  -20.196  -19.531  -14.501  -14.132
  -13.346  -13.263  -11.183  -10.742  -10.354   -9.700   -9.102   -8.705   -7.675   -7.103
   -5.890   -4.777   -3.539   -2.710   -2.521    0.119    0.267    1.843    2.144    3.785
    3.954    4.348    4.598    4.782    5.354
            0.310000  0.536936  0.000000
  -77.715  -49.144  -49.103  -48.828  -21.102  -21.038  -20.197  -19.532  -14.490  -14.113
  -13.383  -13.307  -11.167  -10.750  -10.333   -9.739   -9.084   -8.733   -7.672   -7.098
   -5.881   -4.790   -3.530   -2.699   -2.534    0.129    0.277    1.842    2.134    3.817
    3.982    4.371    4.619    4.762    5.295
            0.313333  0.542709  0.000000
  -77.715  -49.143  -49.105  -48.827  -21.090  -21.026  -20.198  -19.533  -14.478  -14.094
  -13.417  -13.348  -11.154  -10.758  -10.309   -9.779   -9.064   -8.761   -7.669   -7.093
   -5.874   -4.801   -3.523   -2.688   -2.547    0.139    0.286    1.841    2.124    3.848
    4.008    4.395    4.637    4.748    5.235
            0.316667  0.548483  0.000000
  -77.715  -49.141  -49.106  -48.827  -21.080  -21.015  -20.199  -19.535  -14.467  -14.075
  -13.448  -13.386  -11.143  -10.764  -10.282   -9.820   -9.043   -8.788   -7.666   -7.089
   -5.867   -4.811   -3.516   -2.676   -2.559    0.149    0.294    1.839    2.114    3.878
    4.032    4.418    4.646    4.745    5.174
            0.320000  0.554256  0.000000
  -77.715  -49.140  -49.108  -48.827  -21.072  -21.007  -20.199  -19.535  -14.457  -14.056
  -13.475  -13.419  -11.134  -10.769  -10.254   -9.860   -9.020   -8.815   -7.665   -7.086
   -5.862   -4.819   -3.511   -2.665   -2.572    0.157    0.301    1.837    2.106    3.906
    4.050    4.443    4.642    4.758    5.113
            0.323333  0.560030  0.000000
  -77.715  -49.140  -49.109  -48.827  -21.066  -21.001  -20.200  -19.536  -14.448  -14.038
  -13.498  -13.446  -11.128  -10.773  -10.224   -9.899   -8.996   -8.841   -7.663   -7.083
   -5.858   -4.825   -3.507   -2.654   -2.584    0.165    0.307    1.835    2.098    3.931
    4.063    4.468    4.627    4.784    5.052
            0.326667  0.565803  0.000000
  -77.715  -49.139  -49.110  -48.827  -21.062  -20.996  -20.200  -19.536  -14.440  -14.024
  -13.516  -13.466  -11.123  -10.775  -10.196   -9.934   -8.972   -8.867   -7.662   -7.082
   -5.855   -4.829   -3.504   -2.643   -2.596    0.171    0.311    1.834    2.093    3.954
    4.070    4.495    4.608    4.816    4.994
            0.330000  0.571577  0.000000
  -77.715  -49.139  -49.110  -48.827  -21.060  -20.994  -20.200  -19.537  -14.436  -14.014
  -13.528  -13.479  -11.120  -10.777  -10.173   -9.961   -8.949   -8.891   -7.662   -7.080
   -5.853   -4.832   -3.502   -2.632   -2.607    0.175    0.314    1.832    2.089    3.972
    4.071    4.522    4.587    4.852    4.941
            0.333333  0.577350  0.000000
  -77.715  -49.138  -49.110  -48.827  -21.059  -20.993  -20.201  -19.537  -14.434  -14.011
  -13.532  -13.483  -11.120  -10.777  -10.164   -9.971   -8.934   -8.907   -7.661   -7.080
   -5.852   -4.833   -3.501   -2.625   -2.614    0.176    0.314    1.832    2.088    3.979
    4.069    4.543    4.569    4.881    4.905
            0.336111  0.572539  0.000000
  -77.715  -49.138  -49.110  -48.827  -21.059  -20.993  -20.201  -19.537  -14.435  -14.013
  -13.529  -13.480  -11.120  -10.777  -10.171   -9.964   -8.945   -8.895   -7.662   -7.080
   -5.853   -4.832   -3.502   -2.630   -2.609    0.175    0.314    1.832    2.089    3.972
    4.072    4.524    4.585    4.862    4.930
            0.338889  0.567728  0.000000
  -77.715  -49.139  -49.110  -48.827  -21.061  -20.995  -20.200  -19.536  -14.439  -14.021
  -13.520  -13.471  -11.122  -10.776  -10.189   -9.942   -8.963   -8.877   -7.662   -7.081
   -5.854   -4.831   -3.503   -2.639   -2.600    0.172    0.312    1.834    2.092    3.952
    4.080    4.489    4.610    4.844    4.965
            0.341667  0.562917  0.000000
  -77.715  -49.139  -49.109  -48.827  -21.063  -20.998  -20.200  -19.536  -14.445  -14.033
  -13.506  -13.455  -11.124  -10.775  -10.215   -9.912   -8.982   -8.857   -7.662   -7.082
   -5.856   -4.828   -3.505   -2.647   -2.591    0.166    0.309    1.836    2.097    3.920
    4.093    4.447    4.636    4.836    5.001
            0.344444  0.558105  0.000000
  -77.715  -49.140  -49.108  -48.827  -21.067  -21.001  -20.200  -19.536  -14.454  -14.050
  -13.486  -13.434  -11.127  -10.773  -10.244   -9.877   -9.000   -8.837   -7.663   -7.084
   -5.859   -4.824   -3.508   -2.655   -2.582    0.157    0.304    1.840    2.104    3.880
    4.107    4.397    4.661    4.839    5.039
            0.347222  0.553294  0.000000
  -77.715  -49.141  -49.107  -48.827  -21.071  -21.006  -20.200  -19.536  -14.465  -14.069
  -13.463  -13.407  -11.131  -10.770  -10.276   -9.838   -9.018   -8.818   -7.664   -7.086
   -5.862   -4.819   -3.512   -2.663   -2.573    0.145    0.297    1.846    2.113    3.834
    4.121    4.341    4.685    4.850    5.078
            0.350000  0.548483  0.000000
  -77.715  -49.142  -49.106  -48.827  -21.077  -21.012  -20.200  -19.536  -14.479  -14.092
  -13.435  -13.375  -11.136  -10.768  -10.308   -9.796   -9.036   -8.798   -7.665   -7.088
   -5.866   -4.813   -3.517   -2.671   -2.564    0.130    0.289    1.853    2.125    3.783
    4.135    4.283    4.707    4.869    5.118
            0.352778  0.543672  0.000000
  -77.715  -49.143  -49.104  -48.827  -21.083  -21.018  -20.200  -19.535  -14.494  -14.116
  -13.404  -13.338  -11.141  -10.765  -10.340   -9.753   -9.052   -8.779   -7.666   -7.091
   -5.870   -4.806   -3.522   -2.679   -2.555    0.111    0.278    1.862    2.139    3.728
    4.144    4.225    4.728    4.894    5.158
            0.355556  0.538860  0.000000
  -77.715  -49.144  -49.103  -48.827  -21.090  -21.025  -20.200  -19.535  -14.511  -14.142
  -13.369  -13.298  -11.147  -10.762  -10.372   -9.709   -9.068   -8.761   -7.668   -7.094
   -5.876   -4.798   -3.529   -2.686   -2.547    0.090    0.265    1.874    2.155    3.670
    4.126    4.192    4.747    4.923    5.199
            0.358333  0.534049  0.000000
  -77.715  -49.146  -49.101  -48.827  -21.097  -21.033  -20.200  -19.535  -14.530  -14.169
  -13.332  -13.255  -11.153  -10.759  -10.403   -9.664   -9.083   -8.742   -7.669   -7.097
   -5.881   -4.790   -3.536   -2.693   -2.538    0.065    0.250    1.887    2.174    3.609
    4.070    4.196    4.766    4.955    5.240
            0.361111  0.529238  0.000000
  -77.715  -49.147  -49.099  -48.828  -21.105  -21.041  -20.200  -19.535  -14.550  -14.196
  -13.291  -13.208  -11.159  -10.756  -10.433   -9.618   -9.096   -8.724   -7.671   -7.100
   -5.887   -4.781   -3.544   -2.699   -2.530    0.038    0.232    1.904    2.195    3.547
    4.003    4.208    4.784    4.989    5.281
            0.363889  0.524426  0.000000
  -77.715  -49.148  -49.097  -48.828  -21.114  -21.050  -20.200  -19.535  -14.571  -14.224
  -13.248  -13.159  -11.166  -10.754  -10.462   -9.573   -9.108   -8.707   -7.672   -7.104
   -5.893   -4.771   -3.552   -2.705   -2.522    0.007    0.211    1.923    2.218    3.483
    3.933    4.223    4.802    5.025    5.323
            0.366667  0.519615  0.000000
  -77.715  -49.150  -49.095  -48.828  -21.123  -21.060  -20.200  -19.535  -14.592  -14.252
  -13.203  -13.108  -11.173  -10.753  -10.490   -9.528   -9.119   -8.690   -7.674   -7.108
   -5.900   -4.761   -3.561   -2.711   -2.515   -0.027    0.187    1.944    2.243    3.417
    3.863    4.237    4.819    5.062    5.365
            0.369444  0.514804  0.000000
  -77.715  -49.151  -49.093  -48.828  -21.133  -21.069  -20.201  -19.536  -14.615  -14.281
  -13.155  -13.055  -11.181  -10.753  -10.515   -9.483   -9.127   -8.674   -7.675   -7.113
   -5.907   -4.750   -3.571   -2.716   -2.507   -0.063    0.159    1.968    2.270    3.351
    3.792    4.252    4.835    5.099    5.406
            0.372222  0.509993  0.000000
  -77.715  -49.152  -49.091  -48.828  -21.143  -21.080  -20.201  -19.536  -14.638  -14.309
  -13.105  -13.001  -11.188  -10.754  -10.538   -9.441   -9.133   -8.657   -7.677   -7.117
   -5.914   -4.738   -3.581   -2.721   -2.500   -0.102    0.129    1.995    2.299    3.285
    3.720    4.267    4.852    5.137    5.448
            0.375000  0.505181  0.000000
  -77.715  -49.154  -49.089  -48.828  -21.153  -21.090  -20.202  -19.536  -14.661  -14.337
  -13.054  -12.945  -11.196  -10.758  -10.557   -9.401   -9.135   -8.641   -7.678   -7.122
   -5.921   -4.727   -3.592   -2.726   -2.494   -0.144    0.095    2.024    2.330    3.219
    3.649    4.282    4.868    5.175    5.489
            0.377778  0.500370  0.000000
  -77.716  -49.155  -49.087  -48.828  -21.164  -21.101  -20.203  -19.537  -14.685  -14.365
  -13.001  -12.887  -11.203  -10.765  -10.572   -9.367   -9.132   -8.626   -7.680   -7.127
   -5.928   -4.715   -3.604   -2.730   -2.487   -0.188    0.059    2.055    2.363    3.154
    3.579    4.297    4.883    5.213    5.529
            0.380556  0.495559  0.000000
  -77.716  -49.157  -49.085  -48.828  -21.175  -21.113  -20.204  -19.538  -14.708  -14.392
  -12.947  -12.829  -11.211  -10.775  -10.584   -9.338   -9.121   -8.610   -7.682   -7.133
   -5.936   -4.702   -3.615   -2.734   -2.481   -0.234    0.019    2.088    2.397    3.089
    3.509    4.312    4.898    5.250    5.569
            0.383333  0.490748  0.000000
  -77.716  -49.158  -49.083  -48.828  -21.186  -21.124  -20.205  -19.538  -14.732  -14.420
  -12.891  -12.769  -11.219  -10.788  -10.592   -9.318   -9.103   -8.595   -7.683   -7.138
   -5.943   -4.690   -3.628   -2.737   -2.476   -0.283   -0.023    2.123    2.432    3.025
    3.440    4.326    4.913    5.287    5.608
            0.386111  0.485936  0.000000
  -77.716  -49.159  -49.081  -48.828  -21.197  -21.135  -20.206  -19.539  -14.756  -14.446
  -12.835  -12.709  -11.227  -10.803  -10.596   -9.304   -9.077   -8.579   -7.685   -7.144
   -5.951   -4.677   -3.640   -2.739   -2.471   -0.334   -0.068    2.158    2.469    2.964
    3.371    4.341    4.928    5.324    5.647
            0.388889  0.481125  0.000000
  -77.716  -49.161  -49.078  -48.829  -21.209  -21.147  -20.208  -19.540  -14.779  -14.473
  -12.777  -12.648  -11.234  -10.820  -10.597   -9.297   -9.046   -8.562   -7.687   -7.149
   -5.958   -4.665   -3.653   -2.742   -2.466   -0.387   -0.116    2.195    2.507    2.904
    3.305    4.355    4.942    5.360    5.684
            0.391667  0.476314  0.000000
  -77.716  -49.162  -49.076  -48.829  -21.220  -21.159  -20.210  -19.541  -14.803  -14.499
  -12.719  -12.586  -11.242  -10.838  -10.597   -9.294   -9.011   -8.545   -7.689   -7.155
   -5.966   -4.652   -3.667   -2.744   -2.462   -0.442   -0.166    2.230    2.547    2.849
    3.239    4.369    4.955    5.395    5.719
            0.394444  0.471503  0.000000
  -77.716  -49.163  -49.074  -48.829  -21.232  -21.171  -20.211  -19.542  -14.826  -14.524
  -12.661  -12.523  -11.249  -10.856  -10.594   -9.292   -8.975   -8.527   -7.690   -7.161
   -5.973   -4.639   -3.680   -2.745   -2.459   -0.499   -0.218    2.264    2.587    2.798
    3.175    4.383    4.969    5.430    5.753
            0.397222  0.466691  0.000000
  -77.716  -49.165  -49.072  -48.829  -21.244  -21.183  -20.213  -19.544  -14.849  -14.549
  -12.603  -12.461  -11.256  -10.874  -10.591   -9.292   -8.940   -8.508   -7.692   -7.167
   -5.980   -4.626   -3.694   -2.746   -2.455   -0.557   -0.272    2.293    2.627    2.754
    3.113    4.396    4.982    5.464    5.785
            0.400000  0.461880  0.000000
  -77.716  -49.166  -49.070  -48.829  -21.255  -21.194  -20.215  -19.545  -14.871  -14.574
  -12.544  -12.398  -11.262  -10.892  -10.587   -9.292   -8.906   -8.486   -7.694   -7.174
   -5.987   -4.613   -3.708   -2.746   -2.453   -0.617   -0.328    2.313    2.669    2.721
    3.053    4.410    4.995    5.497    5.814
            0.402778  0.457069  0.000000
  -77.716  -49.167  -49.068  -48.829  -21.267  -21.206  -20.217  -19.547  -14.893  -14.598
  -12.486  -12.335  -11.268  -10.910  -10.583   -9.293   -8.874   -8.463   -7.696   -7.180
   -5.994   -4.601   -3.723   -2.746   -2.450   -0.679   -0.386    2.322    2.700    2.712
    2.995    4.423    5.008    5.529    5.841
            0.405556  0.452258  0.000000
  -77.716  -49.169  -49.066  -48.829  -21.279  -21.218  -20.220  -19.548  -14.915  -14.621
  -12.428  -12.272  -11.273  -10.926  -10.578   -9.292   -8.844   -8.437   -7.698   -7.187
   -6.001   -4.588   -3.737   -2.746   -2.449   -0.741   -0.444    2.315    2.699    2.752
    2.942    4.437    5.020    5.560    5.865
            0.408333  0.447446  0.000000
  -77.716  -49.170  -49.063  -48.829  -21.290  -21.230  -20.222  -19.550  -14.936  -14.644
  -12.371  -12.209  -11.277  -10.942  -10.574   -9.292   -8.818   -8.409   -7.700   -7.193
   -6.007   -4.575   -3.752   -2.746   -2.447   -0.805   -0.504    2.294    2.710    2.789
    2.898    4.450    5.033    5.590    5.886
            0.411111  0.442635  0.000000
  -77.717  -49.171  -49.061  -48.830  -21.302  -21.241  -20.224  -19.552  -14.957  -14.666
  -12.315  -12.147  -11.279  -10.956  -10.569   -9.291   -8.795   -8.378   -7.702   -7.200
   -6.014   -4.563   -3.767   -2.745   -2.446   -0.870   -0.564    2.262    2.726    2.807
    2.883    4.463    5.045    5.619    5.903
            0.413889  0.437824  0.000000
  -77.717  -49.172  -49.059  -48.830  -21.313  -21.252  -20.227  -19.554  -14.978  -14.687
  -12.260  -12.086  -11.280  -10.969  -10.564   -9.289   -8.776   -8.345   -7.704   -7.207
   -6.020   -4.551   -3.782   -2.744   -2.446   -0.936   -0.625    2.224    2.722    2.813
    2.911    4.477    5.057    5.648    5.915
            0.416667  0.433013  0.000000
  -77.717  -49.173  -49.057  -48.830  -21.324  -21.264  -20.229  -19.555  -14.998  -14.708
  -12.208  -12.026  -11.279  -10.981  -10.560   -9.287   -8.760   -8.310   -7.706   -7.214
   -6.026   -4.539   -3.798   -2.743   -2.445   -1.002   -0.687    2.182    2.689    2.840
    2.954    4.490    5.069    5.675    5.924
            0.419444  0.428201  0.000000
  -77.717  -49.174  -49.055  -48.830  -21.335  -21.275  -20.232  -19.557  -15.017  -14.729
  -12.158  -11.967  -11.275  -10.991  -10.555   -9.284   -8.746   -8.273   -7.709   -7.221
   -6.032   -4.527   -3.813   -2.742   -2.445   -1.069   -0.748    2.139    2.646    2.878
    3.000    4.503    5.081    5.701    5.928
            0.422222  0.423390  0.000000
  -77.717  -49.175  -49.053  -48.830  -21.346  -21.285  -20.234  -19.559  -15.036  -14.748
  -12.110  -11.909  -11.269  -10.999  -10.551   -9.280   -8.735   -8.235   -7.711   -7.228
   -6.037   -4.515   -3.828   -2.742   -2.445   -1.136   -0.809    2.094    2.602    2.920
    3.049    4.517    5.094    5.726    5.928
            0.425000  0.418579  0.000000
  -77.717  -49.177  -49.051  -48.830  -21.356  -21.296  -20.237  -19.561  -15.054  -14.767
  -12.066  -11.853  -11.259  -11.006  -10.547   -9.275   -8.726   -8.196   -7.713   -7.235
   -6.043   -4.504   -3.844   -2.741   -2.445   -1.203   -0.869    2.050    2.559    2.962
    3.100    4.531    5.106    5.750    5.924
            0.427778  0.413768  0.000000
  -77.717  -49.178  -49.050  -48.830  -21.367  -21.306  -20.240  -19.563  -15.072  -14.786
  -12.026  -11.800  -11.246  -11.010  -10.543   -9.270   -8.718   -8.157   -7.715   -7.243
   -6.048   -4.493   -3.859   -2.741   -2.445   -1.270   -0.929    2.006    2.516    3.004
    3.151    4.545    5.119    5.773    5.917
            0.430556  0.408956  0.000000
  -77.717  -49.179  -49.048  -48.830  -21.377  -21.316  -20.242  -19.565  -15.089  -14.803
  -11.990  -11.748  -11.229  -11.013  -10.540   -9.264   -8.713   -8.119   -7.717   -7.250
   -6.053   -4.482   -3.874   -2.742   -2.445   -1.336   -0.988    1.963    2.476    3.045
    3.204    4.559    5.131    5.794    5.907
            0.433333  0.404145  0.000000
  -77.717  -49.179  -49.046  -48.831  -21.387  -21.326  -20.245  -19.567  -15.106  -14.821
  -11.959  -11.700  -11.207  -11.013  -10.537   -9.258   -8.708   -8.081   -7.718   -7.257
   -6.057   -4.471   -3.890   -2.743   -2.445   -1.402   -1.046    1.922    2.436    3.085
    3.257    4.574    5.145    5.815    5.895
            0.436111  0.399334  0.000000
  -77.717  -49.180  -49.044  -48.831  -21.396  -21.336  -20.248  -19.569  -15.122  -14.837
  -11.932  -11.654  -11.182  -11.010  -10.534   -9.250   -8.705   -8.044   -7.719   -7.265
   -6.062   -4.460   -3.905   -2.746   -2.444   -1.467   -1.103    1.881    2.399    3.123
    3.311    4.589    5.158    5.832    5.883
            0.438889  0.394523  0.000000
  -77.717  -49.181  -49.043  -48.831  -21.405  -21.345  -20.250  -19.571  -15.137  -14.853
  -11.909  -11.612  -11.153  -11.004  -10.531   -9.243   -8.703   -8.008   -7.719   -7.272
   -6.066   -4.450   -3.920   -2.750   -2.442   -1.531   -1.158    1.842    2.363    3.160
    3.364    4.605    5.172    5.842    5.877
            0.441667  0.389711  0.000000
  -77.717  -49.182  -49.041  -48.831  -21.414  -21.354  -20.253  -19.573  -15.152  -14.868
  -11.891  -11.573  -11.121  -10.994  -10.529   -9.235   -8.701   -7.975   -7.718   -7.279
   -6.070   -4.440   -3.935   -2.755   -2.440   -1.594   -1.212    1.804    2.328    3.195
    3.417    4.622    5.186    5.834    5.886
            0.444444  0.384900  0.000000
  -77.717  -49.183  -49.040  -48.831  -21.423  -21.362  -20.255  -19.575  -15.166  -14.882
  -11.877  -11.539  -11.087  -10.981  -10.527   -9.226   -8.700   -7.944   -7.715   -7.287
   -6.074   -4.431   -3.950   -2.761   -2.438   -1.655   -1.264    1.767    2.296    3.228
    3.468    4.639    5.200    5.819    5.902
            0.447222  0.380089  0.000000
  -77.718  -49.184  -49.038  -48.831  -21.431  -21.371  -20.258  -19.577  -15.179  -14.896
  -11.867  -11.508  -11.051  -10.964  -10.525   -9.217   -8.700   -7.916   -7.710   -7.294
   -6.078   -4.421   -3.965   -2.768   -2.435   -1.715   -1.314    1.733    2.265    3.260
    3.518    4.657    5.215    5.801    5.919
            0.450000  0.375278  0.000000
  -77.718  -49.184  -49.037  -48.831  -21.439  -21.378  -20.260  -19.579  -15.192  -14.909
  -11.859  -11.482  -11.014  -10.943  -10.524   -9.208   -8.700   -7.893   -7.702   -7.301
   -6.081   -4.412   -3.980   -2.777   -2.431   -1.772   -1.362    1.699    2.236    3.290
    3.567    4.675    5.231    5.782    5.936
            0.452778  0.370466  0.000000
  -77.718  -49.185  -49.035  -48.831  -21.446  -21.386  -20.263  -19.581  -15.204  -14.921
  -11.854  -11.460  -10.978  -10.917  -10.523   -9.199   -8.701   -7.875   -7.690   -7.309
   -6.084   -4.404   -3.994   -2.787   -2.427   -1.827   -1.407    1.668    2.208    3.318
    3.614    4.694    5.247    5.764    5.953
            0.455556  0.365655  0.000000
  -77.718  -49.186  -49.034  -48.831  -21.453  -21.393  -20.265  -19.583  -15.216  -14.933
  -11.850  -11.441  -10.943  -10.887  -10.522   -9.189   -8.702   -7.862   -7.675   -7.316
   -6.087   -4.395   -4.008   -2.798   -2.423   -1.878   -1.451    1.637    2.182    3.345
    3.658    4.714    5.264    5.745    5.969
            0.458333  0.360844  0.000000
  -77.718  -49.186  -49.033  -48.831  -21.460  -21.400  -20.267  -19.584  -15.226  -14.944
  -11.849  -11.426  -10.909  -10.854  -10.521   -9.180   -8.703   -7.853   -7.657   -7.322
   -6.090   -4.387   -4.021   -2.810   -2.420   -1.926   -1.493    1.609    2.158    3.370
    3.700    4.734    5.281    5.727    5.986
            0.461111  0.356033  0.000000
  -77.718  -49.187  -49.032  -48.831  -21.466  -21.406  -20.269  -19.586  -15.236  -14.954
  -11.848  -11.414  -10.877  -10.819  -10.521   -9.170   -8.704   -7.847   -7.636   -7.329
   -6.093   -4.379   -4.035   -2.823   -2.416   -1.971   -1.532    1.582    2.136    3.393
    3.739    4.755    5.299    5.710    6.002
            0.463889  0.351221  0.000000
  -77.718  -49.188  -49.031  -48.832  -21.472  -21.412  -20.271  -19.587  -15.246  -14.964
  -11.849  -11.404  -10.845  -10.784  -10.521   -9.161   -8.706   -7.844   -7.615   -7.336
   -6.096   -4.371   -4.047   -2.836   -2.414   -2.011   -1.570    1.557    2.115    3.414
    3.775    4.776    5.317    5.693    6.017
            0.466667  0.346410  0.000000
  -77.718  -49.188  -49.030  -48.832  -21.478  -21.417  -20.273  -19.589  -15.255  -14.973
  -11.850  -11.396  -10.815  -10.749  -10.521   -9.152   -8.708   -7.843   -7.594   -7.342
   -6.098   -4.363   -4.060   -2.850   -2.414   -2.046   -1.605    1.534    2.095    3.434
    3.809    4.797    5.336    5.677    6.032
            0.469444  0.341599  0.000000
  -77.718  -49.189  -49.029  -48.832  -21.483  -21.422  -20.275  -19.590  -15.263  -14.981
  -11.851  -11.390  -10.785  -10.715  -10.522   -9.143   -8.709   -7.843   -7.573   -7.349
   -6.101   -4.356   -4.072   -2.863   -2.416   -2.076   -1.637    1.513    2.078    3.452
    3.839    4.818    5.356    5.662    6.047
            0.472222  0.336788  0.000000
  -77.718  -49.189  -49.028  -48.832  -21.487  -21.427  -20.276  -19.591  -15.270  -14.989
  -11.853  -11.385  -10.757  -10.682  -10.523   -9.135   -8.711   -7.844   -7.552   -7.355
   -6.103   -4.349   -4.083   -2.877   -2.420   -2.100   -1.668    1.493    2.061    3.468
    3.866    4.838    5.375    5.647    6.062
            0.475000  0.331976  0.000000
  -77.718  -49.189  -49.027  -48.832  -21.492  -21.431  -20.278  -19.592  -15.277  -14.995
  -11.855  -11.382  -10.729  -10.652  -10.524   -9.127   -8.713   -7.846   -7.533   -7.361
   -6.105   -4.343   -4.094   -2.890   -2.426   -2.119   -1.696    1.475    2.047    3.483
    3.891    4.857    5.395    5.634    6.076
            0.477778  0.327165  0.000000
  -77.718  -49.190  -49.026  -48.832  -21.496  -21.435  -20.279  -19.594  -15.283  -15.001
  -11.857  -11.379  -10.704  -10.624  -10.526   -9.119   -8.714   -7.848   -7.515   -7.367
   -6.106   -4.336   -4.104   -2.902   -2.435   -2.132   -1.722    1.459    2.034    3.496
    3.912    4.875    5.415    5.622    6.089
            0.480556  0.322354  0.000000
  -77.718  -49.190  -49.026  -48.832  -21.499  -21.438  -20.280  -19.594  -15.288  -15.007
  -11.859  -11.377  -10.680  -10.599  -10.528   -9.113   -8.716   -7.849   -7.498   -7.372
   -6.108   -4.331   -4.113   -2.913   -2.445   -2.140   -1.745    1.445    2.022    3.508
    3.930    4.892    5.435    5.611    6.101
            0.483333  0.317543  0.000000
  -77.718  -49.190  -49.025  -48.832  -21.502  -21.441  -20.281  -19.595  -15.293  -15.011
  -11.861  -11.375  -10.658  -10.577  -10.530   -9.107   -8.717   -7.851   -7.483   -7.378
   -6.109   -4.325   -4.121   -2.924   -2.455   -2.144   -1.766    1.433    2.012    3.517
    3.946    4.907    5.454    5.601    6.113
            0.486111  0.312731  0.000000
  -77.718  -49.191  -49.025  -48.832  -21.504  -21.444  -20.282  -19.596  -15.297  -15.015
  -11.863  -11.374  -10.638  -10.559  -10.532   -9.102   -8.719   -7.853   -7.469   -7.384
   -6.110   -4.321   -4.129   -2.933   -2.466   -2.146   -1.784    1.422    2.004    3.526
    3.959    4.920    5.471    5.591    6.123
            0.488889  0.307920  0.000000
  -77.718  -49.191  -49.024  -48.832  -21.506  -21.446  -20.283  -19.596  -15.300  -15.019
  -11.865  -11.373  -10.620  -10.547  -10.533   -9.097   -8.720   -7.854   -7.456   -7.389
   -6.111   -4.316   -4.135   -2.940   -2.476   -2.146   -1.800    1.414    1.997    3.532
    3.970    4.930    5.488    5.583    6.131
            0.491667  0.303109  0.000000
  -77.718  -49.191  -49.024  -48.832  -21.508  -21.447  -20.283  -19.597  -15.302  -15.021
  -11.866  -11.372  -10.605  -10.546  -10.526   -9.094   -8.721   -7.856   -7.445   -7.395
   -6.112   -4.313   -4.140   -2.947   -2.484   -2.144   -1.812    1.407    1.992    3.538
    3.978    4.939    5.502    5.575    6.139
            0.494444  0.298298  0.000000
  -77.718  -49.191  -49.024  -48.832  -21.509  -21.449  -20.283  -19.597  -15.304  -15.023
  -11.867  -11.372  -10.591  -10.551  -10.518   -9.091   -8.721   -7.857   -7.435   -7.401
   -6.113   -4.310   -4.144   -2.951   -2.490   -2.143   -1.821    1.402    1.988    3.541
    3.984    4.945    5.514    5.569    6.144
            0.497222  0.293486  0.000000
  -77.718  -49.191  -49.024  -48.832  -21.510  -21.449  -20.284  -19.597  -15.305  -15.024
  -11.867  -11.371  -10.580  -10.557  -10.513   -9.090   -8.722   -7.857   -7.426   -7.408
   -6.113   -4.309   -4.146   -2.954   -2.494   -2.142   -1.827    1.399    1.986    3.544
    3.987    4.949    5.523    5.563    6.147
            0.500000  0.288675  0.000000
  -77.718  -49.191  -49.024  -48.832  -21.510  -21.449  -20.284  -19.597  -15.306  -15.024
  -11.867  -11.371  -10.574  -10.561  -10.512   -9.089   -8.722   -7.857   -7.421   -7.412
   -6.113   -4.308   -4.147   -2.955   -2.495   -2.142   -1.828    1.398    1.985    3.544
    3.989    4.950    5.526    5.561    6.148
            0.495000  0.285788  0.000000
  -77.718  -49.191  -49.024  -48.832  -21.511  -21.451  -20.284  -19.597  -15.304  -15.023
  -11.868  -11.371  -10.574  -10.561  -10.511   -9.089   -8.722   -7.858   -7.421   -7.412
   -6.113   -4.308   -4.147   -2.954   -2.494   -2.142   -1.828    1.399    1.986    3.544
    3.987    4.950    5.526    5.561    6.148
            0.490000  0.282902  0.000000
  -77.718  -49.191  -49.024  -48.832  -21.515  -21.454  -20.284  -19.597  -15.300  -15.019
  -11.869  -11.368  -10.573  -10.560  -10.510   -9.089   -8.721   -7.859   -7.423   -7.412
   -6.114   -4.307   -4.145   -2.954   -2.491   -2.142   -1.827    1.400    1.987    3.541
    3.983    4.950    5.527    5.562    6.148
            0.485000  0.280015  0.000000
  -77.718  -49.191  -49.024  -48.832  -21.521  -21.460  -20.283  -19.595  -15.294  -15.013
  -11.871  -11.364  -10.572  -10.558  -10.509   -9.088   -8.720   -7.862   -7.425   -7.412
   -6.114   -4.306   -4.143   -2.953   -2.486   -2.143   -1.825    1.403    1.989    3.537
    3.977    4.951    5.527    5.562    6.147
            0.480000  0.277128  0.000000
  -77.718  -49.190  -49.023  -48.832  -21.530  -21.469  -20.283  -19.594  -15.284  -15.003
  -11.874  -11.358  -10.570  -10.556  -10.507   -9.087   -8.718   -7.865   -7.427   -7.411
   -6.115   -4.303   -4.141   -2.952   -2.479   -2.145   -1.823    1.406    1.993    3.532
    3.967    4.952    5.528    5.563    6.146
            0.475000  0.274241  0.000000
  -77.718  -49.190  -49.023  -48.832  -21.541  -21.480  -20.283  -19.592  -15.273  -14.992
  -11.878  -11.351  -10.568  -10.554  -10.505   -9.086   -8.716   -7.870   -7.431   -7.411
   -6.116   -4.301   -4.137   -2.950   -2.470   -2.146   -1.820    1.410    1.997    3.524
    3.956    4.952    5.529    5.565    6.145
            0.470000  0.271355  0.000000
  -77.718  -49.189  -49.023  -48.832  -21.554  -21.493  -20.283  -19.589  -15.258  -14.977
  -11.883  -11.342  -10.565  -10.551  -10.502   -9.085   -8.713   -7.875   -7.435   -7.411
   -6.118   -4.297   -4.133   -2.948   -2.459   -2.148   -1.816    1.415    2.002    3.516
    3.941    4.953    5.530    5.566    6.143
            0.465000  0.268468  0.000000
  -77.719  -49.188  -49.023  -48.833  -21.569  -21.508  -20.282  -19.587  -15.241  -14.960
  -11.888  -11.332  -10.561  -10.547  -10.498   -9.083   -8.709   -7.881   -7.440   -7.411
   -6.119   -4.293   -4.128   -2.946   -2.447   -2.151   -1.811    1.421    2.008    3.505
    3.925    4.953    5.532    5.568    6.141
            0.460000  0.265581  0.000000
  -77.719  -49.188  -49.023  -48.833  -21.587  -21.525  -20.282  -19.584  -15.222  -14.941
  -11.894  -11.321  -10.558  -10.543  -10.494   -9.082   -8.706   -7.889   -7.446   -7.411
   -6.121   -4.289   -4.122   -2.944   -2.432   -2.154   -1.805    1.428    2.015    3.494
    3.906    4.954    5.533    5.570    6.139
            0.455000  0.262694  0.000000
  -77.719  -49.187  -49.023  -48.833  -21.606  -21.545  -20.283  -19.580  -15.200  -14.919
  -11.900  -11.308  -10.553  -10.538  -10.490   -9.079   -8.701   -7.897   -7.452   -7.410
   -6.123   -4.283   -4.115   -2.941   -2.415   -2.157   -1.799    1.436    2.022    3.481
    3.885    4.954    5.535    5.573    6.136
            0.450000  0.259808  0.000000
  -77.719  -49.186  -49.022  -48.833  -21.628  -21.566  -20.283  -19.577  -15.175  -14.895
  -11.907  -11.294  -10.549  -10.533  -10.484   -9.077   -8.697   -7.905   -7.459   -7.410
   -6.125   -4.278   -4.108   -2.939   -2.397   -2.161   -1.791    1.445    2.031    3.466
    3.861    4.954    5.537    5.575    6.133
            0.445000  0.256921  0.000000
  -77.719  -49.185  -49.022  -48.833  -21.651  -21.589  -20.284  -19.574  -15.149  -14.868
  -11.914  -11.279  -10.544  -10.527  -10.479   -9.074   -8.691   -7.914   -7.467   -7.410
   -6.127   -4.271   -4.100   -2.936   -2.377   -2.164   -1.783    1.454    2.040    3.451
    3.836    4.953    5.538    5.578    6.130
            0.440000  0.254034  0.000000
  -77.719  -49.184  -49.022  -48.833  -21.676  -21.614  -20.285  -19.570  -15.119  -14.838
  -11.922  -11.263  -10.538  -10.521  -10.473   -9.070   -8.686   -7.924   -7.476   -7.409
   -6.130   -4.264   -4.092   -2.933   -2.355   -2.169   -1.773    1.465    2.050    3.434
    3.809    4.952    5.540    5.581    6.126
            0.435000  0.251147  0.000000
  -77.719  -49.182  -49.022  -48.834  -21.703  -21.640  -20.287  -19.567  -15.088  -14.807
  -11.930  -11.245  -10.533  -10.514  -10.466   -9.067   -8.679   -7.935   -7.485   -7.409
   -6.132   -4.257   -4.083   -2.931   -2.331   -2.174   -1.763    1.476    2.060    3.416
    3.780    4.950    5.542    5.584    6.122
            0.430000  0.248261  0.000000
  -77.720  -49.181  -49.021  -48.834  -21.731  -21.668  -20.289  -19.564  -15.054  -14.772
  -11.939  -11.227  -10.527  -10.507  -10.459   -9.062   -8.672   -7.946   -7.495   -7.408
   -6.135   -4.249   -4.073   -2.928   -2.306   -2.179   -1.751    1.488    2.071    3.396
    3.749    4.948    5.544    5.587    6.117
            0.425000  0.245374  0.000000
  -77.720  -49.179  -49.021  -48.834  -21.761  -21.697  -20.292  -19.561  -15.018  -14.736
  -11.948  -11.208  -10.521  -10.499  -10.451   -9.057   -8.665   -7.958   -7.505   -7.408
   -6.137   -4.240   -4.063   -2.926   -2.279   -2.184   -1.739    1.501    2.083    3.376
    3.716    4.945    5.545    5.589    6.111
            0.420000  0.242487  0.000000
  -77.720  -49.178  -49.021  -48.834  -21.792  -21.727  -20.296  -19.558  -14.980  -14.697
  -11.957  -11.189  -10.514  -10.490  -10.443   -9.052   -8.657   -7.970   -7.517   -7.407
   -6.140   -4.231   -4.053   -2.925   -2.250   -2.190   -1.725    1.514    2.095    3.355
    3.682    4.941    5.547    5.592    6.105
            0.415000  0.239600  0.000000
  -77.720  -49.176  -49.020  -48.835  -21.824  -21.759  -20.300  -19.555  -14.940  -14.656
  -11.966  -11.168  -10.508  -10.481  -10.434   -9.046   -8.649   -7.982   -7.528   -7.407
   -6.142   -4.222   -4.042   -2.923   -2.220   -2.196   -1.709    1.529    2.107    3.334
    3.647    4.937    5.548    5.594    6.098
            0.410000  0.236714  0.000000
  -77.720  -49.174  -49.020  -48.835  -21.857  -21.791  -20.305  -19.553  -14.898  -14.613
  -11.976  -11.147  -10.501  -10.472  -10.425   -9.039   -8.641   -7.995   -7.541   -7.406
   -6.145   -4.212   -4.030   -2.922   -2.203   -2.188   -1.693    1.543    2.120    3.311
    3.610    4.931    5.549    5.595    6.090
            0.405000  0.233827  0.000000
  -77.721  -49.172  -49.019  -48.835  -21.892  -21.825  -20.310  -19.551  -14.854  -14.568
  -11.986  -11.125  -10.495  -10.462  -10.415   -9.032   -8.631   -8.008   -7.554   -7.405
   -6.147   -4.201   -4.018   -2.922   -2.210   -2.155   -1.675    1.559    2.132    3.289
    3.572    4.925    5.549    5.596    6.082
            0.400000  0.230940  0.000000
  -77.721  -49.171  -49.019  -48.836  -21.927  -21.860  -20.316  -19.549  -14.808  -14.521
  -11.996  -11.102  -10.488  -10.451  -10.405   -9.024   -8.622   -8.021   -7.567   -7.404
   -6.150   -4.190   -4.006   -2.922   -2.217   -2.120   -1.656    1.575    2.145    3.266
    3.533    4.918    5.549    5.596    6.072
            0.395000  0.228053  0.000000
  -77.721  -49.169  -49.018  -48.836  -21.963  -21.895  -20.323  -19.548  -14.760  -14.471
  -12.006  -11.079  -10.481  -10.440  -10.394   -9.015   -8.612   -8.034   -7.581   -7.403
   -6.152   -4.178   -3.994   -2.923   -2.225   -2.084   -1.635    1.591    2.157    3.242
    3.494    4.910    5.548    5.595    6.062
            0.390000  0.225167  0.000000
  -77.721  -49.166  -49.018  -48.837  -22.000  -21.931  -20.331  -19.547  -14.711  -14.420
  -12.017  -11.055  -10.474  -10.429  -10.383   -9.006   -8.601   -8.048   -7.596   -7.402
   -6.154   -4.166   -3.981   -2.924   -2.233   -2.047   -1.613    1.608    2.169    3.219
    3.453    4.901    5.547    5.593    6.050
            0.385000  0.222280  0.000000
  -77.722  -49.164  -49.017  -48.837  -22.037  -21.968  -20.339  -19.546  -14.660  -14.366
  -12.027  -11.031  -10.467  -10.417  -10.371   -8.995   -8.590   -8.061   -7.611   -7.401
   -6.155   -4.154   -3.968   -2.926   -2.242   -2.008   -1.590    1.625    2.180    3.196
    3.412    4.891    5.545    5.590    6.038
            0.380000  0.219393  0.000000
  -77.722  -49.162  -49.017  -48.837  -22.075  -22.006  -20.349  -19.546  -14.607  -14.311
  -12.038  -11.006  -10.460  -10.404  -10.359   -8.984   -8.579   -8.075   -7.626   -7.399
   -6.157   -4.141   -3.955   -2.929   -2.250   -1.969   -1.565    1.642    2.191    3.173
    3.370    4.880    5.542    5.585    6.018
            0.375000  0.216506  0.000000
  -77.722  -49.160  -49.016  -48.838  -22.113  -22.044  -20.359  -19.547  -14.553  -14.254
  -12.048  -10.982  -10.453  -10.391  -10.346   -8.972   -8.567   -8.089   -7.642   -7.398
   -6.158   -4.128   -3.941   -2.932   -2.260   -1.928   -1.539    1.660    2.200    3.151
    3.327    4.867    5.538    5.579    5.982
            0.370000  0.213620  0.000000
  -77.722  -49.157  -49.016  -48.838  -22.152  -22.082  -20.369  -19.548  -14.498  -14.195
  -12.059  -10.957  -10.447  -10.378  -10.333   -8.959   -8.555   -8.102   -7.659   -7.396
   -6.158   -4.114   -3.928   -2.936   -2.269   -1.886   -1.511    1.677    2.209    3.130
    3.285    4.853    5.533    5.571    5.946
            0.365000  0.210733  0.000000
  -77.723  -49.155  -49.015  -48.839  -22.192  -22.121  -20.380  -19.549  -14.442  -14.135
  -12.069  -10.931  -10.440  -10.364  -10.319   -8.945   -8.542   -8.116   -7.676   -7.394
   -6.158   -4.100   -3.914   -2.941   -2.279   -1.843   -1.482    1.695    2.215    3.109
    3.242    4.838    5.527    5.561    5.910
            0.360000  0.207846  0.000000
  -77.723  -49.152  -49.015  -48.839  -22.231  -22.160  -20.392  -19.551  -14.385  -14.073
  -12.079  -10.906  -10.433  -10.350  -10.306   -8.930   -8.529   -8.130   -7.693   -7.392
   -6.158   -4.086   -3.900   -2.947   -2.290   -1.799   -1.452    1.712    2.220    3.090
    3.199    4.821    5.519    5.549    5.874
            0.355000  0.204959  0.000000
  -77.723  -49.149  -49.014  -48.840  -22.271  -22.199  -20.405  -19.554  -14.326  -14.009
  -12.090  -10.881  -10.426  -10.335  -10.291   -8.914   -8.516   -8.143   -7.710   -7.390
   -6.157   -4.071   -3.886   -2.953   -2.300   -1.754   -1.420    1.728    2.223    3.073
    3.157    4.803    5.510    5.534    5.837
            0.350000  0.202073  0.000000
  -77.724  -49.147  -49.013  -48.840  -22.312  -22.239  -20.418  -19.557  -14.267  -13.943
  -12.099  -10.856  -10.418  -10.320  -10.276   -8.897   -8.502   -8.157   -7.728   -7.387
   -6.156   -4.056   -3.872   -2.960   -2.312   -1.708   -1.387    1.744    2.224    3.056
    3.116    4.783    5.500    5.517    5.800
            0.345000  0.199186  0.000000
  -77.724  -49.144  -49.013  -48.841  -22.352  -22.279  -20.432  -19.560  -14.207  -13.877
  -12.109  -10.831  -10.411  -10.304  -10.261   -8.879   -8.488   -8.171   -7.746   -7.385
   -6.154   -4.040   -3.858   -2.968   -2.323   -1.661   -1.353    1.760    2.222    3.038
    3.078    4.761    5.488    5.498    5.764
            0.340000  0.196299  0.000000
  -77.724  -49.141  -49.012  -48.841  -22.392  -22.318  -20.447  -19.564  -14.147  -13.808
  -12.118  -10.807  -10.402  -10.288  -10.245   -8.861   -8.473   -8.184   -7.765   -7.382
   -6.151   -4.025   -3.844   -2.977   -2.335   -1.614   -1.318    1.774    2.218    3.014
    3.049    4.737    5.474    5.476    5.728
            0.335000  0.193412  0.000000
  -77.725  -49.138  -49.011  -48.842  -22.433  -22.358  -20.462  -19.568  -14.087  -13.739
  -12.126  -10.783  -10.394  -10.272  -10.229   -8.841   -8.458   -8.197   -7.784   -7.379
   -6.147   -4.009   -3.831   -2.986   -2.347   -1.565   -1.281    1.787    2.210    2.980
    3.033    4.711    5.451    5.459    5.692
            0.330000  0.190526  0.000000
  -77.725  -49.135  -49.011  -48.842  -22.473  -22.398  -20.478  -19.573  -14.026  -13.668
  -12.134  -10.761  -10.384  -10.255  -10.213   -8.821   -8.443   -8.211   -7.802   -7.375
   -6.143   -3.992   -3.817   -2.996   -2.360   -1.516   -1.244    1.798    2.200    2.943
    3.024    4.683    5.423    5.441    5.657
            0.325000  0.187639  0.000000
  -77.726  -49.132  -49.010  -48.843  -22.514  -22.438  -20.494  -19.578  -13.966  -13.596
  -12.141  -10.740  -10.373  -10.238  -10.196   -8.800   -8.427   -8.224   -7.822   -7.372
   -6.138   -3.976   -3.803   -3.006   -2.373   -1.467   -1.205    1.807    2.188    2.905
    3.018    4.653    5.393    5.421    5.623
            0.320000  0.184752  0.000000
  -77.726  -49.129  -49.009  -48.843  -22.554  -22.478  -20.510  -19.583  -13.905  -13.522
  -12.146  -10.720  -10.361  -10.220  -10.179   -8.778   -8.411   -8.237   -7.841   -7.368
   -6.133   -3.959   -3.789   -3.017   -2.386   -1.417   -1.165    1.815    2.172    2.869
    3.014    4.620    5.360    5.400    5.589
            0.315000  0.181865  0.000000
  -77.726  -49.126  -49.009  -48.844  -22.594  -22.518  -20.527  -19.589  -13.846  -13.448
  -12.150  -10.701  -10.348  -10.202  -10.161   -8.755   -8.395   -8.250   -7.860   -7.363
   -6.126   -3.942   -3.775   -3.029   -2.399   -1.366   -1.125    1.820    2.155    2.834
    3.012    4.586    5.326    5.376    5.556
            0.310000  0.178979  0.000000
  -77.727  -49.123  -49.008  -48.844  -22.634  -22.558  -20.545  -19.595  -13.787  -13.372
  -12.153  -10.685  -10.332  -10.184  -10.144   -8.732   -8.378   -8.262   -7.880   -7.359
   -6.119   -3.925   -3.762   -3.040   -2.413   -1.315   -1.084    1.822    2.135    2.801
    3.012    4.549    5.289    5.350    5.524
            0.305000  0.176092  0.000000
  -77.727  -49.120  -49.007  -48.845  -22.674  -22.597  -20.563  -19.602  -13.730  -13.295
  -12.154  -10.671  -10.315  -10.165  -10.125   -8.708   -8.361   -8.275   -7.900   -7.354
   -6.111   -3.907   -3.749   -3.053   -2.428   -1.263   -1.042    1.820    2.113    2.770
    3.012    4.509    5.251    5.321    5.493
            0.300000  0.173205  0.000000
  -77.728  -49.117  -49.006  -48.846  -22.714  -22.636  -20.581  -19.609  -13.674  -13.218
  -12.152  -10.658  -10.296  -10.147  -10.107   -8.683   -8.344   -8.287   -7.919   -7.349
   -6.102   -3.890   -3.736   -3.066   -2.442   -1.211   -0.999    1.816    2.090    2.742
    3.013    4.468    5.212    5.290    5.461
            0.295000  0.170318  0.000000
  -77.728  -49.113  -49.006  -48.846  -22.754  -22.675  -20.600  -19.616  -13.620  -13.139
  -12.149  -10.648  -10.275  -10.127  -10.088   -8.659   -8.327   -8.299   -7.939   -7.343
   -6.092   -3.872   -3.723   -3.079   -2.457   -1.159   -0.956    1.808    2.064    2.716
    3.014    4.424    5.173    5.257    5.431
            0.290000  0.167432  0.000000
  -77.728  -49.110  -49.005  -48.847  -22.793  -22.714  -20.619  -19.623  -13.568  -13.060
  -12.142  -10.640  -10.252  -10.108  -10.069   -8.634   -8.310   -8.309   -7.959   -7.338
   -6.081   -3.854   -3.710   -3.092   -2.472   -1.107   -0.912    1.797    2.038    2.693
    3.015    4.377    5.132    5.222    5.401
            0.285000  0.164545  0.000000
  -77.729  -49.107  -49.004  -48.847  -22.832  -22.753  -20.638  -19.631  -13.519  -12.980
  -12.132  -10.634  -10.227  -10.088  -10.050   -8.610   -8.320   -8.292   -7.979   -7.332
   -6.070   -3.836   -3.697   -3.106   -2.488   -1.054   -0.868    1.782    2.010    2.673
    3.015    4.329    5.092    5.184    5.372
            0.280000  0.161658  0.000000
  -77.729  -49.103  -49.003  -48.848  -22.871  -22.791  -20.657  -19.639  -13.473  -12.899
  -12.118  -10.630  -10.201  -10.068  -10.030   -8.586   -8.330   -8.274   -7.998   -7.325
   -6.057   -3.818   -3.685   -3.120   -2.504   -1.002   -0.824    1.765    1.981    2.655
    3.015    4.279    5.052    5.145    5.343
            0.275000  0.158771  0.000000
  -77.730  -49.100  -49.003  -48.849  -22.909  -22.829  -20.677  -19.647  -13.431  -12.817
  -12.101  -10.627  -10.173  -10.048  -10.010   -8.563   -8.338   -8.256   -8.018   -7.319
   -6.044   -3.800   -3.673   -3.134   -2.520   -0.949   -0.779    1.744    1.951    2.640
    3.013    4.227    5.013    5.102    5.315
            0.270000  0.155885  0.000000
  -77.730  -49.097  -49.002  -48.849  -22.947  -22.866  -20.696  -19.656  -13.393  -12.735
  -12.079  -10.625  -10.144  -10.027   -9.990   -8.542   -8.344   -8.239   -8.037   -7.312
   -6.030   -3.782   -3.661   -3.148   -2.536   -0.897   -0.735    1.721    1.920    2.627
    3.010    4.173    4.974    5.058    5.279
            0.265000  0.152998  0.000000
  -77.730  -49.093  -49.001  -48.850  -22.984  -22.903  -20.716  -19.664  -13.358  -12.653
  -12.053  -10.625  -10.113  -10.007   -9.970   -8.524   -8.346   -8.222   -8.055   -7.305
   -6.015   -3.763   -3.649   -3.162   -2.553   -0.845   -0.691    1.695    1.889    2.616
    3.006    4.117    4.936    5.012    5.223
            0.260000  0.150111  0.000000
  -77.731  -49.090  -49.000  -48.850  -23.021  -22.940  -20.736  -19.673  -13.328  -12.569
  -12.022  -10.626  -10.082   -9.986   -9.949   -8.511   -8.344   -8.206   -8.072   -7.297
   -5.999   -3.745   -3.638   -3.176   -2.570   -0.794   -0.647    1.668    1.856    2.606
    3.000    4.060    4.900    4.964    5.166
            0.255000  0.147224  0.000000
  -77.731  -49.086  -48.999  -48.851  -23.058  -22.976  -20.756  -19.682  -13.302  -12.486
  -11.987  -10.628  -10.050   -9.965   -9.928   -8.503   -8.336   -8.192   -8.086   -7.289
   -5.982   -3.726   -3.627   -3.190   -2.587   -0.743   -0.603    1.640    1.823    2.598
    2.991    4.001    4.864    4.914    5.108
            0.250000  0.144338  0.000000
  -77.732  -49.083  -48.999  -48.852  -23.094  -23.012  -20.776  -19.691  -13.281  -12.402
  -11.946  -10.631  -10.017   -9.944   -9.908   -8.500   -8.323   -8.183   -8.096   -7.281
   -5.965   -3.708   -3.616   -3.204   -2.605   -0.693   -0.561    1.612    1.790    2.590
    2.981    3.942    4.829    4.863    5.049
            0.245000  0.141451  0.000000
  -77.732  -49.080  -48.998  -48.852  -23.130  -23.047  -20.797  -19.700  -13.264  -12.317
  -11.902  -10.634   -9.983   -9.923   -9.886   -8.502   -8.305   -8.181   -8.098   -7.273
   -5.946   -3.690   -3.605   -3.218   -2.622   -0.644   -0.519    1.583    1.756    2.583
    2.969    3.881    4.796    4.810    4.988
            0.240000  0.138564  0.000000
  -77.732  -49.076  -48.997  -48.853  -23.165  -23.082  -20.817  -19.710  -13.250  -12.233
  -11.853  -10.638   -9.949   -9.901   -9.865   -8.508   -8.283   -8.189   -8.090   -7.264
   -5.928   -3.671   -3.595   -3.232   -2.640   -0.596   -0.478    1.554    1.723    2.576
    2.954    3.819    4.756    4.763    4.927
            0.235000  0.135677  0.000000
  -77.733  -49.073  -48.996  -48.853  -23.200  -23.116  -20.837  -19.719  -13.241  -12.148
  -11.800  -10.643   -9.915   -9.880   -9.844   -8.516   -8.260   -8.202   -8.077   -7.255
   -5.908   -3.653   -3.585   -3.245   -2.658   -0.550   -0.438    1.526    1.691    2.568
    2.937    3.756    4.700    4.732    4.865
            0.230000  0.132791  0.000000
  -77.733  -49.069  -48.995  -48.854  -23.234  -23.150  -20.857  -19.729  -13.235  -12.063
  -11.744  -10.647   -9.880   -9.858   -9.823   -8.525   -8.234   -8.217   -8.061   -7.246
   -5.888   -3.635   -3.575   -3.258   -2.677   -0.506   -0.400    1.499    1.660    2.561
    2.919    3.693    4.643    4.702    4.802
            0.225000  0.129904  0.000000
  -77.734  -49.066  -48.995  -48.855  -23.268  -23.183  -20.877  -19.738  -13.232  -11.978
  -11.684  -10.653   -9.845   -9.837   -9.801   -8.536   -8.234   -8.208   -8.043   -7.236
   -5.867   -3.616   -3.566   -3.270   -2.695   -0.464   -0.364    1.474    1.629    2.553
    2.898    3.629    4.586    4.673    4.739
            0.220000  0.127017  0.000000
  -77.734  -49.063  -48.994  -48.855  -23.301  -23.215  -20.897  -19.747  -13.231  -11.893
  -11.622  -10.658   -9.815   -9.810   -9.780   -8.547   -8.252   -8.182   -8.024   -7.227
   -5.846   -3.598   -3.556   -3.282   -2.714   -0.425   -0.329    1.450    1.601    2.544
    2.875    3.565    4.528    4.644    4.676
            0.215000  0.124130  0.000000
  -77.735  -49.059  -48.993  -48.856  -23.333  -23.248  -20.917  -19.757  -13.233  -11.809
  -11.557  -10.663   -9.793   -9.774   -9.758   -8.559   -8.270   -8.155   -8.005   -7.217
   -5.824   -3.580   -3.548   -3.294   -2.732   -0.389   -0.297    1.429    1.575    2.534
    2.851    3.500    4.469    4.611    4.618
            0.210000  0.121244  0.000000
  -77.735  -49.056  -48.992  -48.857  -23.365  -23.279  -20.936  -19.766  -13.237  -11.724
  -11.490  -10.668   -9.772   -9.739   -9.736   -8.571   -8.288   -8.128   -7.985   -7.207
   -5.802   -3.562   -3.539   -3.305   -2.751   -0.356   -0.267    1.411    1.551    2.523
    2.825    3.436    4.410    4.548    4.590
            0.205000  0.118357  0.000000
  -77.735  -49.053  -48.992  -48.857  -23.396  -23.310  -20.956  -19.776  -13.243  -11.640
  -11.422  -10.674   -9.750   -9.715   -9.703   -8.584   -8.306   -8.102   -7.965   -7.197
   -5.780   -3.545   -3.531   -3.315   -2.770   -0.328   -0.240    1.396    1.530    2.512
    2.797    3.371    4.350    4.484    4.563
            0.200000  0.115470  0.000000
  -77.736  -49.049  -48.991  -48.858  -23.427  -23.340  -20.975  -19.785  -13.251  -11.557
  -11.351  -10.678   -9.729   -9.693   -9.667   -8.597   -8.323   -8.075   -7.946   -7.187
   -5.757   -3.527   -3.523   -3.324   -2.789   -0.305   -0.216    1.385    1.512    2.500
    2.768    3.306    4.290    4.420    4.536
            0.195000  0.112583  0.000000
  -77.736  -49.046  -48.990  -48.858  -23.457  -23.370  -20.994  -19.795  -13.259  -11.474
  -11.280  -10.683   -9.708   -9.672   -9.632   -8.610   -8.341   -8.049   -7.926   -7.177
   -5.735   -3.515   -3.510   -3.332   -2.808   -0.287   -0.196    1.378    1.499    2.486
    2.739    3.242    4.230    4.357    4.510
            0.190000  0.109697  0.000000
  -77.737  -49.043  -48.989  -48.859  -23.486  -23.399  -21.013  -19.804  -13.269  -11.393
  -11.208  -10.686   -9.686   -9.650   -9.596   -8.622   -8.358   -8.023   -7.906   -7.167
   -5.711   -3.508   -3.493   -3.340   -2.827   -0.275   -0.178    1.374    1.489    2.472
    2.708    3.178    4.171    4.294    4.483
            0.185000  0.106810  0.000000
  -77.737  -49.040  -48.989  -48.859  -23.515  -23.427  -21.032  -19.813  -13.280  -11.313
  -11.135  -10.689   -9.665   -9.629   -9.561   -8.635   -8.375   -7.998   -7.886   -7.157
   -5.688   -3.502   -3.476   -3.346   -2.846   -0.268   -0.165    1.376    1.484    2.457
    2.677    3.115    4.111    4.231    4.456
            0.180000  0.103923  0.000000
  -77.737  -49.037  -48.988  -48.860  -23.543  -23.455  -21.050  -19.822  -13.291  -11.235
  -11.061  -10.689   -9.644   -9.608   -9.525   -8.648   -8.392   -7.973   -7.866   -7.147
   -5.665   -3.495   -3.459   -3.352   -2.865   -0.266   -0.156    1.382    1.484    2.442
    2.645    3.052    4.052    4.169    4.429
            0.175000  0.101036  0.000000
  -77.738  -49.033  -48.987  -48.861  -23.571  -23.482  -21.068  -19.831  -13.303  -11.160
  -10.987  -10.687   -9.624   -9.587   -9.490   -8.661   -8.409   -7.948   -7.846   -7.138
   -5.642   -3.490   -3.443   -3.356   -2.884   -0.271   -0.151    1.392    1.489    2.425
    2.612    2.990    3.993    4.108    4.402
            0.170000  0.098150  0.000000
  -77.738  -49.030  -48.986  -48.861  -23.598  -23.509  -21.086  -19.840  -13.316  -11.090
  -10.914  -10.681   -9.603   -9.566   -9.456   -8.674   -8.425   -7.924   -7.827   -7.129
   -5.619   -3.484   -3.426   -3.359   -2.903   -0.280   -0.151    1.406    1.499    2.408
    2.580    2.929    3.935    4.047    4.373
            0.165000  0.095263  0.000000
  -77.738  -49.027  -48.986  -48.862  -23.624  -23.534  -21.103  -19.849  -13.329  -11.026
  -10.840  -10.669   -9.583   -9.545   -9.421   -8.687   -8.441   -7.901   -7.807   -7.120
   -5.596   -3.480   -3.411   -3.360   -2.922   -0.294   -0.156    1.425    1.514    2.391
    2.548    2.869    3.877    3.988    4.345
            0.160000  0.092376  0.000000
  -77.739  -49.024  -48.985  -48.862  -23.649  -23.560  -21.120  -19.858  -13.342  -10.971
  -10.768  -10.647   -9.563   -9.525   -9.387   -8.700   -8.456   -7.878   -7.788   -7.112
   -5.574   -3.475   -3.395   -3.360   -2.940   -0.313   -0.165    1.447    1.534    2.373
    2.515    2.811    3.820    3.929    4.315
            0.155000  0.089489  0.000000
  -77.739  -49.022  -48.984  -48.863  -23.674  -23.584  -21.137  -19.866  -13.356  -10.929
  -10.697  -10.612   -9.543   -9.505   -9.353   -8.712   -8.472   -7.856   -7.769   -7.104
   -5.551   -3.472   -3.380   -3.359   -2.959   -0.336   -0.178    1.473    1.558    2.354
    2.483    2.755    3.765    3.871    4.285
            0.150000  0.086603  0.000000
  -77.740  -49.019  -48.984  -48.863  -23.698  -23.608  -21.153  -19.874  -13.369  -10.900
  -10.627  -10.564   -9.524   -9.485   -9.320   -8.725   -8.486   -7.834   -7.750   -7.097
   -5.530   -3.468   -3.365   -3.357   -2.977   -0.362   -0.196    1.501    1.585    2.335
    2.451    2.701    3.710    3.815    4.254
            0.145000  0.083716  0.000000
  -77.740  -49.016  -48.983  -48.864  -23.721  -23.630  -21.169  -19.882  -13.383  -10.882
  -10.559  -10.505   -9.505   -9.465   -9.287   -8.737   -8.501   -7.813   -7.732   -7.090
   -5.508   -3.465   -3.353   -3.350   -2.995   -0.392   -0.217    1.533    1.616    2.316
    2.420    2.649    3.656    3.759    4.223
            0.140000  0.080829  0.000000
  -77.740  -49.013  -48.983  -48.864  -23.743  -23.653  -21.185  -19.890  -13.396  -10.872
  -10.490  -10.440   -9.486   -9.446   -9.254   -8.749   -8.515   -7.793   -7.713   -7.084
   -5.487   -3.461   -3.348   -3.336   -3.013   -0.425   -0.242    1.566    1.650    2.295
    2.389    2.600    3.603    3.705    4.191
            0.135000  0.077942  0.000000
  -77.741  -49.011  -48.982  -48.865  -23.765  -23.674  -21.200  -19.898  -13.410  -10.867
  -10.421  -10.371   -9.468   -9.427   -9.223   -8.761   -8.528   -7.773   -7.695   -7.079
   -5.467   -3.458   -3.342   -3.323   -3.030   -0.460   -0.269    1.600    1.686    2.273
    2.360    2.555    3.551    3.652    4.158
            0.130000  0.075056  0.000000
  -77.741  -49.008  -48.981  -48.865  -23.786  -23.695  -21.214  -19.906  -13.423  -10.865
  -10.352  -10.301   -9.450   -9.408   -9.191   -8.773   -8.541   -7.753   -7.678   -7.075
   -5.447   -3.455   -3.336   -3.309   -3.048   -0.497   -0.299    1.636    1.724    2.250
    2.332    2.515    3.501    3.601    4.125
            0.125000  0.072169  0.000000
  -77.741  -49.006  -48.981  -48.865  -23.807  -23.715  -21.228  -19.913  -13.436  -10.866
  -10.284  -10.231   -9.433   -9.390   -9.161   -8.784   -8.554   -7.735   -7.661   -7.071
   -5.428   -3.451   -3.328   -3.296   -3.064   -0.535   -0.332    1.671    1.762    2.224
    2.307    2.480    3.452    3.551    4.091
            0.120000  0.069282  0.000000
  -77.741  -49.003  -48.980  -48.866  -23.826  -23.734  -21.242  -19.920  -13.449  -10.868
  -10.216  -10.162   -9.416   -9.372   -9.131   -8.796   -8.566   -7.716   -7.644   -7.068
   -5.409   -3.446   -3.320   -3.284   -3.081   -0.575   -0.365    1.706    1.800    2.195
    2.286    2.451    3.404    3.502    4.056
            0.115000  0.066395  0.000000
  -77.742  -49.001  -48.980  -48.866  -23.845  -23.753  -21.255  -19.927  -13.461  -10.871
  -10.148  -10.093   -9.400   -9.355   -9.102   -8.807   -8.578   -7.698   -7.627   -7.067
   -5.392   -3.442   -3.312   -3.272   -3.097   -0.616   -0.400    1.739    1.837    2.163
    2.269    2.429    3.358    3.455    4.021
            0.110000  0.063509  0.000000
  -77.742  -48.999  -48.979  -48.867  -23.863  -23.771  -21.268  -19.934  -13.474  -10.874
  -10.083  -10.025   -9.384   -9.339   -9.074   -8.818   -8.589   -7.681   -7.612   -7.066
   -5.375   -3.437   -3.303   -3.261   -3.112   -0.658   -0.436    1.770    1.872    2.130
    2.256    2.414    3.314    3.410    3.986
            0.105000  0.060622  0.000000
  -77.742  -48.997  -48.979  -48.867  -23.880  -23.788  -21.281  -19.940  -13.485  -10.878
  -10.018   -9.959   -9.369   -9.322   -9.046   -8.828   -8.600   -7.664   -7.596   -7.066
   -5.359   -3.431   -3.293   -3.251   -3.127   -0.700   -0.473    1.795    1.903    2.097
    2.249    2.406    3.271    3.366    3.950
            0.100000  0.057735  0.000000
  -77.742  -48.994  -48.978  -48.867  -23.897  -23.804  -21.292  -19.946  -13.497  -10.882
   -9.956   -9.893   -9.354   -9.307   -9.020   -8.838   -8.611   -7.648   -7.581   -7.067
   -5.344   -3.425   -3.283   -3.241   -3.140   -0.742   -0.510    1.815    1.929    2.066
    2.248    2.406    3.230    3.324    3.914
            0.095000  0.054848  0.000000
  -77.743  -48.992  -48.978  -48.868  -23.912  -23.819  -21.304  -19.952  -13.508  -10.886
   -9.895   -9.830   -9.340   -9.292   -8.996   -8.847   -8.620   -7.632   -7.567   -7.070
   -5.329   -3.419   -3.273   -3.233   -3.152   -0.784   -0.547    1.828    1.948    2.037
    2.255    2.414    3.190    3.284    3.878
            0.090000  0.051962  0.000000
  -77.743  -48.991  -48.977  -48.868  -23.927  -23.834  -21.314  -19.958  -13.519  -10.890
   -9.836   -9.768   -9.326   -9.277   -8.973   -8.856   -8.630   -7.616   -7.553   -7.073
   -5.316   -3.412   -3.262   -3.227   -3.163   -0.825   -0.584    1.832    1.959    2.013
    2.270    2.428    3.152    3.246    3.841
            0.085000  0.049075  0.000000
  -77.743  -48.989  -48.977  -48.868  -23.941  -23.848  -21.325  -19.963  -13.529  -10.894
   -9.778   -9.707   -9.313   -9.263   -8.953   -8.862   -8.639   -7.601   -7.540   -7.077
   -5.304   -3.405   -3.252   -3.224   -3.170   -0.866   -0.620    1.826    1.963    1.995
    2.294    2.449    3.116    3.209    3.805
            0.080000  0.046188  0.000000
  -77.743  -48.987  -48.977  -48.869  -23.955  -23.861  -21.334  -19.968  -13.539  -10.898
   -9.724   -9.649   -9.301   -9.250   -8.938   -8.864   -8.647   -7.586   -7.527   -7.082
   -5.292   -3.398   -3.241   -3.225   -3.172   -0.906   -0.656    1.811    1.961    1.982
    2.323    2.475    3.082    3.175    3.768
            0.075000  0.043301  0.000000
  -77.744  -48.985  -48.976  -48.869  -23.967  -23.874  -21.343  -19.973  -13.548  -10.902
   -9.671   -9.594   -9.289   -9.238   -8.930   -8.860   -8.655   -7.571   -7.515   -7.088
   -5.281   -3.390   -3.231   -3.230   -3.171   -0.945   -0.691    1.791    1.956    1.972
    2.358    2.505    3.049    3.142    3.732
            0.070000  0.040415  0.000000
  -77.744  -48.984  -48.976  -48.869  -23.979  -23.885  -21.352  -19.977  -13.556  -10.905
   -9.620   -9.540   -9.278   -9.226   -8.930   -8.850   -8.662   -7.557   -7.503   -7.095
   -5.271   -3.383   -3.238   -3.219   -3.167   -0.983   -0.724    1.767    1.950    1.963
    2.396    2.538    3.019    3.111    3.695
            0.065000  0.037528  0.000000
  -77.744  -48.982  -48.975  -48.870  -23.990  -23.896  -21.360  -19.981  -13.565  -10.909
   -9.572   -9.490   -9.268   -9.215   -8.935   -8.835   -8.669   -7.543   -7.493   -7.103
   -5.262   -3.375   -3.247   -3.208   -3.162   -1.019   -0.756    1.741    1.943    1.955
    2.435    2.573    2.990    3.082    3.659
            0.060000  0.034641  0.000000
  -77.744  -48.981  -48.975  -48.870  -24.000  -23.906  -21.368  -19.985  -13.572  -10.912
   -9.526   -9.442   -9.259   -9.204   -8.943   -8.820   -8.675   -7.530   -7.483   -7.111
   -5.254   -3.367   -3.256   -3.197   -3.157   -1.054   -0.787    1.716    1.935    1.947
    2.476    2.608    2.964    3.056    3.623
            0.055000  0.031754  0.000000
  -77.744  -48.980  -48.975  -48.870  -24.010  -23.915  -21.374  -19.989  -13.579  -10.915
   -9.483   -9.397   -9.250   -9.195   -8.952   -8.804   -8.681   -7.517   -7.473   -7.120
   -5.247   -3.360   -3.264   -3.186   -3.151   -1.087   -0.816    1.692    1.926    1.941
    2.517    2.644    2.939    3.031    3.588
            0.050000  0.028868  0.000000
  -77.744  -48.979  -48.975  -48.870  -24.018  -23.924  -21.381  -19.992  -13.586  -10.918
   -9.442   -9.355   -9.242   -9.186   -8.961   -8.789   -8.686   -7.504   -7.465   -7.129
   -5.240   -3.353   -3.272   -3.176   -3.146   -1.117   -0.843    1.668    1.916    1.935
    2.557    2.679    2.917    3.008    3.553
            0.045000  0.025981  0.000000
  -77.745  -48.978  -48.974  -48.870  -24.026  -23.931  -21.386  -19.995  -13.592  -10.921
   -9.404   -9.317   -9.234   -9.178   -8.971   -8.775   -8.691   -7.492   -7.457   -7.139
   -5.235   -3.346   -3.280   -3.167   -3.141   -1.146   -0.868    1.647    1.907    1.929
    2.596    2.713    2.897    2.988    3.519
            0.040000  0.023094  0.000000
  -77.745  -48.977  -48.974  -48.871  -24.033  -23.938  -21.392  -19.998  -13.597  -10.923
   -9.368   -9.282   -9.228   -9.171   -8.982   -8.762   -8.695   -7.480   -7.450   -7.149
   -5.230   -3.339   -3.287   -3.158   -3.137   -1.172   -0.891    1.627    1.899    1.924
    2.635    2.746    2.878    2.970    3.486
            0.035000  0.020207  0.000000
  -77.745  -48.976  -48.974  -48.871  -24.039  -23.944  -21.396  -20.000  -13.602  -10.925
   -9.335   -9.250   -9.222   -9.164   -8.993   -8.750   -8.699   -7.469   -7.444   -7.158
   -5.225   -3.334   -3.293   -3.150   -3.133   -1.195   -0.911    1.609    1.891    1.919
    2.671    2.777    2.862    2.953    3.454
            0.030000  0.017321  0.000000
  -77.745  -48.975  -48.974  -48.871  -24.044  -23.950  -21.400  -20.002  -13.606  -10.927
   -9.304   -9.223   -9.217   -9.159   -9.004   -8.740   -8.702   -7.458   -7.438   -7.168
   -5.222   -3.328   -3.298   -3.142   -3.130   -1.216   -0.929    1.594    1.884    1.915
    2.704    2.805    2.848    2.939    3.423
            0.025000  0.014434  0.000000
  -77.745  -48.975  -48.974  -48.871  -24.049  -23.954  -21.403  -20.004  -13.609  -10.929
   -9.277   -9.213   -9.199   -9.154   -9.015   -8.731   -8.704   -7.449   -7.434   -7.177
   -5.219   -3.324   -3.303   -3.136   -3.127   -1.233   -0.945    1.580    1.879    1.911
    2.734    2.831    2.836    2.927    3.395
            0.020000  0.011547  0.000000
  -77.745  -48.974  -48.974  -48.871  -24.052  -23.958  -21.406  -20.005  -13.612  -10.930
   -9.253   -9.209   -9.180   -9.150   -9.026   -8.724   -8.707   -7.440   -7.430   -7.184
   -5.216   -3.320   -3.306   -3.130   -3.124   -1.248   -0.958    1.569    1.874    1.908
    2.760    2.826    2.853    2.917    3.369
            0.015000  0.008660  0.000000
  -77.745  -48.974  -48.974  -48.871  -24.055  -23.960  -21.408  -20.007  -13.614  -10.931
   -9.232   -9.206   -9.164   -9.147   -9.036   -8.718   -8.708   -7.433   -7.427   -7.191
   -5.214   -3.317   -3.309   -3.126   -3.123   -1.260   -0.968    1.561    1.870    1.906
    2.781    2.819    2.873    2.910    3.347
            0.010000  0.005774  0.000000
  -77.745  -48.974  -48.973  -48.871  -24.057  -23.962  -21.410  -20.007  -13.616  -10.932
   -9.217   -9.204   -9.153   -9.145   -9.045   -8.714   -8.710   -7.428   -7.425   -7.196
   -5.213   -3.315   -3.311   -3.123   -3.121   -1.268   -0.975    1.554    1.867    1.904
    2.796    2.813    2.888    2.904    3.330
            0.005000  0.002887  0.000000
  -77.745  -48.973  -48.973  -48.871  -24.059  -23.964  -21.411  -20.008  -13.617  -10.932
   -9.206   -9.203   -9.146   -9.144   -9.051   -8.711   -8.710   -7.425   -7.423   -7.200
   -5.212   -3.314   -3.312   -3.121   -3.120   -1.273   -0.979    1.551    1.865    1.903
    2.805    2.810    2.897    2.901    3.319
            0.000000  0.000000  0.000000
  -77.745  -48.973  -48.973  -48.871  -24.059  -23.964  -21.411  -20.008  -13.617  -10.932
   -9.203   -9.203   -9.143   -9.143   -9.053   -8.711   -8.710   -7.424   -7.423   -7.201
   -5.212   -3.314   -3.312   -3.120   -3.120   -1.275   -0.981    1.549    1.865    1.903
    2.808    2.809    2.899    2.901    3.316
