 &plot nbnd=  35, nks=   261 /
            0.000000  0.000000  0.000000
  -77.855  -49.049  -49.040  -49.040  -24.889  -24.816  -22.054  -20.658  -14.290  -11.697
   -9.706   -9.207   -9.207   -9.146   -9.145   -8.870   -8.870   -7.737   -7.572   -7.571
   -5.501   -3.228   -3.227   -3.079   -3.079   -0.497   -0.172    2.155    2.184    2.294
    3.630    3.631    3.675    3.675    3.682
            0.003333  0.005774  0.000000
  -77.855  -49.049  -49.040  -49.040  -24.888  -24.815  -22.053  -20.658  -14.289  -11.697
   -9.707   -9.209   -9.208   -9.148   -9.146   -8.871   -8.870   -7.739   -7.572   -7.570
   -5.501   -3.228   -3.228   -3.080   -3.079   -0.495   -0.170    2.156    2.185    2.295
    3.609    3.632    3.662    3.676    3.712
            0.006667  0.011547  0.000000
  -77.855  -49.049  -49.041  -49.040  -24.886  -24.813  -22.052  -20.657  -14.288  -11.696
   -9.707   -9.214   -9.209   -9.158   -9.148   -8.875   -8.869   -7.744   -7.574   -7.565
   -5.502   -3.230   -3.226   -3.083   -3.080   -0.489   -0.165    2.159    2.188    2.299
    3.570    3.637    3.649    3.681    3.752
            0.010000  0.017321  0.000000
  -77.855  -49.048  -49.041  -49.041  -24.883  -24.810  -22.049  -20.656  -14.285  -11.695
   -9.709   -9.223   -9.212   -9.173   -9.151   -8.881   -8.867   -7.752   -7.577   -7.558
   -5.504   -3.233   -3.223   -3.087   -3.082   -0.479   -0.157    2.165    2.192    2.305
    3.526    3.630    3.645    3.689    3.792
            0.013333  0.023094  0.000000
  -77.855  -49.048  -49.042  -49.041  -24.879  -24.806  -22.046  -20.654  -14.281  -11.693
   -9.711   -9.235   -9.217   -9.193   -9.156   -8.890   -8.865   -7.762   -7.582   -7.549
   -5.507   -3.237   -3.218   -3.094   -3.085   -0.466   -0.145    2.172    2.198    2.313
    3.481    3.606    3.656    3.699    3.832
            0.016667  0.028868  0.000000
  -77.855  -49.048  -49.043  -49.041  -24.874  -24.801  -22.041  -20.651  -14.277  -11.691
   -9.714   -9.250   -9.230   -9.211   -9.163   -8.901   -8.862   -7.774   -7.588   -7.539
   -5.510   -3.243   -3.213   -3.102   -3.088   -0.449   -0.131    2.180    2.206    2.325
    3.435    3.576    3.670    3.713    3.872
            0.020000  0.034641  0.000000
  -77.855  -49.048  -49.044  -49.041  -24.867  -24.794  -22.036  -20.648  -14.271  -11.688
   -9.718   -9.268   -9.259   -9.220   -9.171   -8.914   -8.859   -7.787   -7.596   -7.527
   -5.514   -3.249   -3.206   -3.112   -3.093   -0.428   -0.113    2.190    2.215    2.339
    3.388    3.541    3.687    3.730    3.912
            0.023333  0.040415  0.000000
  -77.854  -49.048  -49.046  -49.042  -24.859  -24.786  -22.030  -20.645  -14.264  -11.685
   -9.725   -9.299   -9.285   -9.227   -9.180   -8.929   -8.855   -7.801   -7.605   -7.516
   -5.519   -3.256   -3.198   -3.123   -3.098   -0.405   -0.093    2.200    2.225    2.357
    3.341    3.502    3.707    3.749    3.952
            0.026667  0.046188  0.000000
  -77.854  -49.047  -49.047  -49.042  -24.850  -24.777  -22.022  -20.641  -14.257  -11.681
   -9.734   -9.341   -9.305   -9.234   -9.192   -8.945   -8.851   -7.815   -7.615   -7.505
   -5.524   -3.265   -3.190   -3.136   -3.103   -0.378   -0.070    2.211    2.235    2.378
    3.293    3.460    3.730    3.772    3.992
            0.030000  0.051962  0.000000
  -77.854  -49.049  -49.047  -49.042  -24.840  -24.767  -22.014  -20.636  -14.248  -11.677
   -9.746   -9.389   -9.326   -9.243   -9.205   -8.963   -8.846   -7.830   -7.627   -7.493
   -5.531   -3.274   -3.180   -3.149   -3.109   -0.349   -0.045    2.222    2.246    2.402
    3.245    3.415    3.755    3.798    4.032
            0.033333  0.057735  0.000000
  -77.854  -49.051  -49.047  -49.043  -24.828  -24.756  -22.005  -20.631  -14.238  -11.673
   -9.762   -9.442   -9.346   -9.253   -9.220   -8.982   -8.840   -7.846   -7.641   -7.483
   -5.539   -3.283   -3.172   -3.162   -3.115   -0.317   -0.017    2.233    2.258    2.429
    3.197    3.369    3.784    3.826    4.072
            0.036667  0.063509  0.000000
  -77.853  -49.053  -49.046  -49.043  -24.815  -24.743  -21.995  -20.625  -14.227  -11.668
   -9.784   -9.499   -9.365   -9.264   -9.237   -9.003   -8.834   -7.862   -7.657   -7.472
   -5.547   -3.293   -3.180   -3.161   -3.119   -0.283    0.012    2.244    2.268    2.460
    3.150    3.321    3.815    3.858    4.113
            0.040000  0.069282  0.000000
  -77.853  -49.056  -49.046  -49.044  -24.801  -24.730  -21.984  -20.619  -14.216  -11.662
   -9.811   -9.560   -9.381   -9.276   -9.256   -9.024   -8.827   -7.879   -7.674   -7.463
   -5.557   -3.304   -3.195   -3.157   -3.119   -0.247    0.043    2.254    2.279    2.493
    3.104    3.274    3.848    3.893    4.155
            0.043333  0.075056  0.000000
  -77.853  -49.059  -49.045  -49.045  -24.786  -24.715  -21.972  -20.612  -14.203  -11.656
   -9.845   -9.624   -9.395   -9.290   -9.276   -9.046   -8.819   -7.895   -7.693   -7.454
   -5.568   -3.314   -3.211   -3.160   -3.111   -0.209    0.076    2.262    2.288    2.529
    3.060    3.227    3.883    3.931    4.198
            0.046667  0.080829  0.000000
  -77.852  -49.061  -49.045  -49.045  -24.770  -24.699  -21.959  -20.605  -14.190  -11.650
   -9.885   -9.692   -9.406   -9.306   -9.297   -9.069   -8.810   -7.912   -7.713   -7.446
   -5.580   -3.325   -3.227   -3.168   -3.098   -0.170    0.110    2.269    2.295    2.567
    3.019    3.182    3.919    3.972    4.242
            0.050000  0.086603  0.000000
  -77.852  -49.064  -49.046  -49.044  -24.752  -24.681  -21.945  -20.597  -14.175  -11.644
   -9.931   -9.763   -9.415   -9.324   -9.318   -9.092   -8.800   -7.929   -7.736   -7.439
   -5.593   -3.336   -3.243   -3.178   -3.083   -0.130    0.144    2.273    2.301    2.607
    2.981    3.140    3.956    4.017    4.288
            0.053333  0.092376  0.000000
  -77.851  -49.068  -49.047  -49.044  -24.734  -24.663  -21.930  -20.589  -14.160  -11.637
   -9.983   -9.837   -9.423   -9.344   -9.337   -9.116   -8.790   -7.946   -7.760   -7.433
   -5.608   -3.347   -3.259   -3.190   -3.066   -0.089    0.180    2.273    2.302    2.648
    2.948    3.102    3.993    4.064    4.336
            0.056667  0.098150  0.000000
  -77.851  -49.071  -49.048  -49.043  -24.714  -24.643  -21.915  -20.581  -14.144  -11.630
  -10.040   -9.913   -9.435   -9.362   -9.357   -9.140   -8.779   -7.963   -7.786   -7.428
   -5.624   -3.358   -3.275   -3.203   -3.047   -0.048    0.216    2.270    2.300    2.690
    2.922    3.069    4.030    4.115    4.386
            0.060000  0.103923  0.000000
  -77.851  -49.075  -49.048  -49.042  -24.693  -24.623  -21.898  -20.572  -14.127  -11.622
  -10.102   -9.992   -9.454   -9.379   -9.371   -9.165   -8.767   -7.980   -7.814   -7.424
   -5.641   -3.369   -3.289   -3.217   -3.028   -0.006    0.252    2.262    2.292    2.731
    2.901    3.043    4.066    4.168    4.440
            0.063333  0.109697  0.000000
  -77.850  -49.078  -49.049  -49.042  -24.671  -24.601  -21.881  -20.562  -14.109  -11.614
  -10.168  -10.073   -9.481   -9.402   -9.373   -9.190   -8.754   -7.997   -7.844   -7.421
   -5.659   -3.380   -3.304   -3.231   -3.007    0.036    0.287    2.249    2.278    2.771
    2.889    3.025    4.100    4.224    4.496
            0.066667  0.115470  0.000000
  -77.849  -49.082  -49.050  -49.041  -24.647  -24.578  -21.863  -20.552  -14.091  -11.606
  -10.238  -10.156   -9.513   -9.427   -9.370   -9.215   -8.741   -8.014   -7.875   -7.419
   -5.678   -3.390   -3.317   -3.247   -2.986    0.078    0.323    2.231    2.259    2.807
    2.884    3.018    4.133    4.282    4.556
            0.070000  0.121244  0.000000
  -77.849  -49.086  -49.051  -49.040  -24.623  -24.554  -21.844  -20.541  -14.072  -11.598
  -10.310  -10.240   -9.549   -9.453   -9.364   -9.242   -8.727   -8.030   -7.909   -7.418
   -5.699   -3.401   -3.329   -3.263   -2.964    0.119    0.358    2.209    2.235    2.838
    2.887    3.022    4.165    4.341    4.620
            0.073333  0.127017  0.000000
  -77.848  -49.090  -49.052  -49.039  -24.597  -24.529  -21.824  -20.531  -14.052  -11.590
  -10.386  -10.326   -9.587   -9.480   -9.355   -9.268   -8.712   -8.047   -7.944   -7.418
   -5.720   -3.412   -3.340   -3.279   -2.941    0.159    0.392    2.182    2.206    2.862
    2.897    3.040    4.194    4.402    4.687
            0.076667  0.132791  0.000000
  -77.848  -49.095  -49.054  -49.038  -24.571  -24.502  -21.804  -20.519  -14.032  -11.582
  -10.464  -10.414   -9.628   -9.510   -9.345   -9.295   -8.697   -8.063   -7.981   -7.419
   -5.743   -3.423   -3.349   -3.296   -2.917    0.198    0.425    2.152    2.174    2.881
    2.913    3.069    4.221    4.464    4.758
            0.080000  0.138564  0.000000
  -77.847  -49.099  -49.055  -49.038  -24.543  -24.475  -21.783  -20.508  -14.011  -11.574
  -10.543  -10.502   -9.671   -9.540   -9.334   -9.322   -8.682   -8.079   -8.019   -7.421
   -5.767   -3.435   -3.357   -3.314   -2.893    0.236    0.456    2.119    2.140    2.899
    2.932    3.105    4.246    4.526    4.831
            0.083333  0.144338  0.000000
  -77.847  -49.103  -49.056  -49.037  -24.514  -24.446  -21.761  -20.496  -13.990  -11.566
  -10.625  -10.591   -9.715   -9.573   -9.353   -9.318   -8.666   -8.095   -8.058   -7.424
   -5.791   -3.446   -3.364   -3.332   -2.869    0.272    0.486    2.085    2.105    2.916
    2.954    3.146    4.269    4.587    4.908
            0.086667  0.150111  0.000000
  -77.846  -49.108  -49.057  -49.036  -24.484  -24.417  -21.738  -20.483  -13.968  -11.558
  -10.708  -10.680   -9.761   -9.607   -9.382   -9.305   -8.649   -8.115   -8.095   -7.428
   -5.817   -3.458   -3.369   -3.351   -2.844    0.305    0.513    2.050    2.069    2.934
    2.979    3.190    4.289    4.647    4.987
            0.090000  0.155885  0.000000
  -77.845  -49.113  -49.059  -49.035  -24.453  -24.386  -21.715  -20.470  -13.946  -11.551
  -10.792  -10.769   -9.808   -9.643   -9.412   -9.290   -8.632   -8.150   -8.117   -7.433
   -5.843   -3.470   -3.374   -3.368   -2.818    0.337    0.539    2.015    2.035    2.952
    3.007    3.236    4.308    4.705    5.069
            0.093333  0.161658  0.000000
  -77.844  -49.118  -49.060  -49.034  -24.420  -24.355  -21.691  -20.457  -13.924  -11.546
  -10.877  -10.858   -9.857   -9.680   -9.442   -9.274   -8.615   -8.192   -8.132   -7.438
   -5.870   -3.483   -3.389   -3.374   -2.792    0.365    0.561    1.982    2.001    2.971
    3.038    3.282    4.325    4.761    5.152
            0.096667  0.167432  0.000000
  -77.844  -49.123  -49.061  -49.033  -24.387  -24.322  -21.666  -20.444  -13.901  -11.542
  -10.962  -10.945   -9.907   -9.720   -9.473   -9.258   -8.598   -8.238   -8.145   -7.444
   -5.897   -3.495   -3.407   -3.376   -2.766    0.391    0.581    1.951    1.971    2.990
    3.070    3.329    4.340    4.814    5.236
            0.100000  0.173205  0.000000
  -77.843  -49.128  -49.063  -49.032  -24.353  -24.288  -21.641  -20.430  -13.879  -11.542
  -11.048  -11.029   -9.957   -9.760   -9.505   -9.241   -8.582   -8.284   -8.157   -7.452
   -5.925   -3.509   -3.426   -3.376   -2.740    0.413    0.598    1.922    1.943    3.009
    3.104    3.376    4.353    4.865    5.322
            0.103333  0.178979  0.000000
  -77.842  -49.133  -49.064  -49.031  -24.318  -24.253  -21.615  -20.416  -13.856  -11.546
  -11.135  -11.107  -10.009   -9.803   -9.538   -9.224   -8.566   -8.331   -8.168   -7.460
   -5.953   -3.523   -3.444   -3.374   -2.713    0.431    0.611    1.897    1.918    3.028
    3.140    3.423    4.365    4.913    5.407
            0.106667  0.184752  0.000000
  -77.842  -49.138  -49.066  -49.030  -24.281  -24.217  -21.589  -20.402  -13.833  -11.560
  -11.221  -11.178  -10.062   -9.847   -9.571   -9.207   -8.552   -8.377   -8.179   -7.469
   -5.982   -3.538   -3.461   -3.372   -2.687    0.446    0.620    1.875    1.897    3.046
    3.176    3.470    4.376    4.959    5.492
            0.110000  0.190526  0.000000
  -77.841  -49.143  -49.068  -49.029  -24.244  -24.181  -21.562  -20.387  -13.811  -11.585
  -11.308  -11.236  -10.116   -9.892   -9.604   -9.189   -8.543   -8.419   -8.188   -7.478
   -6.011   -3.554   -3.477   -3.369   -2.661    0.456    0.626    1.857    1.880    3.064
    3.214    3.517    4.385    5.004    5.576
            0.113333  0.196299  0.000000
  -77.840  -49.148  -49.069  -49.028  -24.205  -24.143  -21.535  -20.372  -13.789  -11.628
  -11.393  -11.277  -10.171   -9.939   -9.638   -9.171   -8.547   -8.449   -8.196   -7.489
   -6.040   -3.571   -3.492   -3.364   -2.634    0.461    0.628    1.844    1.867    3.080
    3.252    3.564    4.394    5.046    5.658
            0.116667  0.202073  0.000000
  -77.839  -49.154  -49.071  -49.027  -24.166  -24.104  -21.507  -20.357  -13.768  -11.687
  -11.478  -11.302  -10.226   -9.988   -9.673   -9.153   -8.575   -8.457   -8.203   -7.500
   -6.069   -3.588   -3.506   -3.359   -2.608    0.463    0.627    1.836    1.858    3.095
    3.290    3.611    4.403    5.088    5.737
            0.120000  0.207846  0.000000
  -77.838  -49.159  -49.073  -49.026  -24.126  -24.064  -21.479  -20.342  -13.747  -11.758
  -11.562  -11.314  -10.282  -10.038   -9.708   -9.135   -8.618   -8.450   -8.209   -7.512
   -6.098   -3.607   -3.519   -3.353   -2.582    0.460    0.621    1.832    1.853    3.109
    3.329    3.659    4.411    5.129    5.813
            0.123333  0.213620  0.000000
  -77.838  -49.164  -49.075  -49.025  -24.085  -24.024  -21.450  -20.327  -13.727  -11.838
  -11.645  -11.317  -10.339  -10.089   -9.743   -9.116   -8.667   -8.438   -8.214   -7.525
   -6.127   -3.627   -3.531   -3.346   -2.556    0.453    0.612    1.832    1.853    3.121
    3.368    3.707    4.420    5.168    5.884
            0.126667  0.219393  0.000000
  -77.837  -49.170  -49.077  -49.024  -24.043  -23.982  -21.421  -20.311  -13.708  -11.922
  -11.726  -11.315  -10.397  -10.142   -9.778   -9.099   -8.719   -8.425   -8.217   -7.538
   -6.155   -3.646   -3.542   -3.338   -2.531    0.442    0.600    1.837    1.856    3.131
    3.406    3.757    4.429    5.207    5.950
            0.130000  0.225167  0.000000
  -77.836  -49.175  -49.079  -49.022  -24.000  -23.940  -21.392  -20.296  -13.691  -12.009
  -11.806  -11.310  -10.455  -10.196   -9.814   -9.081   -8.772   -8.412   -8.219   -7.552
   -6.183   -3.667   -3.554   -3.329   -2.506    0.428    0.585    1.846    1.863    3.139
    3.444    3.806    4.439    5.244    6.010
            0.133333  0.230940  0.000000
  -77.835  -49.181  -49.081  -49.021  -23.956  -23.897  -21.363  -20.280  -13.675  -12.099
  -11.883  -11.303  -10.514  -10.251   -9.850   -9.065   -8.825   -8.400   -8.219   -7.567
   -6.210   -3.687   -3.565   -3.320   -2.482    0.411    0.568    1.858    1.873    3.146
    3.482    3.857    4.451    5.281    6.063
            0.136667  0.236714  0.000000
  -77.834  -49.186  -49.083  -49.020  -23.911  -23.853  -21.333  -20.264  -13.661  -12.189
  -11.958  -11.294  -10.573  -10.308   -9.886   -9.050   -8.877   -8.388   -8.218   -7.583
   -6.237   -3.707   -3.575   -3.310   -2.458    0.392    0.548    1.874    1.885    3.151
    3.518    3.909    4.464    5.315    6.107
            0.140000  0.242487  0.000000
  -77.834  -49.191  -49.085  -49.019  -23.865  -23.808  -21.303  -20.248  -13.650  -12.279
  -12.029  -11.284  -10.633  -10.366   -9.923   -9.042   -8.922   -8.379   -8.214   -7.599
   -6.263   -3.726   -3.586   -3.300   -2.435    0.371    0.527    1.892    1.901    3.155
    3.553    3.962    4.479    5.347    6.143
            0.143333  0.248261  0.000000
  -77.833  -49.197  -49.087  -49.018  -23.819  -23.762  -21.273  -20.233  -13.641  -12.369
  -12.097  -11.274  -10.693  -10.424   -9.959   -9.052   -8.951   -8.371   -8.209   -7.616
   -6.289   -3.746   -3.597   -3.289   -2.413    0.347    0.504    1.911    1.919    3.158
    3.587    4.015    4.498    5.376    6.170
            0.146667  0.254034  0.000000
  -77.832  -49.202  -49.089  -49.017  -23.772  -23.716  -21.243  -20.217  -13.635  -12.459
  -12.161  -11.263  -10.754  -10.483   -9.995   -9.086   -8.955   -8.364   -8.202   -7.634
   -6.313   -3.765   -3.608   -3.277   -2.392    0.323    0.480    1.933    1.939    3.160
    3.619    4.070    4.519    5.401    6.190
            0.150000  0.259808  0.000000
  -77.831  -49.207  -49.091  -49.016  -23.724  -23.668  -21.213  -20.201  -13.634  -12.549
  -12.221  -11.252  -10.815  -10.543  -10.031   -9.135   -8.945   -8.359   -8.193   -7.652
   -6.336   -3.783   -3.619   -3.265   -2.371    0.298    0.455    1.955    1.961    3.161
    3.649    4.125    4.544    5.422    6.202
            0.153333  0.265581  0.000000
  -77.830  -49.212  -49.094  -49.014  -23.675  -23.621  -21.182  -20.185  -13.636  -12.638
  -12.276  -11.242  -10.877  -10.604  -10.066   -9.188   -8.931   -8.356   -8.183   -7.671
   -6.358   -3.800   -3.630   -3.252   -2.352    0.272    0.430    1.978    1.985    3.163
    3.678    4.181    4.572    5.437    6.209
            0.156667  0.271355  0.000000
  -77.829  -49.217  -49.096  -49.013  -23.626  -23.572  -21.152  -20.170  -13.643  -12.726
  -12.326  -11.232  -10.939  -10.664  -10.102   -9.243   -8.915   -8.355   -8.173   -7.691
   -6.379   -3.817   -3.641   -3.239   -2.333    0.246    0.404    2.001    2.010    3.164
    3.704    4.238    4.604    5.447    6.213
            0.160000  0.277128  0.000000
  -77.829  -49.222  -49.098  -49.012  -23.576  -23.523  -21.122  -20.154  -13.654  -12.813
  -12.369  -11.224  -11.001  -10.724  -10.137   -9.298   -8.899   -8.354   -8.161   -7.711
   -6.399   -3.833   -3.653   -3.226   -2.316    0.220    0.378    2.025    2.035    3.165
    3.729    4.295    4.640    5.452    6.214
            0.163333  0.282902  0.000000
  -77.828  -49.227  -49.101  -49.011  -23.525  -23.473  -21.092  -20.139  -13.671  -12.899
  -12.407  -11.218  -11.063  -10.783  -10.171   -9.354   -8.883   -8.355   -8.149   -7.731
   -6.417   -3.849   -3.665   -3.213   -2.299    0.194    0.352    2.050    2.060    3.168
    3.751    4.351    4.680    5.451    6.211
            0.166667  0.288675  0.000000
  -77.827  -49.232  -49.103  -49.010  -23.474  -23.423  -21.062  -20.124  -13.692  -12.984
  -12.439  -11.217  -11.123  -10.840  -10.205   -9.410   -8.866   -8.358   -8.137   -7.752
   -6.434   -3.863   -3.677   -3.199   -2.284    0.168    0.326    2.075    2.084    3.172
    3.772    4.408    4.724    5.445    6.198
            0.170000  0.294449  0.000000
  -77.826  -49.237  -49.106  -49.009  -23.422  -23.372  -21.032  -20.109  -13.719  -13.068
  -12.465  -11.227  -11.177  -10.892  -10.239   -9.465   -8.850   -8.361   -8.124   -7.773
   -6.449   -3.876   -3.689   -3.185   -2.270    0.143    0.300    2.099    2.109    3.176
    3.792    4.464    4.772    5.436    6.158
            0.173333  0.300222  0.000000
  -77.825  -49.242  -49.108  -49.008  -23.370  -23.320  -21.002  -20.094  -13.751  -13.150
  -12.484  -11.269  -11.208  -10.937  -10.271   -9.520   -8.834   -8.366   -8.111   -7.795
   -6.463   -3.889   -3.701   -3.170   -2.257    0.118    0.275    2.122    2.134    3.183
    3.810    4.518    4.823    5.424    6.098
            0.176667  0.305996  0.000000
  -77.824  -49.246  -49.111  -49.007  -23.317  -23.268  -20.973  -20.079  -13.787  -13.231
  -12.499  -11.328  -11.233  -10.971  -10.304   -9.574   -8.819   -8.373   -8.098   -7.816
   -6.475   -3.901   -3.714   -3.156   -2.245    0.095    0.250    2.143    2.160    3.192
    3.828    4.569    4.878    5.412    6.032
            0.180000  0.311769  0.000000
  -77.824  -49.251  -49.114  -49.005  -23.264  -23.216  -20.944  -20.065  -13.826  -13.311
  -12.508  -11.391  -11.268  -10.992  -10.335   -9.628   -8.804   -8.381   -8.086   -7.838
   -6.485   -3.912   -3.727   -3.141   -2.235    0.071    0.226    2.162    2.187    3.203
    3.845    4.618    4.935    5.402    5.965
            0.183333  0.317543  0.000000
  -77.823  -49.255  -49.116  -49.004  -23.211  -23.163  -20.916  -20.051  -13.870  -13.389
  -12.512  -11.454  -11.313  -11.002  -10.366   -9.681   -8.789   -8.392   -8.073   -7.859
   -6.493   -3.922   -3.739   -3.127   -2.226    0.049    0.203    2.179    2.213    3.216
    3.862    4.661    4.995    5.394    5.898
            0.186667  0.323316  0.000000
  -77.822  -49.259  -49.119  -49.003  -23.157  -23.110  -20.888  -20.038  -13.915  -13.465
  -12.513  -11.519  -11.368  -11.004  -10.396   -9.733   -8.775   -8.404   -8.061   -7.880
   -6.499   -3.932   -3.751   -3.112   -2.218    0.028    0.180    2.194    2.240    3.232
    3.879    4.698    5.056    5.391    5.833
            0.190000  0.329090  0.000000
  -77.821  -49.263  -49.122  -49.002  -23.102  -23.057  -20.860  -20.024  -13.963  -13.540
  -12.511  -11.583  -11.427  -11.001  -10.425   -9.784   -8.762   -8.418   -8.050   -7.900
   -6.504   -3.941   -3.763   -3.098   -2.211    0.007    0.157    2.207    2.267    3.251
    3.897    4.728    5.119    5.393    5.772
            0.193333  0.334863  0.000000
  -77.821  -49.267  -49.125  -49.001  -23.048  -23.003  -20.833  -20.012  -14.013  -13.612
  -12.505  -11.648  -11.490  -10.995  -10.453   -9.833   -8.749   -8.434   -8.041   -7.917
   -6.507   -3.951   -3.773   -3.083   -2.206   -0.013    0.136    2.217    2.294    3.272
    3.914    4.750    5.182    5.401    5.718
            0.196667  0.340637  0.000000
  -77.820  -49.271  -49.127  -49.000  -22.993  -22.949  -20.807  -19.999  -14.064  -13.683
  -12.497  -11.713  -11.556  -10.987  -10.481   -9.881   -8.737   -8.451   -8.036   -7.930
   -6.508   -3.961   -3.783   -3.068   -2.202   -0.032    0.116    2.226    2.321    3.296
    3.932    4.763    5.244    5.410    5.674
            0.200000  0.346410  0.000000
  -77.819  -49.275  -49.130  -48.999  -22.938  -22.895  -20.781  -19.987  -14.115  -13.752
  -12.487  -11.777  -11.623  -10.978  -10.508   -9.927   -8.727   -8.471   -8.038   -7.937
   -6.507   -3.971   -3.791   -3.054   -2.199   -0.051    0.096    2.232    2.347    3.323
    3.951    4.769    5.296    5.418    5.651
            0.203333  0.352184  0.000000
  -77.818  -49.278  -49.133  -48.998  -22.883  -22.841  -20.756  -19.976  -14.166  -13.819
  -12.476  -11.842  -11.691  -10.969  -10.534   -9.972   -8.718   -8.492   -8.047   -7.935
   -6.504   -3.983   -3.798   -3.039   -2.197   -0.069    0.078    2.237    2.374    3.351
    3.971    4.767    5.322    5.434    5.654
            0.206667  0.357957  0.000000
  -77.818  -49.282  -49.136  -48.997  -22.828  -22.787  -20.731  -19.965  -14.218  -13.884
  -12.464  -11.905  -11.760  -10.960  -10.559  -10.014   -8.712   -8.514   -8.061   -7.927
   -6.500   -3.996   -3.802   -3.025   -2.196   -0.086    0.061    2.240    2.400    3.382
    3.991    4.761    5.307    5.472    5.680
            0.210000  0.363731  0.000000
  -77.817  -49.285  -49.139  -48.996  -22.774  -22.733  -20.707  -19.954  -14.268  -13.946
  -12.452  -11.967  -11.829  -10.952  -10.583  -10.054   -8.708   -8.535   -8.079   -7.916
   -6.494   -4.010   -3.805   -3.011   -2.196   -0.103    0.045    2.242    2.427    3.415
    4.013    4.750    5.269    5.514    5.724
            0.213333  0.369504  0.000000
  -77.816  -49.288  -49.142  -48.995  -22.719  -22.679  -20.684  -19.945  -14.318  -14.007
  -12.440  -12.028  -11.899  -10.946  -10.606  -10.091   -8.709   -8.556   -8.098   -7.902
   -6.486   -4.026   -3.805   -2.997   -2.197   -0.119    0.030    2.243    2.452    3.450
    4.035    4.737    5.224    5.548    5.779
            0.216667  0.375278  0.000000
  -77.816  -49.291  -49.145  -48.994  -22.664  -22.626  -20.662  -19.935  -14.367  -14.065
  -12.431  -12.085  -11.969  -10.941  -10.628  -10.124   -8.717   -8.574   -8.117   -7.887
   -6.477   -4.043   -3.803   -2.983   -2.199   -0.135    0.016    2.242    2.478    3.486
    4.059    4.722    5.176    5.568    5.842
            0.220000  0.381051  0.000000
  -77.815  -49.293  -49.149  -48.993  -22.610  -22.572  -20.641  -19.926  -14.415  -14.120
  -12.426  -12.136  -12.039  -10.938  -10.649  -10.155   -8.732   -8.587   -8.136   -7.871
   -6.467   -4.061   -3.799   -2.970   -2.202   -0.151    0.003    2.241    2.503    3.524
    4.083    4.706    5.129    5.572    5.911
            0.223333  0.386825  0.000000
  -77.814  -49.296  -49.152  -48.993  -22.556  -22.519  -20.621  -19.918  -14.461  -14.173
  -12.431  -12.178  -12.109  -10.937  -10.669  -10.182   -8.755   -8.597   -8.154   -7.855
   -6.455   -4.081   -3.793   -2.957   -2.206   -0.166   -0.008    2.239    2.527    3.563
    4.108    4.688    5.084    5.565    5.984
            0.226667  0.392598  0.000000
  -77.814  -49.298  -49.155  -48.992  -22.502  -22.466  -20.601  -19.911  -14.505  -14.224
  -12.448  -12.205  -12.179  -10.939  -10.689  -10.204   -8.784   -8.604   -8.171   -7.838
   -6.442   -4.102   -3.786   -2.944   -2.210   -0.181   -0.018    2.236    2.551    3.603
    4.135    4.670    5.043    5.548    6.057
            0.230000  0.398372  0.000000
  -77.813  -49.300  -49.158  -48.991  -22.449  -22.414  -20.583  -19.904  -14.548  -14.272
  -12.482  -12.249  -12.215  -10.944  -10.707  -10.222   -8.818   -8.611   -8.186   -7.820
   -6.428   -4.124   -3.777   -2.932   -2.215   -0.196   -0.027    2.233    2.575    3.643
    4.162    4.650    5.005    5.525    6.125
            0.233333  0.404145  0.000000
  -77.812  -49.302  -49.161  -48.990  -22.396  -22.363  -20.565  -19.897  -14.588  -14.318
  -12.528  -12.319  -12.212  -10.952  -10.724  -10.236   -8.856   -8.618   -8.199   -7.803
   -6.413   -4.146   -3.766   -2.920   -2.220   -0.210   -0.035    2.230    2.597    3.684
    4.189    4.630    4.973    5.498    6.177
            0.236667  0.409919  0.000000
  -77.812  -49.304  -49.165  -48.989  -22.344  -22.311  -20.549  -19.891  -14.627  -14.360
  -12.581  -12.388  -12.200  -10.963  -10.740  -10.245   -8.897   -8.627   -8.209   -7.786
   -6.397   -4.170   -3.755   -2.908   -2.226   -0.224   -0.042    2.227    2.619    3.726
    4.218    4.608    4.945    5.469    6.197
            0.240000  0.415692  0.000000
  -77.811  -49.305  -49.168  -48.989  -22.293  -22.261  -20.533  -19.886  -14.663  -14.400
  -12.639  -12.457  -12.183  -10.977  -10.756  -10.250   -8.940   -8.638   -8.217   -7.768
   -6.381   -4.194   -3.742   -2.897   -2.232   -0.238   -0.048    2.224    2.639    3.768
    4.246    4.586    4.923    5.439    6.197
            0.243333  0.421466  0.000000
  -77.811  -49.307  -49.171  -48.988  -22.242  -22.212  -20.518  -19.881  -14.697  -14.437
  -12.700  -12.526  -12.163  -10.993  -10.771  -10.250   -8.985   -8.652   -8.222   -7.751
   -6.363   -4.219   -3.728   -2.886   -2.239   -0.251   -0.052    2.221    2.658    3.810
    4.275    4.564    4.906    5.409    6.189
            0.246667  0.427239  0.000000
  -77.810  -49.308  -49.175  -48.987  -22.192  -22.163  -20.505  -19.877  -14.728  -14.471
  -12.762  -12.595  -12.140  -11.011  -10.785  -10.247   -9.031   -8.669   -8.224   -7.734
   -6.345   -4.244   -3.713   -2.876   -2.245   -0.264   -0.056    2.218    2.676    3.852
    4.302    4.543    4.894    5.379    6.177
            0.250000  0.433013  0.000000
  -77.810  -49.309  -49.178  -48.987  -22.144  -22.116  -20.492  -19.873  -14.757  -14.502
  -12.825  -12.663  -12.115  -11.031  -10.799  -10.239   -9.079   -8.688   -8.224   -7.717
   -6.327   -4.269   -3.697   -2.866   -2.252   -0.277   -0.059    2.215    2.693    3.895
    4.328    4.525    4.885    5.350    6.163
            0.253333  0.438786  0.000000
  -77.809  -49.310  -49.181  -48.986  -22.096  -22.069  -20.481  -19.870  -14.783  -14.530
  -12.888  -12.731  -12.089  -11.053  -10.812  -10.229   -9.128   -8.710   -8.221   -7.701
   -6.308   -4.295   -3.681   -2.858   -2.258   -0.289   -0.062    2.213    2.708    3.937
    4.349    4.512    4.880    5.324    6.148
            0.256667  0.444560  0.000000
  -77.809  -49.310  -49.185  -48.985  -22.050  -22.024  -20.470  -19.868  -14.807  -14.555
  -12.951  -12.798  -12.061  -11.075  -10.824  -10.216   -9.177   -8.734   -8.217   -7.684
   -6.289   -4.321   -3.664   -2.849   -2.265   -0.300   -0.063    2.212    2.721    3.979
    4.362    4.509    4.878    5.299    6.132
            0.260000  0.450333  0.000000
  -77.809  -49.311  -49.188  -48.985  -22.005  -21.980  -20.460  -19.865  -14.828  -14.577
  -13.014  -12.865  -12.033  -11.097  -10.836  -10.201   -9.228   -8.760   -8.212   -7.669
   -6.270   -4.347   -3.646   -2.842   -2.271   -0.311   -0.064    2.210    2.732    4.020
    4.364    4.518    4.877    5.278    6.116
            0.263333  0.456107  0.000000
  -77.808  -49.311  -49.191  -48.984  -21.962  -21.937  -20.451  -19.864  -14.845  -14.596
  -13.077  -12.931  -12.003  -11.120  -10.847  -10.184   -9.278   -8.788   -8.205   -7.653
   -6.250   -4.373   -3.628   -2.835   -2.277   -0.322   -0.064    2.210    2.741    4.062
    4.358    4.538    4.876    5.261    6.098
            0.266667  0.461880  0.000000
  -77.808  -49.311  -49.195  -48.984  -21.920  -21.896  -20.443  -19.862  -14.860  -14.612
  -13.140  -12.997  -11.973  -11.143  -10.857  -10.166   -9.329   -8.817   -8.198   -7.638
   -6.231   -4.398   -3.610   -2.829   -2.283   -0.332   -0.063    2.210    2.748    4.103
    4.348    4.565    4.875    5.248    6.080
            0.270000  0.467654  0.000000
  -77.807  -49.311  -49.198  -48.983  -21.879  -21.857  -20.436  -19.861  -14.872  -14.624
  -13.202  -13.063  -11.942  -11.166  -10.866  -10.146   -9.380   -8.847   -8.190   -7.624
   -6.211   -4.424   -3.591   -2.824   -2.289   -0.341   -0.062    2.210    2.753    4.143
    4.336    4.596    4.873    5.241    6.061
            0.273333  0.473427  0.000000
  -77.807  -49.310  -49.202  -48.983  -21.840  -21.819  -20.430  -19.860  -14.881  -14.633
  -13.264  -13.128  -11.911  -11.188  -10.874  -10.126   -9.431   -8.877   -8.182   -7.610
   -6.192   -4.449   -3.573   -2.820   -2.293   -0.350   -0.060    2.211    2.755    4.183
    4.325    4.629    4.870    5.238    6.041
            0.276667  0.479201  0.000000
  -77.807  -49.310  -49.205  -48.982  -21.803  -21.783  -20.424  -19.860  -14.887  -14.639
  -13.325  -13.192  -11.879  -11.209  -10.881  -10.106   -9.481   -8.909   -8.173   -7.597
   -6.173   -4.474   -3.554   -2.817   -2.298   -0.358   -0.058    2.212    2.756    4.222
    4.314    4.664    4.865    5.241    6.021
            0.280000  0.484974  0.000000
  -77.806  -49.309  -49.208  -48.982  -21.768  -21.748  -20.419  -19.860  -14.890  -14.641
  -13.385  -13.256  -11.847  -11.230  -10.886  -10.087   -9.529   -8.941   -8.165   -7.584
   -6.155   -4.498   -3.535   -2.815   -2.302   -0.365   -0.055    2.214    2.754    4.261
    4.304    4.700    4.861    5.247    5.999
            0.283333  0.490748  0.000000
  -77.806  -49.308  -49.212  -48.981  -21.735  -21.716  -20.415  -19.859  -14.890  -14.640
  -13.445  -13.319  -11.815  -11.250  -10.889  -10.070   -9.575   -8.973   -8.157   -7.572
   -6.137   -4.522   -3.516   -2.814   -2.305   -0.372   -0.052    2.216    2.751    4.293
    4.302    4.736    4.857    5.257    5.976
            0.286667  0.496521  0.000000
  -77.806  -49.307  -49.215  -48.981  -21.704  -21.685  -20.411  -19.859  -14.887  -14.636
  -13.504  -13.381  -11.784  -11.269  -10.891  -10.056   -9.617   -9.006   -8.149   -7.561
   -6.119   -4.544   -3.497   -2.813   -2.308   -0.378   -0.048    2.218    2.746    4.287
    4.337    4.772    4.855    5.270    5.952
            0.290000  0.502295  0.000000
  -77.806  -49.306  -49.218  -48.981  -21.676  -21.656  -20.408  -19.860  -14.881  -14.629
  -13.562  -13.442  -11.752  -11.287  -10.890  -10.046   -9.654   -9.039   -8.141   -7.550
   -6.102   -4.566   -3.479   -2.814   -2.310   -0.383   -0.045    2.221    2.739    4.281
    4.372    4.806    4.857    5.284    5.927
            0.293333  0.508068  0.000000
  -77.805  -49.305  -49.221  -48.980  -21.649  -21.630  -20.405  -19.860  -14.873  -14.618
  -13.619  -13.503  -11.722  -11.304  -10.886  -10.045   -9.682   -9.071   -8.134   -7.541
   -6.086   -4.587   -3.461   -2.816   -2.312   -0.387   -0.040    2.223    2.731    4.275
    4.407    4.829    4.874    5.299    5.901
            0.296667  0.513842  0.000000
  -77.805  -49.303  -49.225  -48.980  -21.625  -21.606  -20.403  -19.860  -14.861  -14.604
  -13.675  -13.563  -11.693  -11.320  -10.880  -10.053   -9.701   -9.104   -8.127   -7.532
   -6.070   -4.607   -3.443   -2.818   -2.313   -0.391   -0.036    2.226    2.722    4.270
    4.440    4.839    4.905    5.314    5.873
            0.300000  0.519615  0.000000
  -77.805  -49.302  -49.228  -48.980  -21.603  -21.583  -20.401  -19.860  -14.847  -14.587
  -13.729  -13.622  -11.666  -11.334  -10.870  -10.072   -9.709   -9.136   -8.121   -7.523
   -6.056   -4.625   -3.426   -2.821   -2.314   -0.394   -0.031    2.228    2.713    4.265
    4.471    4.847    4.943    5.328    5.843
            0.303333  0.525389  0.000000
  -77.805  -49.300  -49.231  -48.980  -21.583  -21.563  -20.399  -19.860  -14.831  -14.567
  -13.781  -13.681  -11.640  -11.348  -10.857  -10.101   -9.706   -9.168   -8.116   -7.516
   -6.043   -4.642   -3.410   -2.825   -2.314   -0.396   -0.027    2.231    2.703    4.260
    4.501    4.856    4.983    5.341    5.811
            0.306667  0.531162  0.000000
  -77.805  -49.299  -49.234  -48.979  -21.565  -21.546  -20.397  -19.860  -14.813  -14.544
  -13.832  -13.738  -11.617  -11.360  -10.840  -10.137   -9.696   -9.199   -8.111   -7.509
   -6.030   -4.658   -3.395   -2.828   -2.314   -0.398   -0.022    2.233    2.693    4.255
    4.528    4.867    5.024    5.353    5.778
            0.310000  0.536936  0.000000
  -77.805  -49.297  -49.237  -48.979  -21.550  -21.530  -20.396  -19.861  -14.793  -14.517
  -13.880  -13.794  -11.596  -11.371  -10.819  -10.179   -9.681   -9.229   -8.107   -7.503
   -6.019   -4.672   -3.382   -2.833   -2.313   -0.398   -0.017    2.234    2.683    4.251
    4.554    4.880    5.065    5.363    5.742
            0.313333  0.542709  0.000000
  -77.804  -49.295  -49.239  -48.979  -21.537  -21.517  -20.395  -19.861  -14.772  -14.489
  -13.925  -13.848  -11.577  -11.381  -10.794  -10.224   -9.662   -9.259   -8.103   -7.498
   -6.010   -4.684   -3.369   -2.837   -2.313   -0.399   -0.013    2.236    2.673    4.247
    4.577    4.894    5.107    5.371    5.704
            0.316667  0.548483  0.000000
  -77.804  -49.294  -49.242  -48.979  -21.526  -21.506  -20.394  -19.861  -14.751  -14.458
  -13.967  -13.900  -11.562  -11.390  -10.765  -10.271   -9.642   -9.286   -8.100   -7.494
   -6.001   -4.694   -3.358   -2.841   -2.312   -0.399   -0.009    2.237    2.664    4.244
    4.598    4.907    5.150    5.378    5.663
            0.320000  0.554256  0.000000
  -77.804  -49.292  -49.244  -48.979  -21.517  -21.497  -20.394  -19.861  -14.731  -14.426
  -14.004  -13.950  -11.549  -11.397  -10.733  -10.318   -9.622   -9.312   -8.098   -7.491
   -5.994   -4.703   -3.349   -2.844   -2.312   -0.398   -0.005    2.237    2.657    4.241
    4.617    4.920    5.192    5.385    5.620
            0.323333  0.560030  0.000000
  -77.804  -49.291  -49.246  -48.979  -21.510  -21.490  -20.393  -19.861  -14.712  -14.393
  -14.036  -13.996  -11.539  -11.403  -10.698  -10.365   -9.602   -9.335   -8.096   -7.488
   -5.989   -4.710   -3.342   -2.847   -2.311   -0.398   -0.002    2.238    2.650    4.239
    4.632    4.931    5.235    5.390    5.576
            0.326667  0.565803  0.000000
  -77.804  -49.290  -49.247  -48.979  -21.506  -21.485  -20.393  -19.860  -14.697  -14.363
  -14.061  -14.036  -11.532  -11.408  -10.662  -10.409   -9.586   -9.353   -8.095   -7.486
   -5.985   -4.715   -3.336   -2.849   -2.310   -0.397    0.000    2.238    2.646    4.238
    4.645    4.939    5.277    5.394    5.531
            0.330000  0.571577  0.000000
  -77.804  -49.289  -49.248  -48.979  -21.503  -21.482  -20.392  -19.860  -14.687  -14.340
  -14.078  -14.063  -11.528  -11.410  -10.631  -10.446   -9.575   -9.366   -8.094   -7.485
   -5.983   -4.718   -3.333   -2.851   -2.310   -0.396    0.002    2.237    2.643    4.238
    4.653    4.943    5.319    5.391    5.493
            0.333333  0.577350  0.000000
  -77.804  -49.289  -49.249  -48.979  -21.502  -21.481  -20.392  -19.860  -14.683  -14.331
  -14.086  -14.072  -11.527  -11.411  -10.617  -10.461   -9.571   -9.370   -8.094   -7.485
   -5.982   -4.718   -3.332   -2.851   -2.310   -0.396    0.002    2.237    2.642    4.237
    4.656    4.945    5.350    5.374    5.479
            0.336111  0.572539  0.000000
  -77.804  -49.289  -49.248  -48.979  -21.503  -21.482  -20.392  -19.860  -14.686  -14.338
  -14.080  -14.066  -11.528  -11.411  -10.627  -10.450   -9.574   -9.367   -8.094   -7.485
   -5.983   -4.718   -3.333   -2.851   -2.310   -0.396    0.002    2.237    2.642    4.237
    4.653    4.944    5.319    5.397    5.486
            0.338889  0.567728  0.000000
  -77.804  -49.289  -49.248  -48.979  -21.504  -21.484  -20.392  -19.860  -14.694  -14.356
  -14.066  -14.046  -11.530  -11.409  -10.654  -10.420   -9.582   -9.359   -8.094   -7.486
   -5.984   -4.716   -3.335   -2.850   -2.310   -0.397    0.000    2.238    2.645    4.237
    4.646    4.943    5.270    5.429    5.504
            0.341667  0.562917  0.000000
  -77.804  -49.290  -49.247  -48.979  -21.507  -21.487  -20.393  -19.861  -14.707  -14.383
  -14.045  -14.014  -11.534  -11.406  -10.688  -10.381   -9.593   -9.347   -8.095   -7.487
   -5.987   -4.713   -3.339   -2.848   -2.311   -0.398   -0.002    2.239    2.649    4.237
    4.634    4.941    5.216    5.459    5.527
            0.344444  0.558105  0.000000
  -77.804  -49.291  -49.245  -48.979  -21.511  -21.491  -20.393  -19.861  -14.724  -14.414
  -14.018  -13.975  -11.539  -11.403  -10.724  -10.337   -9.606   -9.332   -8.096   -7.489
   -5.990   -4.708   -3.344   -2.846   -2.312   -0.401   -0.005    2.240    2.655    4.235
    4.616    4.940    5.158    5.489    5.555
            0.347222  0.553294  0.000000
  -77.804  -49.293  -49.243  -48.979  -21.516  -21.496  -20.394  -19.861  -14.745  -14.449
  -13.985  -13.930  -11.544  -11.399  -10.762  -10.289   -9.621   -9.315   -8.097   -7.491
   -5.995   -4.703   -3.350   -2.843   -2.313   -0.404   -0.010    2.242    2.662    4.232
    4.594    4.939    5.098    5.518    5.586
            0.350000  0.548483  0.000000
  -77.804  -49.294  -49.241  -48.979  -21.522  -21.502  -20.395  -19.862  -14.769  -14.484
  -13.948  -13.882  -11.550  -11.394  -10.801  -10.240   -9.636   -9.297   -8.098   -7.493
   -6.000   -4.696   -3.358   -2.840   -2.314   -0.409   -0.015    2.246    2.672    4.226
    4.569    4.934    5.042    5.547    5.618
            0.352778  0.543672  0.000000
  -77.804  -49.296  -49.239  -48.979  -21.528  -21.508  -20.396  -19.862  -14.796  -14.520
  -13.906  -13.830  -11.557  -11.389  -10.839  -10.190   -9.651   -9.278   -8.100   -7.496
   -6.006   -4.689   -3.366   -2.836   -2.315   -0.415   -0.022    2.250    2.683    4.216
    4.542    4.912    5.001    5.575    5.651
            0.355556  0.538860  0.000000
  -77.804  -49.298  -49.236  -48.979  -21.536  -21.516  -20.397  -19.863  -14.823  -14.556
  -13.860  -13.776  -11.565  -11.384  -10.876  -10.138   -9.666   -9.260   -8.101   -7.499
   -6.012   -4.681   -3.376   -2.832   -2.317   -0.423   -0.031    2.256    2.696    4.200
    4.517    4.861    4.988    5.604    5.685
            0.358333  0.534049  0.000000
  -77.805  -49.300  -49.234  -48.979  -21.544  -21.524  -20.399  -19.864  -14.853  -14.593
  -13.811  -13.720  -11.573  -11.378  -10.914  -10.086   -9.681   -9.241   -8.103   -7.503
   -6.019   -4.671   -3.386   -2.827   -2.319   -0.432   -0.041    2.263    2.711    4.176
    4.494    4.796    4.989    5.632    5.719
            0.361111  0.529238  0.000000
  -77.805  -49.302  -49.231  -48.979  -21.553  -21.533  -20.400  -19.865  -14.883  -14.629
  -13.759  -13.662  -11.581  -11.372  -10.950  -10.034   -9.694   -9.221   -8.104   -7.506
   -6.027   -4.661   -3.398   -2.823   -2.321   -0.443   -0.053    2.272    2.729    4.145
    4.476    4.726    4.995    5.660    5.753
            0.363889  0.524426  0.000000
  -77.805  -49.304  -49.228  -48.979  -21.562  -21.543  -20.402  -19.866  -14.914  -14.665
  -13.704  -13.602  -11.589  -11.366  -10.985   -9.983   -9.704   -9.202   -8.106   -7.510
   -6.036   -4.651   -3.410   -2.818   -2.324   -0.455   -0.066    2.283    2.747    4.106
    4.461    4.654    5.003    5.688    5.786
            0.366667  0.519615  0.000000
  -77.805  -49.306  -49.225  -48.980  -21.572  -21.553  -20.404  -19.867  -14.945  -14.700
  -13.648  -13.541  -11.598  -11.360  -11.019   -9.934   -9.712   -9.184   -8.107   -7.515
   -6.045   -4.639   -3.422   -2.812   -2.326   -0.470   -0.082    2.296    2.768    4.059
    4.447    4.584    5.012    5.715    5.819
            0.369444  0.514804  0.000000
  -77.805  -49.308  -49.222  -48.980  -21.583  -21.564  -20.406  -19.869  -14.976  -14.735
  -13.589  -13.478  -11.607  -11.355  -11.052   -9.891   -9.713   -9.165   -8.109   -7.520
   -6.054   -4.628   -3.436   -2.807   -2.329   -0.487   -0.100    2.310    2.791    4.007
    4.424    4.525    5.022    5.741    5.851
            0.372222  0.509993  0.000000
  -77.805  -49.311  -49.219  -48.980  -21.594  -21.575  -20.409  -19.871  -15.007  -14.770
  -13.529  -13.414  -11.617  -11.350  -11.083   -9.859   -9.703   -9.146   -8.111   -7.524
   -6.063   -4.615   -3.449   -2.801   -2.333   -0.506   -0.120    2.327    2.815    3.950
    4.377    4.494    5.033    5.765    5.883
            0.375000  0.505181  0.000000
  -77.805  -49.313  -49.216  -48.980  -21.605  -21.586  -20.412  -19.873  -15.038  -14.804
  -13.467  -13.349  -11.626  -11.345  -11.112   -9.840   -9.678   -9.127   -8.113   -7.530
   -6.073   -4.603   -3.463   -2.795   -2.336   -0.527   -0.142    2.346    2.841    3.890
    4.309    4.484    5.043    5.789    5.915
            0.377778  0.500370  0.000000
  -77.805  -49.315  -49.212  -48.980  -21.617  -21.598  -20.414  -19.875  -15.069  -14.837
  -13.405  -13.283  -11.636  -11.342  -11.138   -9.834   -9.641   -9.107   -8.114   -7.535
   -6.083   -4.590   -3.478   -2.789   -2.341   -0.550   -0.166    2.366    2.868    3.828
    4.233    4.484    5.055    5.811    5.945
            0.380556  0.495559  0.000000
  -77.805  -49.317  -49.209  -48.980  -21.629  -21.610  -20.418  -19.877  -15.100  -14.870
  -13.341  -13.215  -11.646  -11.340  -11.161   -9.835   -9.596   -9.087   -8.116   -7.541
   -6.094   -4.577   -3.493   -2.783   -2.345   -0.575   -0.193    2.388    2.897    3.765
    4.155    4.487    5.066    5.831    5.975
            0.383333  0.490748  0.000000
  -77.806  -49.319  -49.206  -48.981  -21.641  -21.622  -20.421  -19.879  -15.130  -14.902
  -13.277  -13.147  -11.655  -11.341  -11.181   -9.839   -9.549   -9.066   -8.118   -7.546
   -6.104   -4.563   -3.508   -2.777   -2.350   -0.602   -0.222    2.412    2.927    3.701
    4.077    4.492    5.077    5.849    6.004
            0.386111  0.485936  0.000000
  -77.806  -49.321  -49.202  -48.981  -21.653  -21.635  -20.424  -19.882  -15.160  -14.934
  -13.212  -13.079  -11.665  -11.344  -11.196   -9.844   -9.502   -9.043   -8.119   -7.552
   -6.114   -4.550   -3.523   -2.770   -2.355   -0.631   -0.253    2.437    2.957    3.638
    3.998    4.499    5.089    5.865    6.032
            0.388889  0.481125  0.000000
  -77.806  -49.323  -49.199  -48.981  -21.666  -21.648  -20.428  -19.884  -15.189  -14.964
  -13.147  -13.010  -11.675  -11.351  -11.206   -9.849   -9.457   -9.019   -8.121   -7.559
   -6.125   -4.536   -3.539   -2.763   -2.361   -0.662   -0.287    2.462    2.989    3.576
    3.921    4.506    5.100    5.879    6.059
            0.391667  0.476314  0.000000
  -77.806  -49.326  -49.196  -48.981  -21.679  -21.660  -20.432  -19.887  -15.219  -14.995
  -13.081  -12.940  -11.684  -11.362  -11.212   -9.854   -9.413   -8.992   -8.123   -7.565
   -6.136   -4.523   -3.555   -2.756   -2.367   -0.696   -0.323    2.487    3.021    3.517
    3.844    4.515    5.112    5.891    6.085
            0.394444  0.471503  0.000000
  -77.806  -49.328  -49.193  -48.981  -21.692  -21.673  -20.436  -19.890  -15.247  -15.024
  -13.016  -12.870  -11.693  -11.374  -11.214   -9.858   -9.373   -8.963   -8.124   -7.572
   -6.146   -4.509   -3.571   -2.749   -2.374   -0.731   -0.361    2.511    3.052    3.461
    3.770    4.524    5.123    5.900    6.110
            0.397222  0.466691  0.000000
  -77.806  -49.330  -49.189  -48.981  -21.704  -21.686  -20.440  -19.893  -15.275  -15.053
  -12.952  -12.801  -11.702  -11.387  -11.213   -9.862   -9.336   -8.930   -8.126   -7.578
   -6.157   -4.495   -3.587   -2.741   -2.381   -0.768   -0.401    2.533    3.083    3.411
    3.698    4.534    5.134    5.906    6.134
            0.400000  0.461880  0.000000
  -77.806  -49.332  -49.186  -48.982  -21.717  -21.699  -20.444  -19.897  -15.302  -15.081
  -12.888  -12.731  -11.709  -11.400  -11.210   -9.865   -9.304   -8.893   -8.128   -7.585
   -6.168   -4.482   -3.603   -2.733   -2.388   -0.806   -0.442    2.550    3.113    3.367
    3.630    4.544    5.145    5.910    6.157
            0.402778  0.457069  0.000000
  -77.806  -49.334  -49.183  -48.982  -21.730  -21.712  -20.448  -19.900  -15.329  -15.109
  -12.825  -12.662  -11.716  -11.413  -11.206   -9.867   -9.276   -8.853   -8.130   -7.592
   -6.178   -4.469   -3.619   -2.724   -2.397   -0.846   -0.486    2.561    3.138    3.331
    3.568    4.555    5.156    5.912    6.178
            0.405556  0.452258  0.000000
  -77.807  -49.335  -49.179  -48.982  -21.743  -21.724  -20.452  -19.903  -15.355  -15.136
  -12.764  -12.594  -11.720  -11.424  -11.202   -9.868   -9.252   -8.810   -8.131   -7.599
   -6.189   -4.456   -3.635   -2.716   -2.405   -0.888   -0.531    2.565    3.156    3.305
    3.516    4.567    5.167    5.911    6.199
            0.408333  0.447446  0.000000
  -77.807  -49.337  -49.176  -48.982  -21.756  -21.737  -20.457  -19.907  -15.381  -15.162
  -12.705  -12.527  -11.723  -11.434  -11.196   -9.868   -9.232   -8.764   -8.133   -7.607
   -6.199   -4.443   -3.651   -2.707   -2.415   -0.932   -0.577    2.560    3.163    3.290
    3.478    4.580    5.177    5.907    6.218
            0.411111  0.442635  0.000000
  -77.807  -49.339  -49.173  -48.982  -21.768  -21.750  -20.461  -19.910  -15.406  -15.187
  -12.649  -12.461  -11.723  -11.443  -11.191   -9.867   -9.214   -8.717   -8.135   -7.614
   -6.210   -4.430   -3.667   -2.698   -2.424   -0.977   -0.625    2.545    3.153    3.287
    3.460    4.594    5.187    5.901    6.236
            0.413889  0.437824  0.000000
  -77.807  -49.341  -49.170  -48.983  -21.781  -21.762  -20.466  -19.914  -15.430  -15.212
  -12.596  -12.398  -11.720  -11.449  -11.185   -9.865   -9.200   -8.667   -8.137   -7.622
   -6.220   -4.418   -3.683   -2.689   -2.434   -1.023   -0.673    2.521    3.124    3.294
    3.462    4.609    5.197    5.893    6.253
            0.416667  0.433013  0.000000
  -77.807  -49.343  -49.167  -48.983  -21.793  -21.774  -20.470  -19.917  -15.454  -15.235
  -12.547  -12.336  -11.713  -11.453  -11.179   -9.862   -9.188   -8.617   -8.138   -7.629
   -6.230   -4.406   -3.699   -2.680   -2.445   -1.070   -0.722    2.490    3.082    3.312
    3.480    4.625    5.207    5.883    6.268
            0.419444  0.428201  0.000000
  -77.807  -49.344  -49.164  -48.983  -21.805  -21.786  -20.475  -19.921  -15.477  -15.259
  -12.503  -12.277  -11.700  -11.454  -11.173   -9.859   -9.177   -8.566   -8.139   -7.637
   -6.240   -4.394   -3.715   -2.671   -2.455   -1.119   -0.771    2.453    3.032    3.336
    3.509    4.643    5.217    5.872    6.283
            0.422222  0.423390  0.000000
  -77.807  -49.346  -49.161  -48.983  -21.817  -21.798  -20.479  -19.925  -15.499  -15.281
  -12.464  -12.222  -11.683  -11.452  -11.166   -9.854   -9.168   -8.516   -8.140   -7.644
   -6.250   -4.382   -3.731   -2.663   -2.466   -1.168   -0.820    2.411    2.980    3.365
    3.543    4.661    5.227    5.859    6.296
            0.425000  0.418579  0.000000
  -77.808  -49.348  -49.158  -48.983  -21.828  -21.810  -20.484  -19.928  -15.520  -15.303
  -12.431  -12.171  -11.660  -11.447  -11.159   -9.849   -9.160   -8.466   -8.141   -7.652
   -6.260   -4.371   -3.746   -2.656   -2.475   -1.219   -0.870    2.366    2.926    3.397
    3.583    4.681    5.237    5.844    6.308
            0.427778  0.413768  0.000000
  -77.808  -49.349  -49.155  -48.984  -21.840  -21.821  -20.488  -19.932  -15.541  -15.324
  -12.403  -12.124  -11.631  -11.439  -11.152   -9.843   -9.154   -8.418   -8.140   -7.660
   -6.270   -4.361   -3.762   -2.651   -2.484   -1.270   -0.918    2.319    2.873    3.430
    3.627    4.703    5.247    5.828    6.318
            0.430556  0.408956  0.000000
  -77.808  -49.351  -49.152  -48.984  -21.851  -21.832  -20.493  -19.935  -15.561  -15.344
  -12.382  -12.082  -11.597  -11.427  -11.144   -9.837   -9.148   -8.372   -8.138   -7.667
   -6.280   -4.350   -3.777   -2.648   -2.490   -1.321   -0.966    2.272    2.820    3.463
    3.674    4.726    5.256    5.812    6.328
            0.433333  0.404145  0.000000
  -77.808  -49.352  -49.150  -48.984  -21.862  -21.843  -20.497  -19.939  -15.580  -15.363
  -12.366  -12.044  -11.559  -11.411  -11.135   -9.830   -9.142   -8.330   -8.133   -7.674
   -6.289   -4.340   -3.792   -2.649   -2.494   -1.373   -1.014    2.224    2.770    3.494
    3.724    4.750    5.266    5.795    6.336
            0.436111  0.399334  0.000000
  -77.808  -49.354  -49.147  -48.984  -21.872  -21.853  -20.501  -19.943  -15.599  -15.382
  -12.355  -12.012  -11.518  -11.390  -11.125   -9.823   -9.138   -8.294   -8.123   -7.681
   -6.299   -4.331   -3.807   -2.653   -2.495   -1.425   -1.060    2.176    2.720    3.523
    3.777    4.776    5.277    5.777    6.344
            0.438889  0.394523  0.000000
  -77.808  -49.355  -49.144  -48.984  -21.882  -21.863  -20.506  -19.946  -15.617  -15.400
  -12.348  -11.984  -11.477  -11.365  -11.114   -9.815   -9.133   -8.266   -8.108   -7.687
   -6.309   -4.322   -3.821   -2.661   -2.493   -1.477   -1.105    2.130    2.673    3.551
    3.831    4.804    5.288    5.759    6.350
            0.441667  0.389711  0.000000
  -77.808  -49.356  -49.142  -48.985  -21.892  -21.873  -20.510  -19.949  -15.634  -15.417
  -12.344  -11.961  -11.436  -11.335  -11.100   -9.806   -9.129   -8.247   -8.085   -7.692
   -6.318   -4.313   -3.835   -2.673   -2.488   -1.528   -1.149    2.084    2.627    3.576
    3.887    4.832    5.299    5.741    6.355
            0.444444  0.384900  0.000000
  -77.809  -49.357  -49.140  -48.985  -21.901  -21.882  -20.514  -19.953  -15.650  -15.433
  -12.344  -11.942  -11.400  -11.298  -11.084   -9.798   -9.125   -8.236   -8.056   -7.696
   -6.327   -4.305   -3.849   -2.688   -2.481   -1.579   -1.191    2.039    2.584    3.599
    3.943    4.862    5.310    5.723    6.359
            0.447222  0.380089  0.000000
  -77.809  -49.359  -49.137  -48.985  -21.910  -21.891  -20.518  -19.956  -15.666  -15.449
  -12.345  -11.926  -11.369  -11.256  -11.065   -9.789   -9.121   -8.231   -8.025   -7.699
   -6.337   -4.297   -3.862   -2.705   -2.472   -1.628   -1.232    1.997    2.543    3.620
    3.999    4.892    5.323    5.706    6.363
            0.450000  0.375278  0.000000
  -77.809  -49.360  -49.135  -48.985  -21.919  -21.900  -20.522  -19.959  -15.681  -15.463
  -12.348  -11.913  -11.343  -11.210  -11.042   -9.781   -9.118   -8.229   -7.994   -7.699
   -6.346   -4.290   -3.875   -2.723   -2.463   -1.676   -1.271    1.955    2.503    3.639
    4.055    4.924    5.336    5.690    6.365
            0.452778  0.370466  0.000000
  -77.809  -49.361  -49.133  -48.985  -21.927  -21.908  -20.525  -19.962  -15.695  -15.477
  -12.352  -11.903  -11.322  -11.161  -11.017   -9.772   -9.114   -8.229   -7.965   -7.696
   -6.355   -4.283   -3.888   -2.743   -2.454   -1.722   -1.309    1.916    2.466    3.656
    4.110    4.955    5.349    5.674    6.367
            0.455556  0.365655  0.000000
  -77.809  -49.362  -49.131  -48.985  -21.935  -21.916  -20.529  -19.965  -15.708  -15.491
  -12.358  -11.896  -11.305  -11.112  -10.989   -9.764   -9.111   -8.231   -7.940   -7.690
   -6.364   -4.276   -3.900   -2.763   -2.444   -1.765   -1.344    1.878    2.431    3.671
    4.163    4.987    5.363    5.660    6.367
            0.458333  0.360844  0.000000
  -77.809  -49.363  -49.129  -48.985  -21.942  -21.923  -20.532  -19.968  -15.720  -15.503
  -12.363  -11.890  -11.291  -11.064  -10.958   -9.755   -9.107   -8.233   -7.919   -7.680
   -6.373   -4.270   -3.912   -2.784   -2.436   -1.807   -1.378    1.842    2.398    3.685
    4.214    5.019    5.378    5.647    6.367
            0.461111  0.356033  0.000000
  -77.809  -49.364  -49.128  -48.986  -21.949  -21.930  -20.535  -19.970  -15.732  -15.515
  -12.369  -11.885  -11.280  -11.016  -10.926   -9.747   -9.103   -8.236   -7.904   -7.666
   -6.382   -4.265   -3.923   -2.805   -2.429   -1.845   -1.410    1.809    2.368    3.697
    4.263    5.051    5.393    5.637    6.367
            0.463889  0.351221  0.000000
  -77.809  -49.365  -49.126  -48.986  -21.956  -21.936  -20.538  -19.973  -15.743  -15.525
  -12.376  -11.881  -11.271  -10.971  -10.893   -9.739   -9.100   -8.240   -7.894   -7.648
   -6.390   -4.260   -3.934   -2.825   -2.423   -1.879   -1.441    1.777    2.339    3.708
    4.309    5.082    5.408    5.630    6.366
            0.466667  0.346410  0.000000
  -77.809  -49.365  -49.124  -48.986  -21.962  -21.942  -20.541  -19.975  -15.753  -15.535
  -12.382  -11.879  -11.264  -10.927  -10.860   -9.732   -9.096   -8.243   -7.888   -7.628
   -6.399   -4.255   -3.944   -2.846   -2.418   -1.910   -1.469    1.748    2.313    3.717
    4.352    5.112    5.422    5.625    6.364
            0.469444  0.341599  0.000000
  -77.809  -49.366  -49.123  -48.986  -21.967  -21.948  -20.544  -19.977  -15.762  -15.545
  -12.388  -11.877  -11.258  -10.886  -10.827   -9.725   -9.093   -8.247   -7.885   -7.606
   -6.407   -4.250   -3.953   -2.866   -2.416   -1.936   -1.496    1.721    2.289    3.726
    4.391    5.140    5.435    5.625    6.362
            0.472222  0.336788  0.000000
  -77.810  -49.367  -49.122  -48.986  -21.973  -21.953  -20.546  -19.979  -15.771  -15.553
  -12.393  -11.875  -11.254  -10.848  -10.795   -9.719   -9.089   -8.251   -7.884   -7.583
   -6.414   -4.246   -3.962   -2.884   -2.416   -1.959   -1.521    1.696    2.267    3.733
    4.427    5.167    5.447    5.629    6.360
            0.475000  0.331976  0.000000
  -77.810  -49.367  -49.120  -48.986  -21.977  -21.958  -20.548  -19.981  -15.778  -15.561
  -12.399  -11.874  -11.250  -10.813  -10.765   -9.713   -9.086   -8.255   -7.884   -7.561
   -6.422   -4.243   -3.970   -2.902   -2.417   -1.977   -1.543    1.673    2.247    3.739
    4.460    5.191    5.457    5.637    6.357
            0.477778  0.327165  0.000000
  -77.810  -49.368  -49.119  -48.986  -21.981  -21.962  -20.550  -19.983  -15.785  -15.568
  -12.404  -11.873  -11.248  -10.781  -10.737   -9.707   -9.083   -8.258   -7.885   -7.540
   -6.429   -4.239   -3.978   -2.919   -2.420   -1.991   -1.564    1.653    2.229    3.745
    4.488    5.212    5.465    5.649    6.354
            0.480556  0.322354  0.000000
  -77.810  -49.368  -49.118  -48.986  -21.985  -21.966  -20.552  -19.984  -15.791  -15.574
  -12.408  -11.873  -11.245  -10.753  -10.711   -9.703   -9.080   -8.262   -7.887   -7.521
   -6.435   -4.236   -3.984   -2.934   -2.425   -2.001   -1.583    1.635    2.213    3.749
    4.513    5.231    5.472    5.664    6.351
            0.483333  0.317543  0.000000
  -77.810  -49.369  -49.118  -48.986  -21.988  -21.969  -20.553  -19.986  -15.797  -15.579
  -12.413  -11.873  -11.244  -10.728  -10.688   -9.698   -9.077   -8.265   -7.889   -7.504
   -6.440   -4.234   -3.990   -2.947   -2.430   -2.008   -1.600    1.619    2.200    3.753
    4.535    5.246    5.478    5.680    6.348
            0.486111  0.312731  0.000000
  -77.810  -49.369  -49.117  -48.986  -21.991  -21.971  -20.555  -19.987  -15.801  -15.583
  -12.416  -11.872  -11.242  -10.707  -10.668   -9.695   -9.075   -8.267   -7.891   -7.488
   -6.445   -4.232   -3.995   -2.959   -2.436   -2.013   -1.614    1.606    2.188    3.757
    4.552    5.258    5.483    5.696    6.346
            0.488889  0.307920  0.000000
  -77.810  -49.369  -49.116  -48.986  -21.993  -21.974  -20.556  -19.988  -15.805  -15.587
  -12.419  -11.872  -11.241  -10.690  -10.651   -9.692   -9.073   -8.269   -7.893   -7.476
   -6.450   -4.230   -4.000   -2.969   -2.442   -2.016   -1.626    1.595    2.179    3.759
    4.567    5.268    5.488    5.711    6.343
            0.491667  0.303109  0.000000
  -77.810  -49.370  -49.116  -48.986  -21.995  -21.975  -20.557  -19.988  -15.808  -15.590
  -12.421  -11.872  -11.240  -10.676  -10.637   -9.690   -9.071   -8.271   -7.894   -7.466
   -6.453   -4.229   -4.003   -2.976   -2.447   -2.017   -1.636    1.586    2.172    3.761
    4.578    5.275    5.493    5.724    6.341
            0.494444  0.298298  0.000000
  -77.810  -49.370  -49.116  -48.986  -21.996  -21.977  -20.557  -19.989  -15.810  -15.592
  -12.423  -11.872  -11.240  -10.667  -10.628   -9.688   -9.070   -8.273   -7.896   -7.458
   -6.455   -4.228   -4.005   -2.982   -2.450   -2.018   -1.643    1.580    2.166    3.762
    4.585    5.279    5.496    5.734    6.340
            0.497222  0.293486  0.000000
  -77.810  -49.370  -49.115  -48.986  -21.997  -21.977  -20.558  -19.989  -15.811  -15.593
  -12.424  -11.872  -11.239  -10.661  -10.622   -9.687   -9.070   -8.273   -7.896   -7.454
   -6.457   -4.227   -4.007   -2.985   -2.453   -2.018   -1.647    1.577    2.163    3.763
    4.590    5.282    5.498    5.740    6.339
            0.500000  0.288675  0.000000
  -77.810  -49.370  -49.115  -48.986  -21.997  -21.978  -20.558  -19.989  -15.811  -15.593
  -12.424  -11.872  -11.239  -10.659  -10.620   -9.687   -9.069   -8.274   -7.897   -7.453
   -6.457   -4.227   -4.007   -2.986   -2.454   -2.018   -1.648    1.575    2.162    3.763
    4.592    5.283    5.499    5.742    6.339
            0.495000  0.285788  0.000000
  -77.810  -49.370  -49.115  -48.986  -21.999  -21.979  -20.558  -19.989  -15.810  -15.592
  -12.424  -11.871  -11.239  -10.659  -10.619   -9.687   -9.069   -8.274   -7.896   -7.453
   -6.457   -4.227   -4.007   -2.986   -2.452   -2.018   -1.648    1.576    2.163    3.763
    4.590    5.282    5.500    5.743    6.339
            0.490000  0.282902  0.000000
  -77.810  -49.370  -49.115  -48.987  -22.003  -21.983  -20.558  -19.988  -15.805  -15.587
  -12.426  -11.869  -11.238  -10.658  -10.619   -9.686   -9.068   -8.276   -7.896   -7.454
   -6.458   -4.226   -4.006   -2.985   -2.449   -2.019   -1.647    1.578    2.165    3.762
    4.586    5.280    5.501    5.744    6.339
            0.485000  0.280015  0.000000
  -77.810  -49.369  -49.115  -48.987  -22.010  -21.990  -20.558  -19.987  -15.797  -15.580
  -12.428  -11.864  -11.236  -10.656  -10.617   -9.685   -9.067   -8.280   -7.896   -7.456
   -6.459   -4.225   -4.005   -2.982   -2.443   -2.020   -1.646    1.580    2.168    3.760
    4.579    5.277    5.502    5.745    6.339
            0.480000  0.277128  0.000000
  -77.810  -49.369  -49.115  -48.987  -22.020  -22.000  -20.559  -19.986  -15.787  -15.569
  -12.430  -11.858  -11.234  -10.654  -10.615   -9.684   -9.065   -8.284   -7.896   -7.459
   -6.459   -4.223   -4.004   -2.979   -2.435   -2.021   -1.644    1.584    2.172    3.758
    4.570    5.272    5.505    5.747    6.339
            0.475000  0.274241  0.000000
  -77.810  -49.368  -49.115  -48.987  -22.033  -22.012  -20.560  -19.985  -15.773  -15.555
  -12.434  -11.851  -11.231  -10.652  -10.612   -9.683   -9.062   -8.290   -7.896   -7.462
   -6.461   -4.221   -4.002   -2.975   -2.425   -2.023   -1.641    1.589    2.177    3.755
    4.558    5.266    5.508    5.750    6.339
            0.470000  0.271355  0.000000
  -77.810  -49.367  -49.115  -48.987  -22.048  -22.027  -20.561  -19.983  -15.756  -15.539
  -12.438  -11.841  -11.227  -10.648  -10.609   -9.681   -9.059   -8.298   -7.895   -7.467
   -6.462   -4.218   -3.999   -2.971   -2.412   -2.025   -1.638    1.595    2.183    3.750
    4.543    5.259    5.512    5.753    6.340
            0.465000  0.268468  0.000000
  -77.810  -49.366  -49.114  -48.987  -22.066  -22.044  -20.562  -19.981  -15.737  -15.519
  -12.443  -11.830  -11.223  -10.644  -10.606   -9.678   -9.055   -8.306   -7.895   -7.472
   -6.464   -4.215   -3.996   -2.966   -2.398   -2.027   -1.634    1.602    2.191    3.746
    4.526    5.250    5.516    5.756    6.340
            0.460000  0.265581  0.000000
  -77.811  -49.365  -49.114  -48.987  -22.087  -22.064  -20.564  -19.979  -15.714  -15.496
  -12.448  -11.818  -11.218  -10.640  -10.601   -9.676   -9.051   -8.315   -7.894   -7.478
   -6.466   -4.211   -3.993   -2.960   -2.381   -2.030   -1.629    1.610    2.200    3.740
    4.507    5.240    5.521    5.760    6.340
            0.455000  0.262694  0.000000
  -77.811  -49.363  -49.114  -48.988  -22.109  -22.086  -20.566  -19.977  -15.689  -15.471
  -12.454  -11.804  -11.213  -10.635  -10.596   -9.672   -9.046   -8.326   -7.894   -7.485
   -6.468   -4.207   -3.990   -2.953   -2.362   -2.033   -1.624    1.619    2.209    3.734
    4.485    5.230    5.527    5.765    6.341
            0.450000  0.259808  0.000000
  -77.811  -49.362  -49.114  -48.988  -22.134  -22.110  -20.569  -19.975  -15.660  -15.443
  -12.461  -11.789  -11.207  -10.629  -10.591   -9.669   -9.041   -8.337   -7.894   -7.492
   -6.470   -4.202   -3.985   -2.947   -2.340   -2.036   -1.618    1.629    2.220    3.726
    4.460    5.218    5.533    5.770    6.341
            0.445000  0.256921  0.000000
  -77.811  -49.360  -49.113  -48.988  -22.161  -22.137  -20.572  -19.973  -15.629  -15.411
  -12.468  -11.773  -11.200  -10.623  -10.585   -9.664   -9.035   -8.349   -7.893   -7.500
   -6.473   -4.197   -3.981   -2.939   -2.317   -2.040   -1.610    1.641    2.232    3.718
    4.434    5.206    5.540    5.775    6.341
            0.440000  0.254034  0.000000
  -77.811  -49.359  -49.113  -48.989  -22.190  -22.165  -20.576  -19.971  -15.595  -15.377
  -12.475  -11.756  -11.193  -10.616  -10.578   -9.659   -9.028   -8.362   -7.893   -7.509
   -6.476   -4.191   -3.976   -2.932   -2.292   -2.044   -1.602    1.653    2.245    3.709
    4.405    5.193    5.547    5.781    6.341
            0.435000  0.251147  0.000000
  -77.812  -49.357  -49.112  -48.989  -22.221  -22.195  -20.581  -19.969  -15.559  -15.341
  -12.483  -11.737  -11.186  -10.608  -10.571   -9.654   -9.021   -8.375   -7.893   -7.519
   -6.479   -4.185   -3.971   -2.925   -2.264   -2.049   -1.593    1.666    2.259    3.699
    4.375    5.180    5.554    5.787    6.341
            0.430000  0.248261  0.000000
  -77.812  -49.354  -49.112  -48.989  -22.254  -22.227  -20.586  -19.968  -15.520  -15.301
  -12.491  -11.718  -11.178  -10.600  -10.563   -9.648   -9.013   -8.390   -7.892   -7.529
   -6.482   -4.178   -3.965   -2.917   -2.235   -2.054   -1.582    1.680    2.274    3.688
    4.342    5.166    5.562    5.794    6.341
            0.425000  0.245374  0.000000
  -77.812  -49.352  -49.111  -48.990  -22.288  -22.260  -20.593  -19.967  -15.478  -15.259
  -12.500  -11.697  -11.170  -10.592  -10.555   -9.641   -9.005   -8.404   -7.892   -7.540
   -6.485   -4.171   -3.960   -2.910   -2.203   -2.059   -1.571    1.696    2.289    3.675
    4.308    5.153    5.570    5.801    6.341
            0.420000  0.242487  0.000000
  -77.813  -49.350  -49.111  -48.990  -22.324  -22.295  -20.600  -19.966  -15.434  -15.214
  -12.509  -11.676  -11.161  -10.583  -10.546   -9.634   -8.996   -8.419   -7.892   -7.552
   -6.488   -4.163   -3.953   -2.903   -2.170   -2.065   -1.558    1.712    2.306    3.662
    4.272    5.139    5.578    5.808    6.341
            0.415000  0.239600  0.000000
  -77.813  -49.347  -49.110  -48.991  -22.361  -22.331  -20.608  -19.966  -15.388  -15.167
  -12.518  -11.654  -11.152  -10.573  -10.537   -9.626   -8.987   -8.435   -7.891   -7.564
   -6.491   -4.155   -3.947   -2.896   -2.135   -2.071   -1.543    1.729    2.323    3.648
    4.234    5.126    5.586    5.815    6.340
            0.410000  0.236714  0.000000
  -77.813  -49.345  -49.110  -48.991  -22.399  -22.368  -20.616  -19.966  -15.340  -15.118
  -12.528  -11.632  -11.143  -10.563  -10.527   -9.617   -8.977   -8.451   -7.891   -7.577
   -6.494   -4.147   -3.940   -2.890   -2.099   -2.077   -1.527    1.747    2.341    3.633
    4.195    5.113    5.594    5.823    6.339
            0.405000  0.233827  0.000000
  -77.814  -49.342  -49.109  -48.992  -22.439  -22.406  -20.626  -19.967  -15.289  -15.066
  -12.537  -11.609  -11.133  -10.552  -10.516   -9.607   -8.967   -8.467   -7.891   -7.591
   -6.497   -4.138   -3.933   -2.885   -2.084   -2.060   -1.510    1.765    2.360    3.617
    4.154    5.101    5.603    5.830    6.338
            0.400000  0.230940  0.000000
  -77.814  -49.339  -49.108  -48.992  -22.479  -22.446  -20.637  -19.968  -15.236  -15.011
  -12.548  -11.585  -11.123  -10.540  -10.505   -9.596   -8.956   -8.484   -7.890   -7.605
   -6.500   -4.128   -3.926   -2.880   -2.091   -2.020   -1.491    1.785    2.379    3.599
    4.112    5.089    5.611    5.837    6.337
            0.395000  0.228053  0.000000
  -77.815  -49.336  -49.108  -48.993  -22.520  -22.486  -20.648  -19.970  -15.181  -14.955
  -12.558  -11.561  -11.113  -10.528  -10.494   -9.584   -8.944   -8.500   -7.890   -7.620
   -6.503   -4.118   -3.918   -2.876   -2.099   -1.979   -1.470    1.805    2.398    3.581
    4.069    5.078    5.620    5.845    6.335
            0.390000  0.225167  0.000000
  -77.815  -49.333  -49.107  -48.994  -22.563  -22.528  -20.661  -19.972  -15.125  -14.896
  -12.569  -11.537  -11.102  -10.516  -10.482   -9.572   -8.932   -8.517   -7.889   -7.636
   -6.505   -4.108   -3.910   -2.872   -2.107   -1.936   -1.447    1.826    2.418    3.562
    4.025    5.068    5.628    5.852    6.332
            0.385000  0.222280  0.000000
  -77.816  -49.329  -49.106  -48.994  -22.605  -22.569  -20.674  -19.975  -15.066  -14.835
  -12.579  -11.513  -11.091  -10.503  -10.469   -9.558   -8.920   -8.534   -7.888   -7.652
   -6.508   -4.097   -3.902   -2.870   -2.115   -1.891   -1.423    1.848    2.438    3.543
    3.980    5.058    5.637    5.859    6.329
            0.380000  0.219393  0.000000
  -77.816  -49.326  -49.105  -48.995  -22.649  -22.612  -20.688  -19.978  -15.006  -14.772
  -12.590  -11.490  -11.079  -10.489  -10.456   -9.543   -8.907   -8.550   -7.887   -7.668
   -6.509   -4.086   -3.894   -2.869   -2.124   -1.845   -1.397    1.870    2.458    3.523
    3.935    5.050    5.645    5.866    6.325
            0.375000  0.216506  0.000000
  -77.817  -49.322  -49.104  -48.996  -22.693  -22.655  -20.703  -19.982  -14.945  -14.707
  -12.601  -11.466  -11.066  -10.475  -10.442   -9.528   -8.893   -8.567   -7.886   -7.685
   -6.511   -4.075   -3.886   -2.869   -2.133   -1.798   -1.369    1.893    2.477    3.502
    3.889    5.042    5.654    5.872    6.321
            0.370000  0.213620  0.000000
  -77.817  -49.319  -49.104  -48.996  -22.738  -22.699  -20.719  -19.987  -14.882  -14.640
  -12.613  -11.443  -11.053  -10.461  -10.428   -9.511   -8.879   -8.584   -7.885   -7.703
   -6.512   -4.063   -3.877   -2.869   -2.142   -1.750   -1.339    1.916    2.497    3.481
    3.842    5.035    5.663    5.878    6.316
            0.365000  0.210733  0.000000
  -77.818  -49.315  -49.103  -48.997  -22.783  -22.743  -20.736  -19.992  -14.818  -14.571
  -12.624  -11.421  -11.039  -10.446  -10.414   -9.493   -8.865   -8.601   -7.883   -7.721
   -6.513   -4.050   -3.868   -2.871   -2.152   -1.700   -1.307    1.939    2.515    3.460
    3.795    5.029    5.671    5.884    6.310
            0.360000  0.207846  0.000000
  -77.818  -49.311  -49.102  -48.998  -22.828  -22.787  -20.753  -19.998  -14.753  -14.501
  -12.635  -11.400  -11.024  -10.430  -10.399   -9.474   -8.850   -8.617   -7.882   -7.739
   -6.513   -4.038   -3.860   -2.874   -2.162   -1.650   -1.274    1.963    2.533    3.439
    3.748    5.024    5.680    5.889    6.303
            0.355000  0.204959  0.000000
  -77.819  -49.307  -49.101  -48.999  -22.874  -22.832  -20.772  -20.004  -14.687  -14.428
  -12.645  -11.380  -11.007  -10.414  -10.383   -9.454   -8.835   -8.634   -7.880   -7.758
   -6.512   -4.025   -3.851   -2.878   -2.173   -1.598   -1.239    1.986    2.550    3.419
    3.701    5.019    5.688    5.893    6.295
            0.350000  0.202073  0.000000
  -77.819  -49.303  -49.100  -48.999  -22.919  -22.877  -20.791  -20.011  -14.621  -14.355
  -12.656  -11.361  -10.989  -10.398  -10.368   -9.433   -8.819   -8.650   -7.877   -7.778
   -6.511   -4.011   -3.842   -2.884   -2.184   -1.545   -1.202    2.009    2.566    3.399
    3.654    5.015    5.696    5.896    6.286
            0.345000  0.199186  0.000000
  -77.820  -49.299  -49.099  -49.000  -22.965  -22.922  -20.810  -20.019  -14.554  -14.279
  -12.666  -11.344  -10.970  -10.381  -10.351   -9.411   -8.803   -8.667   -7.875   -7.797
   -6.509   -3.997   -3.833   -2.890   -2.195   -1.492   -1.164    2.032    2.579    3.380
    3.608    5.011    5.704    5.898    6.276
            0.340000  0.196299  0.000000
  -77.820  -49.295  -49.098  -49.001  -23.011  -22.967  -20.831  -20.027  -14.486  -14.202
  -12.675  -11.329  -10.949  -10.363  -10.335   -9.388   -8.786   -8.683   -7.872   -7.817
   -6.506   -3.983   -3.824   -2.897   -2.207   -1.438   -1.123    2.055    2.591    3.363
    3.562    5.008    5.712    5.899    6.265
            0.335000  0.193412  0.000000
  -77.821  -49.290  -49.097  -49.002  -23.057  -23.013  -20.852  -20.035  -14.419  -14.124
  -12.683  -11.316  -10.926  -10.345  -10.317   -9.363   -8.769   -8.699   -7.869   -7.838
   -6.503   -3.969   -3.814   -2.905   -2.219   -1.382   -1.082    2.077    2.600    3.347
    3.518    5.004    5.719    5.898    6.252
            0.330000  0.190526  0.000000
  -77.822  -49.286  -49.096  -49.003  -23.103  -23.058  -20.873  -20.044  -14.352  -14.044
  -12.691  -11.305  -10.901  -10.327  -10.300   -9.338   -8.751   -8.715   -7.865   -7.858
   -6.499   -3.954   -3.805   -2.914   -2.231   -1.326   -1.039    2.098    2.606    3.333
    3.474    5.001    5.726    5.897    6.238
            0.325000  0.187639  0.000000
  -77.822  -49.281  -49.095  -49.004  -23.149  -23.103  -20.895  -20.054  -14.286  -13.963
  -12.697  -11.295  -10.874  -10.308  -10.282   -9.312   -8.733   -8.731   -7.879   -7.861
   -6.493   -3.939   -3.796   -2.924   -2.244   -1.270   -0.994    2.118    2.609    3.320
    3.433    4.997    5.732    5.893    6.222
            0.320000  0.184752  0.000000
  -77.823  -49.277  -49.094  -49.004  -23.195  -23.148  -20.918  -20.063  -14.220  -13.881
  -12.701  -11.288  -10.846  -10.289  -10.264   -9.286   -8.746   -8.715   -7.900   -7.857
   -6.487   -3.924   -3.787   -2.935   -2.258   -1.212   -0.949    2.137    2.609    3.307
    3.396    4.993    5.737    5.889    6.204
            0.315000  0.181865  0.000000
  -77.824  -49.272  -49.093  -49.005  -23.241  -23.193  -20.941  -20.074  -14.156  -13.798
  -12.703  -11.282  -10.817  -10.270  -10.245   -9.258   -8.761   -8.696   -7.922   -7.852
   -6.480   -3.908   -3.778   -2.947   -2.271   -1.154   -0.902    2.153    2.605    3.292
    3.365    4.988    5.740    5.882    6.185
            0.310000  0.178979  0.000000
  -77.824  -49.267  -49.092  -49.006  -23.286  -23.238  -20.965  -20.084  -14.094  -13.714
  -12.703  -11.278  -10.786  -10.250  -10.226   -9.230   -8.776   -8.677   -7.943   -7.847
   -6.472   -3.892   -3.768   -2.959   -2.285   -1.096   -0.853    2.168    2.598    3.270
    3.345    4.981    5.742    5.874    6.164
            0.305000  0.176092  0.000000
  -77.825  -49.262  -49.091  -49.007  -23.332  -23.283  -20.989  -20.095  -14.035  -13.628
  -12.700  -11.275  -10.753  -10.230  -10.206   -9.202   -8.791   -8.658   -7.965   -7.842
   -6.463   -3.876   -3.759   -2.972   -2.299   -1.037   -0.804    2.181    2.588    3.242
    3.336    4.974    5.742    5.863    6.141
            0.300000  0.173205  0.000000
  -77.826  -49.257  -49.090  -49.008  -23.377  -23.327  -21.013  -20.106  -13.979  -13.542
  -12.693  -11.274  -10.720  -10.209  -10.187   -9.174   -8.805   -8.638   -7.987   -7.836
   -6.453   -3.859   -3.750   -2.985   -2.314   -0.978   -0.754    2.191    2.575    3.212
    3.334    4.964    5.739    5.851    6.116
            0.295000  0.170318  0.000000
  -77.826  -49.253  -49.088  -49.009  -23.422  -23.371  -21.038  -20.118  -13.926  -13.455
  -12.682  -11.273  -10.685  -10.188  -10.167   -9.145   -8.818   -8.618   -8.009   -7.830
   -6.441   -3.843   -3.741   -2.999   -2.329   -0.918   -0.703    2.197    2.559    3.181
    3.336    4.953    5.733    5.836    6.089
            0.290000  0.167432  0.000000
  -77.827  -49.248  -49.087  -49.010  -23.466  -23.415  -21.062  -20.130  -13.878  -13.367
  -12.666  -11.274  -10.650  -10.167  -10.146   -9.118   -8.829   -8.598   -8.031   -7.823
   -6.429   -3.826   -3.732   -3.014   -2.345   -0.859   -0.652    2.201    2.541    3.153
    3.340    4.939    5.724    5.819    6.059
            0.285000  0.164545  0.000000
  -77.828  -49.243  -49.086  -49.011  -23.510  -23.458  -21.087  -20.142  -13.834  -13.278
  -12.645  -11.276  -10.614  -10.145  -10.126   -9.091   -8.840   -8.577   -8.054   -7.816
   -6.416   -3.809   -3.723   -3.029   -2.360   -0.798   -0.600    2.201    2.520    3.127
    3.346    4.922    5.710    5.799    6.028
            0.280000  0.161658  0.000000
  -77.828  -49.238  -49.085  -49.012  -23.554  -23.501  -21.113  -20.154  -13.796  -13.189
  -12.618  -11.279  -10.577  -10.123  -10.105   -9.067   -8.847   -8.556   -8.076   -7.808
   -6.402   -3.792   -3.713   -3.044   -2.376   -0.738   -0.547    2.198    2.498    3.104
    3.353    4.902    5.692    5.777    5.994
            0.275000  0.158771  0.000000
  -77.829  -49.232  -49.084  -49.013  -23.597  -23.544  -21.138  -20.167  -13.763  -13.099
  -12.586  -11.283  -10.539  -10.101  -10.084   -9.047   -8.851   -8.535   -8.098   -7.800
   -6.387   -3.774   -3.704   -3.059   -2.393   -0.678   -0.494    2.191    2.474    3.084
    3.361    4.879    5.670    5.753    5.959
            0.270000  0.155885  0.000000
  -77.830  -49.227  -49.083  -49.014  -23.640  -23.586  -21.164  -20.180  -13.737  -13.009
  -12.547  -11.287  -10.501  -10.079  -10.062   -9.032   -8.848   -8.514   -8.120   -7.791
   -6.370   -3.757   -3.695   -3.075   -2.409   -0.618   -0.440    2.181    2.448    3.066
    3.368    4.852    5.643    5.726    5.921
            0.265000  0.152998  0.000000
  -77.830  -49.222  -49.081  -49.015  -23.682  -23.627  -21.190  -20.192  -13.716  -12.918
  -12.502  -11.292  -10.462  -10.056  -10.041   -9.023   -8.839   -8.493   -8.142   -7.782
   -6.353   -3.739   -3.686   -3.091   -2.426   -0.558   -0.387    2.168    2.421    3.052
    3.375    4.822    5.611    5.697    5.880
            0.260000  0.150111  0.000000
  -77.831  -49.217  -49.080  -49.016  -23.724  -23.669  -21.215  -20.205  -13.700  -12.827
  -12.452  -11.297  -10.423  -10.034  -10.019   -9.022   -8.823   -8.471   -8.164   -7.772
   -6.335   -3.721   -3.677   -3.106   -2.444   -0.499   -0.334    2.152    2.394    3.040
    3.380    4.788    5.576    5.665    5.838
            0.255000  0.147224  0.000000
  -77.832  -49.212  -49.079  -49.017  -23.765  -23.709  -21.241  -20.219  -13.690  -12.736
  -12.396  -11.303  -10.384  -10.011   -9.997   -9.026   -8.801   -8.450   -8.186   -7.763
   -6.316   -3.703   -3.668   -3.122   -2.461   -0.440   -0.280    2.134    2.365    3.031
    3.385    4.750    5.538    5.630    5.794
            0.250000  0.144338  0.000000
  -77.833  -49.207  -49.078  -49.018  -23.806  -23.749  -21.267  -20.232  -13.684  -12.644
  -12.336  -11.309  -10.344   -9.987   -9.975   -9.034   -8.775   -8.429   -8.207   -7.752
   -6.296   -3.685   -3.659   -3.138   -2.479   -0.381   -0.228    2.115    2.335    3.024
    3.388    4.709    5.497    5.593    5.748
            0.245000  0.141451  0.000000
  -77.833  -49.202  -49.077  -49.019  -23.846  -23.789  -21.293  -20.245  -13.683  -12.553
  -12.271  -11.315  -10.304   -9.964   -9.952   -9.044   -8.747   -8.408   -8.227   -7.741
   -6.276   -3.667   -3.650   -3.153   -2.497   -0.323   -0.175    2.094    2.305    3.018
    3.390    4.664    5.454    5.554    5.700
            0.240000  0.138564  0.000000
  -77.834  -49.196  -49.076  -49.020  -23.886  -23.828  -21.318  -20.258  -13.685  -12.461
  -12.202  -11.322  -10.263   -9.941   -9.930   -9.056   -8.718   -8.389   -8.246   -7.730
   -6.254   -3.649   -3.641   -3.169   -2.516   -0.266   -0.124    2.072    2.276    3.013
    3.389    4.616    5.411    5.513    5.650
            0.235000  0.135677  0.000000
  -77.835  -49.191  -49.074  -49.021  -23.925  -23.867  -21.344  -20.272  -13.690  -12.370
  -12.130  -11.328  -10.223   -9.917   -9.907   -9.070   -8.687   -8.372   -8.262   -7.718
   -6.232   -3.632   -3.631   -3.184   -2.534   -0.211   -0.073    2.050    2.246    3.008
    3.387    4.565    5.366    5.469    5.599
            0.230000  0.132791  0.000000
  -77.835  -49.186  -49.073  -49.022  -23.964  -23.905  -21.369  -20.285  -13.698  -12.279
  -12.056  -11.334  -10.182   -9.893   -9.885   -9.084   -8.656   -8.361   -8.272   -7.706
   -6.209   -3.623   -3.613   -3.198   -2.553   -0.157   -0.024    2.029    2.216    3.004
    3.382    4.511    5.321    5.424    5.546
            0.225000  0.129904  0.000000
  -77.836  -49.181  -49.072  -49.023  -24.001  -23.942  -21.395  -20.298  -13.708  -12.189
  -11.979  -11.340  -10.142   -9.870   -9.862   -9.099   -8.624   -8.360   -8.271   -7.694
   -6.186   -3.614   -3.595   -3.213   -2.572   -0.104    0.024    2.008    2.188    3.000
    3.375    4.455    5.276    5.377    5.492
            0.220000  0.127017  0.000000
  -77.837  -49.176  -49.071  -49.023  -24.039  -23.978  -21.420  -20.311  -13.720  -12.100
  -11.900  -11.345  -10.101   -9.846   -9.839   -9.113   -8.593   -8.369   -8.260   -7.681
   -6.162   -3.605   -3.577   -3.227   -2.591   -0.054    0.071    1.988    2.160    2.996
    3.366    4.397    5.232    5.328    5.437
            0.215000  0.124130  0.000000
  -77.837  -49.171  -49.070  -49.024  -24.075  -24.014  -21.445  -20.325  -13.734  -12.013
  -11.820  -11.348  -10.061   -9.822   -9.817   -9.129   -8.562   -8.384   -8.243   -7.668
   -6.138   -3.596   -3.559   -3.240   -2.611   -0.006    0.115    1.970    2.134    2.991
    3.354    4.337    5.188    5.277    5.380
            0.210000  0.121244  0.000000
  -77.838  -49.166  -49.069  -49.025  -24.111  -24.050  -21.469  -20.338  -13.749  -11.928
  -11.738  -11.350  -10.020   -9.799   -9.794   -9.144   -8.531   -8.402   -8.223   -7.655
   -6.114   -3.586   -3.541   -3.253   -2.630    0.039    0.158    1.954    2.110    2.985
    3.340    4.275    5.145    5.226    5.323
            0.205000  0.118357  0.000000
  -77.839  -49.161  -49.067  -49.026  -24.146  -24.084  -21.494  -20.351  -13.765  -11.846
  -11.656  -11.348   -9.979   -9.775   -9.771   -9.159   -8.500   -8.420   -8.202   -7.642
   -6.089   -3.577   -3.523   -3.265   -2.650    0.081    0.198    1.940    2.088    2.978
    3.324    4.212    5.102    5.173    5.265
            0.200000  0.115470  0.000000
  -77.840  -49.156  -49.066  -49.027  -24.181  -24.118  -21.518  -20.364  -13.782  -11.769
  -11.573  -11.342   -9.939   -9.752   -9.748   -9.174   -8.470   -8.440   -8.180   -7.629
   -6.064   -3.567   -3.505   -3.276   -2.670    0.119    0.235    1.929    2.068    2.971
    3.305    4.148    5.061    5.119    5.206
            0.195000  0.112583  0.000000
  -77.840  -49.151  -49.065  -49.028  -24.214  -24.152  -21.542  -20.377  -13.799  -11.701
  -11.489  -11.328   -9.899   -9.729   -9.724   -9.189   -8.459   -8.440   -8.157   -7.615
   -6.039   -3.557   -3.488   -3.287   -2.690    0.153    0.269    1.922    2.051    2.962
    3.285    4.083    5.020    5.064    5.147
            0.190000  0.109697  0.000000
  -77.841  -49.146  -49.064  -49.029  -24.247  -24.184  -21.565  -20.389  -13.817  -11.644
  -11.404  -11.303   -9.859   -9.707   -9.701   -9.204   -8.478   -8.410   -8.135   -7.602
   -6.014   -3.547   -3.470   -3.297   -2.710    0.182    0.300    1.918    2.038    2.953
    3.262    4.018    4.980    5.009    5.088
            0.185000  0.106810  0.000000
  -77.842  -49.141  -49.063  -49.030  -24.280  -24.216  -21.588  -20.402  -13.836  -11.603
  -11.320  -11.264   -9.819   -9.684   -9.678   -9.219   -8.497   -8.382   -8.112   -7.588
   -5.988   -3.537   -3.453   -3.306   -2.730    0.206    0.328    1.918    2.027    2.943
    3.238    3.952    4.941    4.953    5.028
            0.180000  0.103923  0.000000
  -77.842  -49.136  -49.062  -49.031  -24.311  -24.247  -21.611  -20.414  -13.855  -11.576
  -11.237  -11.209   -9.780   -9.662   -9.655   -9.234   -8.516   -8.354   -8.089   -7.575
   -5.963   -3.527   -3.436   -3.314   -2.750    0.225    0.352    1.922    2.021    2.932
    3.213    3.887    4.897    4.903    4.969
            0.175000  0.101036  0.000000
  -77.843  -49.132  -49.061  -49.032  -24.342  -24.277  -21.633  -20.426  -13.874  -11.561
  -11.156  -11.141   -9.741   -9.640   -9.631   -9.248   -8.535   -8.326   -8.066   -7.562
   -5.938   -3.516   -3.419   -3.321   -2.770    0.239    0.372    1.930    2.019    2.920
    3.187    3.822    4.841    4.866    4.909
            0.170000  0.098150  0.000000
  -77.843  -49.127  -49.060  -49.033  -24.372  -24.307  -21.655  -20.438  -13.893  -11.554
  -11.080  -11.061   -9.702   -9.619   -9.609   -9.262   -8.553   -8.299   -8.044   -7.550
   -5.914   -3.505   -3.402   -3.327   -2.790    0.247    0.388    1.942    2.021    2.907
    3.159    3.757    4.784    4.830    4.851
            0.165000  0.095263  0.000000
  -77.844  -49.122  -49.059  -49.033  -24.401  -24.336  -21.677  -20.450  -13.912  -11.552
  -11.003  -10.978   -9.664   -9.597   -9.586   -9.275   -8.571   -8.273   -8.021   -7.538
   -5.889   -3.495   -3.386   -3.332   -2.810    0.250    0.400    1.957    2.027    2.894
    3.131    3.693    4.728    4.792    4.794
            0.160000  0.092376  0.000000
  -77.845  -49.118  -49.058  -49.034  -24.430  -24.364  -21.698  -20.461  -13.932  -11.553
  -10.925  -10.894   -9.627   -9.576   -9.563   -9.288   -8.589   -8.247   -7.999   -7.526
   -5.865   -3.483   -3.370   -3.336   -2.829    0.247    0.407    1.975    2.038    2.881
    3.103    3.630    4.673    4.734    4.759
            0.155000  0.089489  0.000000
  -77.845  -49.114  -49.057  -49.035  -24.458  -24.391  -21.718  -20.473  -13.951  -11.557
  -10.846  -10.811   -9.590   -9.556   -9.541   -9.300   -8.606   -8.222   -7.977   -7.515
   -5.842   -3.472   -3.354   -3.339   -2.849    0.240    0.409    1.997    2.053    2.867
    3.075    3.569    4.617    4.677    4.724
            0.150000  0.086603  0.000000
  -77.846  -49.109  -49.056  -49.036  -24.484  -24.417  -21.739  -20.484  -13.970  -11.562
  -10.768  -10.728   -9.554   -9.535   -9.519   -9.311   -8.623   -8.198   -7.955   -7.504
   -5.819   -3.461   -3.341   -3.338   -2.869    0.229    0.408    2.020    2.071    2.853
    3.047    3.509    4.563    4.620    4.689
            0.145000  0.083716  0.000000
  -77.846  -49.105  -49.055  -49.037  -24.510  -24.443  -21.758  -20.494  -13.988  -11.567
  -10.690  -10.645   -9.520   -9.515   -9.498   -9.321   -8.639   -8.174   -7.934   -7.495
   -5.797   -3.450   -3.341   -3.323   -2.888    0.213    0.402    2.045    2.093    2.840
    3.021    3.451    4.509    4.564    4.655
            0.140000  0.080829  0.000000
  -77.847  -49.101  -49.054  -49.037  -24.536  -24.468  -21.777  -20.505  -14.007  -11.573
  -10.614  -10.563   -9.496   -9.488   -9.477   -9.329   -8.655   -8.151   -7.912   -7.486
   -5.775   -3.438   -3.340   -3.308   -2.907    0.194    0.392    2.071    2.117    2.826
    2.996    3.396    4.456    4.510    4.621
            0.135000  0.077942  0.000000
  -77.848  -49.097  -49.053  -49.038  -24.560  -24.492  -21.796  -20.515  -14.025  -11.580
  -10.539  -10.482   -9.477   -9.459   -9.456   -9.333   -8.670   -8.128   -7.891   -7.478
   -5.754   -3.427   -3.338   -3.293   -2.926    0.172    0.379    2.098    2.143    2.812
    2.973    3.344    4.403    4.456    4.587
            0.130000  0.075056  0.000000
  -77.848  -49.093  -49.052  -49.039  -24.584  -24.515  -21.814  -20.525  -14.042  -11.587
  -10.465  -10.402   -9.458   -9.436   -9.435   -9.332   -8.685   -8.106   -7.871   -7.470
   -5.734   -3.416   -3.334   -3.279   -2.944    0.147    0.362    2.124    2.169    2.799
    2.952    3.296    4.352    4.404    4.554
            0.125000  0.072169  0.000000
  -77.849  -49.089  -49.051  -49.040  -24.606  -24.538  -21.831  -20.535  -14.060  -11.594
  -10.394  -10.324   -9.440   -9.420   -9.416   -9.322   -8.700   -8.085   -7.851   -7.464
   -5.714   -3.405   -3.328   -3.265   -2.963    0.119    0.343    2.150    2.195    2.784
    2.936    3.253    4.302    4.353    4.520
            0.120000  0.069282  0.000000
  -77.849  -49.086  -49.051  -49.040  -24.628  -24.559  -21.848  -20.544  -14.076  -11.601
  -10.324  -10.246   -9.422   -9.414   -9.396   -9.304   -8.713   -8.064   -7.831   -7.459
   -5.695   -3.395   -3.321   -3.252   -2.980    0.090    0.321    2.175    2.219    2.768
    2.925    3.215    4.254    4.303    4.487
            0.115000  0.066395  0.000000
  -77.850  -49.082  -49.050  -49.041  -24.649  -24.580  -21.864  -20.553  -14.093  -11.607
  -10.258  -10.170   -9.413   -9.405   -9.377   -9.279   -8.727   -8.044   -7.812   -7.455
   -5.678   -3.385   -3.313   -3.239   -2.998    0.059    0.297    2.198    2.240    2.750
    2.919    3.185    4.206    4.255    4.453
            0.110000  0.063509  0.000000
  -77.850  -49.079  -49.049  -49.042  -24.670  -24.600  -21.880  -20.561  -14.109  -11.614
  -10.193  -10.095   -9.414   -9.389   -9.359   -9.252   -8.739   -8.024   -7.793   -7.452
   -5.661   -3.376   -3.303   -3.226   -3.015    0.026    0.272    2.218    2.258    2.729
    2.920    3.162    4.160    4.208    4.420
            0.105000  0.060622  0.000000
  -77.850  -49.076  -49.048  -49.042  -24.689  -24.619  -21.895  -20.570  -14.124  -11.621
  -10.132  -10.023   -9.416   -9.373   -9.341   -9.224   -8.752   -8.005   -7.775   -7.450
   -5.645   -3.366   -3.292   -3.215   -3.031   -0.007    0.245    2.234    2.273    2.705
    2.926    3.148    4.116    4.163    4.386
            0.100000  0.057735  0.000000
  -77.851  -49.072  -49.048  -49.043  -24.707  -24.637  -21.909  -20.578  -14.139  -11.627
  -10.074   -9.951   -9.417   -9.358   -9.324   -9.196   -8.763   -7.986   -7.757   -7.450
   -5.630   -3.357   -3.279   -3.203   -3.047   -0.041    0.217    2.247    2.283    2.679
    2.939    3.144    4.073    4.120    4.353
            0.095000  0.054848  0.000000
  -77.851  -49.069  -49.047  -49.043  -24.725  -24.654  -21.923  -20.585  -14.153  -11.634
  -10.020   -9.882   -9.418   -9.343   -9.308   -9.169   -8.774   -7.968   -7.741   -7.450
   -5.615   -3.348   -3.267   -3.192   -3.063   -0.075    0.189    2.256    2.290    2.650
    2.956    3.150    4.032    4.078    4.319
            0.090000  0.051962  0.000000
  -77.852  -49.066  -49.046  -49.044  -24.742  -24.671  -21.936  -20.593  -14.166  -11.640
   -9.970   -9.815   -9.416   -9.329   -9.292   -9.142   -8.784   -7.950   -7.724   -7.452
   -5.602   -3.339   -3.253   -3.182   -3.077   -0.110    0.160    2.261    2.293    2.620
    2.979    3.164    3.992    4.038    4.285
            0.085000  0.049075  0.000000
  -77.852  -49.064  -49.046  -49.044  -24.757  -24.686  -21.949  -20.600  -14.179  -11.646
   -9.924   -9.751   -9.412   -9.316   -9.277   -9.115   -8.794   -7.933   -7.709   -7.454
   -5.590   -3.331   -3.239   -3.173   -3.091   -0.144    0.131    2.263    2.292    2.589
    3.005    3.185    3.955    4.000    4.252
            0.080000  0.046188  0.000000
  -77.852  -49.061  -49.045  -49.045  -24.772  -24.701  -21.961  -20.606  -14.192  -11.651
   -9.884   -9.688   -9.406   -9.303   -9.263   -9.090   -8.803   -7.916   -7.694   -7.458
   -5.579   -3.322   -3.225   -3.165   -3.103   -0.178    0.102    2.262    2.289    2.558
    3.035    3.212    3.919    3.964    4.218
            0.075000  0.043301  0.000000
  -77.853  -49.059  -49.045  -49.044  -24.786  -24.715  -21.972  -20.612  -14.203  -11.657
   -9.848   -9.629   -9.397   -9.292   -9.249   -9.066   -8.812   -7.900   -7.679   -7.463
   -5.568   -3.313   -3.211   -3.160   -3.113   -0.211    0.074    2.258    2.284    2.526
    3.069    3.244    3.885    3.930    4.185
            0.070000  0.040415  0.000000
  -77.853  -49.056  -49.046  -49.044  -24.800  -24.728  -21.982  -20.618  -14.214  -11.662
   -9.817   -9.572   -9.385   -9.281   -9.236   -9.042   -8.820   -7.884   -7.666   -7.468
   -5.559   -3.304   -3.197   -3.158   -3.119   -0.243    0.046    2.252    2.277    2.496
    3.104    3.279    3.853    3.898    4.151
            0.065000  0.037528  0.000000
  -77.853  -49.054  -49.046  -49.043  -24.812  -24.740  -21.992  -20.624  -14.224  -11.666
   -9.792   -9.517   -9.371   -9.270   -9.224   -9.020   -8.827   -7.869   -7.653   -7.475
   -5.550   -3.295   -3.183   -3.161   -3.120   -0.275    0.019    2.245    2.269    2.468
    3.142    3.316    3.823    3.868    4.117
            0.060000  0.034641  0.000000
  -77.854  -49.052  -49.046  -49.043  -24.823  -24.751  -22.001  -20.629  -14.234  -11.671
   -9.771   -9.466   -9.355   -9.261   -9.212   -8.999   -8.834   -7.854   -7.642   -7.482
   -5.542   -3.287   -3.170   -3.167   -3.116   -0.304   -0.006    2.237    2.261    2.441
    3.181    3.355    3.795    3.840    4.084
            0.055000  0.031754  0.000000
  -77.854  -49.050  -49.047  -49.043  -24.834  -24.761  -22.009  -20.633  -14.243  -11.675
   -9.755   -9.419   -9.337   -9.252   -9.202   -8.980   -8.840   -7.840   -7.631   -7.490
   -5.535   -3.278   -3.175   -3.157   -3.112   -0.333   -0.031    2.227    2.252    2.416
    3.221    3.394    3.769    3.814    4.050
            0.050000  0.028868  0.000000
  -77.854  -49.049  -49.047  -49.042  -24.843  -24.771  -22.017  -20.638  -14.251  -11.679
   -9.742   -9.374   -9.318   -9.244   -9.192   -8.962   -8.845   -7.826   -7.620   -7.499
   -5.529   -3.270   -3.184   -3.145   -3.107   -0.359   -0.054    2.218    2.242    2.393
    3.262    3.432    3.745    3.790    4.016
            0.045000  0.025981  0.000000
  -77.854  -49.047  -49.047  -49.042  -24.852  -24.779  -22.024  -20.641  -14.258  -11.682
   -9.732   -9.334   -9.299   -9.237   -9.184   -8.945   -8.850   -7.813   -7.611   -7.508
   -5.523   -3.263   -3.192   -3.133   -3.102   -0.384   -0.075    2.209    2.233    2.373
    3.303    3.470    3.724    3.768    3.982
            0.040000  0.023094  0.000000
  -77.854  -49.048  -49.046  -49.042  -24.860  -24.787  -22.030  -20.645  -14.265  -11.685
   -9.724   -9.300   -9.278   -9.231   -9.176   -8.930   -8.854   -7.800   -7.603   -7.518
   -5.518   -3.256   -3.199   -3.122   -3.097   -0.407   -0.095    2.199    2.224    2.355
    3.344    3.506    3.704    3.749    3.948
            0.035000  0.020207  0.000000
  -77.855  -49.048  -49.044  -49.041  -24.866  -24.794  -22.036  -20.648  -14.271  -11.688
   -9.719   -9.274   -9.253   -9.225   -9.169   -8.916   -8.858   -7.788   -7.596   -7.527
   -5.514   -3.250   -3.206   -3.113   -3.093   -0.427   -0.112    2.190    2.215    2.340
    3.385    3.539    3.687    3.732    3.914
            0.030000  0.017321  0.000000
  -77.855  -49.048  -49.043  -49.041  -24.872  -24.799  -22.041  -20.651  -14.276  -11.690
   -9.715   -9.255   -9.227   -9.220   -9.163   -8.904   -8.861   -7.776   -7.589   -7.537
   -5.510   -3.244   -3.211   -3.104   -3.089   -0.445   -0.128    2.182    2.207    2.327
    3.426    3.569    3.672    3.717    3.880
            0.025000  0.014434  0.000000
  -77.855  -49.048  -49.042  -49.041  -24.877  -24.804  -22.045  -20.653  -14.280  -11.692
   -9.712   -9.241   -9.216   -9.203   -9.157   -8.894   -8.864   -7.766   -7.584   -7.546
   -5.508   -3.239   -3.216   -3.096   -3.086   -0.461   -0.141    2.174    2.200    2.317
    3.466    3.597    3.660    3.704    3.845
            0.020000  0.011547  0.000000
  -77.855  -49.048  -49.042  -49.041  -24.882  -24.808  -22.048  -20.655  -14.284  -11.694
   -9.709   -9.229   -9.213   -9.182   -9.153   -8.885   -8.866   -7.756   -7.579   -7.554
   -5.505   -3.235   -3.221   -3.090   -3.083   -0.473   -0.152    2.168    2.195    2.308
    3.506    3.620    3.649    3.693    3.811
            0.015000  0.008660  0.000000
  -77.855  -49.049  -49.041  -49.040  -24.885  -24.812  -22.050  -20.656  -14.286  -11.695
   -9.708   -9.219   -9.211   -9.166   -9.150   -8.878   -8.868   -7.749   -7.576   -7.561
   -5.503   -3.232   -3.224   -3.085   -3.081   -0.483   -0.161    2.162    2.190    2.302
    3.544    3.638    3.641    3.685    3.776
            0.010000  0.005774  0.000000
  -77.855  -49.049  -49.041  -49.040  -24.887  -24.814  -22.052  -20.657  -14.288  -11.696
   -9.707   -9.213   -9.209   -9.155   -9.147   -8.874   -8.869   -7.743   -7.573   -7.567
   -5.502   -3.229   -3.226   -3.082   -3.080   -0.491   -0.167    2.158    2.187    2.297
    3.581    3.635    3.653    3.680    3.741
            0.005000  0.002887  0.000000
  -77.855  -49.049  -49.040  -49.040  -24.888  -24.815  -22.053  -20.658  -14.289  -11.697
   -9.707   -9.209   -9.208   -9.148   -9.146   -8.871   -8.870   -7.739   -7.572   -7.570
   -5.501   -3.228   -3.227   -3.079   -3.079   -0.495   -0.171    2.156    2.185    2.295
    3.614    3.632    3.663    3.676    3.707
            0.000000  0.000000  0.000000
  -77.855  -49.049  -49.040  -49.040  -24.889  -24.816  -22.054  -20.658  -14.290  -11.697
   -9.706   -9.207   -9.207   -9.146   -9.145   -8.870   -8.870   -7.737   -7.572   -7.571
   -5.501   -3.228   -3.227   -3.079   -3.079   -0.497   -0.172    2.155    2.184    2.294
    3.630    3.631    3.675    3.675    3.682
