 &plot nbnd=  35, nks=   261 /
            0.000000  0.000000  0.000000
  -78.017  -49.270  -49.154  -49.154  -25.568  -25.493  -22.636  -21.267  -14.888  -12.356
  -10.273   -9.199   -9.199   -9.050   -9.050   -8.953   -8.953   -8.274   -7.714   -7.714
   -5.891   -3.228   -3.227   -3.135   -3.135   -0.147    0.217    2.457    2.503    2.873
    4.019    4.334    4.334    4.354    4.354
            0.003333  0.005774  0.000000
  -78.017  -49.270  -49.154  -49.154  -25.567  -25.492  -22.635  -21.267  -14.888  -12.356
  -10.273   -9.201   -9.199   -9.053   -9.050   -8.955   -8.953   -8.274   -7.714   -7.714
   -5.891   -3.228   -3.227   -3.136   -3.135   -0.145    0.219    2.458    2.503    2.875
    4.016    4.336    4.337    4.349    4.356
            0.006667  0.011547  0.000000
  -78.017  -49.270  -49.154  -49.154  -25.565  -25.490  -22.634  -21.266  -14.886  -12.355
  -10.273   -9.206   -9.199   -9.064   -9.052   -8.961   -8.954   -8.274   -7.717   -7.713
   -5.892   -3.230   -3.225   -3.139   -3.136   -0.140    0.223    2.460    2.505    2.880
    4.008    4.335    4.341    4.343    4.360
            0.010000  0.017321  0.000000
  -78.017  -49.270  -49.155  -49.154  -25.562  -25.487  -22.631  -21.264  -14.883  -12.353
  -10.271   -9.215   -9.200   -9.081   -9.056   -8.970   -8.954   -8.275   -7.721   -7.712
   -5.893   -3.233   -3.222   -3.145   -3.138   -0.132    0.229    2.463    2.509    2.890
    3.994    4.312    4.349    4.353    4.369
            0.013333  0.023094  0.000000
  -78.017  -49.270  -49.156  -49.154  -25.557  -25.482  -22.627  -21.262  -14.879  -12.351
  -10.270   -9.228   -9.201   -9.104   -9.061   -8.983   -8.955   -8.276   -7.726   -7.711
   -5.895   -3.238   -3.217   -3.153   -3.141   -0.121    0.238    2.467    2.513    2.903
    3.976    4.283    4.361    4.364    4.382
            0.016667  0.028868  0.000000
  -78.017  -49.270  -49.158  -49.155  -25.551  -25.476  -22.622  -21.259  -14.873  -12.349
  -10.268   -9.244   -9.204   -9.133   -9.069   -8.998   -8.956   -8.278   -7.733   -7.709
   -5.897   -3.244   -3.211   -3.164   -3.145   -0.107    0.250    2.472    2.519    2.920
    3.954    4.248    4.375    4.376    4.400
            0.020000  0.034641  0.000000
  -78.016  -49.269  -49.159  -49.155  -25.544  -25.469  -22.616  -21.255  -14.867  -12.346
  -10.266   -9.264   -9.211   -9.163   -9.080   -9.014   -8.958   -8.281   -7.742   -7.706
   -5.900   -3.251   -3.204   -3.176   -3.150   -0.090    0.263    2.479    2.526    2.940
    3.930    4.209    4.389    4.393    4.423
            0.023333  0.040415  0.000000
  -78.016  -49.269  -49.161  -49.155  -25.535  -25.461  -22.608  -21.251  -14.859  -12.342
  -10.264   -9.289   -9.232   -9.185   -9.096   -9.030   -8.959   -8.284   -7.752   -7.704
   -5.904   -3.259   -3.196   -3.189   -3.155   -0.070    0.279    2.486    2.533    2.964
    3.903    4.167    4.402    4.414    4.450
            0.026667  0.046188  0.000000
  -78.016  -49.268  -49.163  -49.156  -25.525  -25.451  -22.600  -21.246  -14.850  -12.338
  -10.262   -9.318   -9.271   -9.195   -9.116   -9.046   -8.960   -8.289   -7.764   -7.701
   -5.908   -3.269   -3.205   -3.187   -3.160   -0.048    0.297    2.493    2.541    2.991
    3.875    4.122    4.416    4.439    4.481
            0.030000  0.051962  0.000000
  -78.016  -49.268  -49.166  -49.156  -25.514  -25.440  -22.591  -21.241  -14.840  -12.334
  -10.260   -9.353   -9.316   -9.201   -9.141   -9.060   -8.960   -8.295   -7.778   -7.698
   -5.913   -3.279   -3.222   -3.181   -3.162   -0.024    0.316    2.501    2.549    3.021
    3.846    4.075    4.431    4.466    4.515
            0.033333  0.057735  0.000000
  -78.015  -49.267  -49.169  -49.157  -25.501  -25.428  -22.580  -21.235  -14.829  -12.328
  -10.258   -9.397   -9.361   -9.209   -9.168   -9.074   -8.959   -8.302   -7.793   -7.695
   -5.920   -3.290   -3.240   -3.184   -3.156    0.002    0.337    2.508    2.558    3.054
    3.817    4.027    4.446    4.496    4.553
            0.036667  0.063509  0.000000
  -78.015  -49.267  -49.172  -49.158  -25.488  -25.414  -22.568  -21.228  -14.816  -12.323
  -10.257   -9.451   -9.404   -9.222   -9.194   -9.088   -8.958   -8.311   -7.811   -7.692
   -5.927   -3.302   -3.259   -3.191   -3.144    0.030    0.359    2.516    2.566    3.091
    3.788    3.979    4.461    4.530    4.595
            0.040000  0.069282  0.000000
  -78.014  -49.266  -49.175  -49.159  -25.472  -25.399  -22.555  -21.221  -14.803  -12.317
  -10.258   -9.513   -9.447   -9.246   -9.213   -9.102   -8.955   -8.321   -7.830   -7.690
   -5.935   -3.315   -3.278   -3.200   -3.130    0.059    0.382    2.523    2.574    3.129
    3.759    3.931    4.476    4.566    4.641
            0.043333  0.075056  0.000000
  -78.014  -49.265  -49.179  -49.159  -25.456  -25.383  -22.542  -21.213  -14.788  -12.310
  -10.259   -9.580   -9.491   -9.279   -9.226   -9.118   -8.951   -8.331   -7.852   -7.687
   -5.944   -3.330   -3.296   -3.211   -3.114    0.090    0.406    2.529    2.580    3.170
    3.732    3.884    4.491    4.604    4.691
            0.046667  0.080829  0.000000
  -78.013  -49.265  -49.183  -49.160  -25.438  -25.365  -22.527  -21.204  -14.772  -12.303
  -10.263   -9.651   -9.536   -9.315   -9.239   -9.134   -8.945   -8.343   -7.875   -7.685
   -5.954   -3.346   -3.313   -3.222   -3.098    0.121    0.430    2.534    2.586    3.213
    3.707    3.838    4.506    4.645    4.744
            0.050000  0.086603  0.000000
  -78.012  -49.264  -49.187  -49.161  -25.419  -25.346  -22.511  -21.195  -14.756  -12.295
  -10.270   -9.726   -9.581   -9.353   -9.254   -9.151   -8.938   -8.356   -7.901   -7.683
   -5.965   -3.365   -3.329   -3.235   -3.080    0.152    0.455    2.537    2.590    3.258
    3.684    3.794    4.521    4.688    4.801
            0.053333  0.092376  0.000000
  -78.012  -49.263  -49.191  -49.162  -25.399  -25.326  -22.494  -21.185  -14.738  -12.287
  -10.282   -9.803   -9.625   -9.392   -9.271   -9.170   -8.930   -8.370   -7.928   -7.682
   -5.977   -3.385   -3.342   -3.248   -3.061    0.184    0.479    2.538    2.591    3.304
    3.664    3.753    4.535    4.732    4.861
            0.056667  0.098150  0.000000
  -78.011  -49.262  -49.196  -49.164  -25.377  -25.305  -22.476  -21.175  -14.719  -12.279
  -10.298   -9.884   -9.667   -9.433   -9.290   -9.189   -8.920   -8.384   -7.958   -7.681
   -5.991   -3.406   -3.355   -3.262   -3.041    0.216    0.504    2.537    2.591    3.352
    3.648    3.715    4.549    4.778    4.925
            0.060000  0.103923  0.000000
  -78.010  -49.261  -49.201  -49.165  -25.354  -25.283  -22.457  -21.164  -14.700  -12.270
  -10.321   -9.966   -9.705   -9.475   -9.311   -9.210   -8.909   -8.399   -7.990   -7.681
   -6.006   -3.428   -3.366   -3.276   -3.020    0.248    0.528    2.534    2.588    3.400
    3.636    3.680    4.562    4.824    4.992
            0.063333  0.109697  0.000000
  -78.010  -49.260  -49.206  -49.166  -25.330  -25.259  -22.437  -21.152  -14.679  -12.261
  -10.352  -10.051   -9.738   -9.517   -9.334   -9.232   -8.897   -8.414   -8.024   -7.681
   -6.022   -3.450   -3.377   -3.292   -2.998    0.278    0.551    2.528    2.583    3.449
    3.628    3.650    4.575    4.870    5.062
            0.066667  0.115470  0.000000
  -78.009  -49.259  -49.211  -49.167  -25.305  -25.234  -22.416  -21.140  -14.657  -12.251
  -10.391  -10.139   -9.765   -9.561   -9.359   -9.255   -8.883   -8.430   -8.059   -7.682
   -6.039   -3.472   -3.387   -3.308   -2.975    0.308    0.573    2.520    2.575    3.498
    3.624    3.626    4.587    4.915    5.135
            0.070000  0.121244  0.000000
  -78.008  -49.258  -49.216  -49.169  -25.278  -25.208  -22.394  -21.128  -14.635  -12.241
  -10.439  -10.228   -9.786   -9.605   -9.386   -9.279   -8.869   -8.446   -8.097   -7.684
   -6.058   -3.494   -3.396   -3.325   -2.952    0.337    0.593    2.510    2.564    3.544
    3.607    3.626    4.598    4.960    5.210
            0.073333  0.127017  0.000000
  -78.007  -49.257  -49.222  -49.170  -25.250  -25.180  -22.372  -21.114  -14.612  -12.231
  -10.495  -10.318   -9.802   -9.649   -9.415   -9.305   -8.853   -8.461   -8.137   -7.686
   -6.077   -3.516   -3.404   -3.342   -2.928    0.364    0.612    2.497    2.552    3.569
    3.613    3.632    4.609    5.003    5.288
            0.076667  0.132791  0.000000
  -78.006  -49.256  -49.228  -49.172  -25.221  -25.151  -22.348  -21.101  -14.588  -12.221
  -10.559  -10.410   -9.815   -9.693   -9.445   -9.331   -8.837   -8.477   -8.179   -7.689
   -6.098   -3.537   -3.412   -3.359   -2.903    0.389    0.629    2.483    2.537    3.564
    3.637    3.658    4.618    5.045    5.367
            0.080000  0.138564  0.000000
  -78.005  -49.255  -49.234  -49.173  -25.191  -25.122  -22.324  -21.087  -14.563  -12.210
  -10.629  -10.504   -9.827   -9.732   -9.478   -9.358   -8.820   -8.493   -8.223   -7.693
   -6.120   -3.558   -3.418   -3.377   -2.878    0.413    0.644    2.468    2.521    3.557
    3.651    3.705    4.627    5.085    5.448
            0.083333  0.144338  0.000000
  -78.004  -49.253  -49.240  -49.175  -25.159  -25.090  -22.298  -21.072  -14.538  -12.199
  -10.704  -10.598   -9.847   -9.761   -9.513   -9.386   -8.803   -8.508   -8.268   -7.698
   -6.144   -3.578   -3.425   -3.394   -2.852    0.433    0.657    2.453    2.505    3.552
    3.668    3.753    4.635    5.125    5.529
            0.086667  0.150111  0.000000
  -78.003  -49.252  -49.246  -49.177  -25.127  -25.058  -22.272  -21.057  -14.512  -12.188
  -10.783  -10.694   -9.881   -9.774   -9.550   -9.414   -8.785   -8.523   -8.315   -7.703
   -6.168   -3.597   -3.434   -3.409   -2.826    0.451    0.667    2.437    2.488    3.550
    3.687    3.801    4.641    5.164    5.611
            0.090000  0.155885  0.000000
  -78.002  -49.253  -49.251  -49.178  -25.093  -25.025  -22.245  -21.041  -14.485  -12.177
  -10.866  -10.790   -9.925   -9.777   -9.589   -9.443   -8.767   -8.538   -8.364   -7.709
   -6.193   -3.616   -3.446   -3.419   -2.799    0.467    0.675    2.422    2.471    3.550
    3.709    3.848    4.648    5.202    5.692
            0.093333  0.161658  0.000000
  -78.001  -49.260  -49.250  -49.180  -25.058  -24.990  -22.217  -21.026  -14.458  -12.166
  -10.952  -10.886   -9.974   -9.774   -9.629   -9.472   -8.749   -8.552   -8.414   -7.716
   -6.219   -3.635   -3.463   -3.424   -2.772    0.479    0.679    2.408    2.456    3.552
    3.734    3.895    4.653    5.240    5.771
            0.096667  0.167432  0.000000
  -78.000  -49.266  -49.248  -49.182  -25.021  -24.954  -22.189  -21.009  -14.431  -12.156
  -11.040  -10.983  -10.026   -9.770   -9.672   -9.499   -8.731   -8.565   -8.464   -7.724
   -6.246   -3.652   -3.481   -3.427   -2.745    0.488    0.681    2.396    2.442    3.555
    3.760    3.941    4.657    5.278    5.849
            0.100000  0.173205  0.000000
  -77.999  -49.273  -49.247  -49.184  -24.984  -24.918  -22.159  -20.992  -14.403  -12.146
  -11.130  -11.080  -10.079   -9.766   -9.716   -9.525   -8.714   -8.577   -8.515   -7.732
   -6.273   -3.670   -3.500   -3.427   -2.718    0.493    0.679    2.386    2.431    3.560
    3.789    3.987    4.661    5.317    5.923
            0.103333  0.178979  0.000000
  -77.998  -49.280  -49.245  -49.186  -24.945  -24.880  -22.129  -20.975  -14.375  -12.136
  -11.221  -11.176  -10.133   -9.768   -9.760   -9.548   -8.701   -8.590   -8.563   -7.741
   -6.301   -3.687   -3.520   -3.427   -2.691    0.495    0.675    2.378    2.422    3.564
    3.819    4.032    4.665    5.356    5.993
            0.106667  0.184752  0.000000
  -77.997  -49.287  -49.244  -49.189  -24.906  -24.840  -22.099  -20.958  -14.346  -12.127
  -11.313  -11.272  -10.188   -9.812   -9.768   -9.565   -8.699   -8.610   -8.591   -7.751
   -6.330   -3.704   -3.539   -3.425   -2.664    0.493    0.667    2.373    2.415    3.569
    3.850    4.077    4.669    5.396    6.056
            0.110000  0.190526  0.000000
  -77.996  -49.294  -49.242  -49.191  -24.865  -24.800  -22.067  -20.940  -14.318  -12.120
  -11.405  -11.367  -10.244   -9.862   -9.779   -9.574   -8.723   -8.628   -8.598   -7.762
   -6.359   -3.720   -3.558   -3.422   -2.637    0.487    0.656    2.371    2.411    3.572
    3.882    4.121    4.672    5.436    6.113
            0.113333  0.196299  0.000000
  -77.995  -49.301  -49.241  -49.193  -24.823  -24.759  -22.036  -20.922  -14.289  -12.115
  -11.496  -11.461  -10.301   -9.913   -9.798   -9.576   -8.769   -8.634   -8.594   -7.774
   -6.388   -3.736   -3.577   -3.419   -2.610    0.478    0.643    2.372    2.411    3.575
    3.914    4.166    4.676    5.476    6.162
            0.116667  0.202073  0.000000
  -77.994  -49.309  -49.239  -49.195  -24.780  -24.717  -22.003  -20.903  -14.261  -12.114
  -11.586  -11.552  -10.358   -9.967   -9.824   -9.572   -8.823   -8.639   -8.581   -7.786
   -6.417   -3.752   -3.596   -3.414   -2.583    0.466    0.627    2.375    2.413    3.577
    3.946    4.211    4.680    5.516    6.201
            0.120000  0.207846  0.000000
  -77.993  -49.316  -49.238  -49.198  -24.736  -24.673  -21.970  -20.884  -14.233  -12.120
  -11.675  -11.638  -10.416  -10.022   -9.854   -9.562   -8.881   -8.646   -8.566   -7.800
   -6.447   -3.768   -3.614   -3.408   -2.557    0.450    0.608    2.382    2.418    3.577
    3.979    4.256    4.686    5.556    6.229
            0.123333  0.213620  0.000000
  -77.991  -49.323  -49.236  -49.200  -24.691  -24.629  -21.937  -20.865  -14.205  -12.134
  -11.764  -11.713  -10.475  -10.079   -9.889   -9.549   -8.940   -8.652   -8.548   -7.814
   -6.476   -3.784   -3.631   -3.402   -2.531    0.432    0.587    2.392    2.425    3.575
    4.010    4.302    4.693    5.595    6.249
            0.126667  0.219393  0.000000
  -77.990  -49.330  -49.235  -49.203  -24.645  -24.584  -21.903  -20.846  -14.178  -12.163
  -11.853  -11.773  -10.534  -10.138   -9.926   -9.534   -9.000   -8.657   -8.531   -7.828
   -6.505   -3.800   -3.648   -3.395   -2.505    0.411    0.564    2.404    2.435    3.572
    4.041    4.349    4.703    5.633    6.260
            0.130000  0.225167  0.000000
  -77.989  -49.338  -49.233  -49.206  -24.598  -24.537  -21.868  -20.827  -14.152  -12.209
  -11.942  -11.814  -10.594  -10.198   -9.964   -9.518   -9.060   -8.662   -8.513   -7.844
   -6.534   -3.816   -3.664   -3.387   -2.481    0.387    0.540    2.419    2.447    3.567
    4.070    4.396    4.715    5.668    6.265
            0.133333  0.230940  0.000000
  -77.988  -49.345  -49.232  -49.208  -24.550  -24.490  -21.834  -20.807  -14.126  -12.271
  -12.031  -11.838  -10.654  -10.260  -10.004   -9.501   -9.121   -8.666   -8.496   -7.860
   -6.562   -3.832   -3.679   -3.378   -2.456    0.362    0.513    2.436    2.460    3.561
    4.097    4.444    4.730    5.700    6.265
            0.136667  0.236714  0.000000
  -77.987  -49.352  -49.230  -49.211  -24.501  -24.442  -21.798  -20.787  -14.102  -12.345
  -12.118  -11.849  -10.715  -10.323  -10.045   -9.484   -9.182   -8.669   -8.479   -7.878
   -6.589   -3.847   -3.693   -3.369   -2.433    0.335    0.486    2.455    2.476    3.554
    4.122    4.493    4.749    5.728    6.262
            0.140000  0.242487  0.000000
  -77.985  -49.360  -49.228  -49.214  -24.452  -24.392  -21.763  -20.767  -14.079  -12.427
  -12.204  -11.851  -10.776  -10.388  -10.086   -9.468   -9.241   -8.672   -8.464   -7.896
   -6.616   -3.863   -3.707   -3.359   -2.410    0.306    0.457    2.475    2.493    3.546
    4.144    4.543    4.772    5.750    6.259
            0.143333  0.248261  0.000000
  -77.984  -49.367  -49.227  -49.217  -24.401  -24.342  -21.727  -20.747  -14.058  -12.514
  -12.287  -11.847  -10.838  -10.454  -10.128   -9.456   -9.296   -8.673   -8.449   -7.915
   -6.641   -3.878   -3.721   -3.348   -2.389    0.277    0.427    2.497    2.511    3.537
    4.163    4.593    4.800    5.765    6.257
            0.146667  0.254034  0.000000
  -77.983  -49.374  -49.225  -49.220  -24.349  -24.291  -21.692  -20.727  -14.040  -12.604
  -12.367  -11.840  -10.900  -10.521  -10.171   -9.455   -9.340   -8.674   -8.435   -7.934
   -6.666   -3.892   -3.734   -3.337   -2.368    0.246    0.397    2.519    2.531    3.528
    4.180    4.645    4.832    5.773    6.257
            0.150000  0.259808  0.000000
  -77.982  -49.381  -49.224  -49.223  -24.297  -24.240  -21.656  -20.707  -14.023  -12.695
  -12.444  -11.831  -10.962  -10.589  -10.213   -9.481   -9.357   -8.674   -8.422   -7.954
   -6.690   -3.906   -3.746   -3.325   -2.349    0.215    0.366    2.542    2.551    3.519
    4.194    4.696    4.869    5.774    6.259
            0.153333  0.265581  0.000000
  -77.980  -49.388  -49.226  -49.222  -24.243  -24.187  -21.619  -20.687  -14.010  -12.787
  -12.517  -11.820  -11.025  -10.658  -10.256   -9.530   -9.352   -8.673   -8.411   -7.976
   -6.712   -3.919   -3.759   -3.313   -2.330    0.184    0.335    2.565    2.572    3.510
    4.207    4.748    4.910    5.769    6.262
            0.156667  0.271355  0.000000
  -77.979  -49.395  -49.229  -49.220  -24.189  -24.134  -21.583  -20.667  -14.001  -12.879
  -12.586  -11.808  -11.089  -10.727  -10.298   -9.587   -9.338   -8.672   -8.400   -7.997
   -6.732   -3.932   -3.771   -3.301   -2.313    0.152    0.303    2.587    2.593    3.502
    4.217    4.800    4.954    5.759    6.265
            0.160000  0.277128  0.000000
  -77.978  -49.402  -49.232  -49.219  -24.135  -24.080  -21.547  -20.647  -13.995  -12.970
  -12.650  -11.795  -11.153  -10.798  -10.340   -9.648   -9.321   -8.671   -8.392   -8.020
   -6.751   -3.943   -3.783   -3.288   -2.296    0.121    0.272    2.607    2.614    3.496
    4.226    4.852    5.003    5.745    6.266
            0.163333  0.282902  0.000000
  -77.977  -49.409  -49.236  -49.217  -24.079  -24.025  -21.511  -20.627  -13.994  -13.061
  -12.709  -11.782  -11.217  -10.869  -10.382   -9.709   -9.302   -8.670   -8.384   -8.043
   -6.768   -3.954   -3.795   -3.275   -2.282    0.089    0.241    2.626    2.635    3.492
    4.235    4.903    5.054    5.729    6.266
            0.166667  0.288675  0.000000
  -77.975  -49.415  -49.239  -49.215  -24.023  -23.970  -21.475  -20.607  -13.999  -13.151
  -12.761  -11.769  -11.281  -10.940  -10.423   -9.771   -9.284   -8.668   -8.378   -8.067
   -6.783   -3.963   -3.807   -3.262   -2.268    0.058    0.209    2.643    2.657    3.491
    4.243    4.953    5.108    5.713    6.263
            0.170000  0.294449  0.000000
  -77.974  -49.422  -49.242  -49.214  -23.966  -23.914  -21.439  -20.588  -14.009  -13.240
  -12.807  -11.756  -11.346  -11.012  -10.463   -9.833   -9.265   -8.667   -8.373   -8.091
   -6.797   -3.971   -3.819   -3.248   -2.256    0.027    0.179    2.657    2.678    3.493
    4.251    5.001    5.164    5.698    6.258
            0.173333  0.300222  0.000000
  -77.973  -49.428  -49.246  -49.212  -23.909  -23.857  -21.403  -20.568  -14.024  -13.329
  -12.846  -11.744  -11.412  -11.083  -10.503   -9.894   -9.246   -8.667   -8.369   -8.116
   -6.808   -3.977   -3.831   -3.235   -2.245   -0.003    0.148    2.667    2.699    3.498
    4.259    5.046    5.221    5.685    6.251
            0.176667  0.305996  0.000000
  -77.972  -49.434  -49.249  -49.211  -23.851  -23.800  -21.367  -20.549  -14.046  -13.415
  -12.878  -11.733  -11.477  -11.154  -10.543   -9.956   -9.228   -8.668   -8.366   -8.141
   -6.817   -3.983   -3.844   -3.221   -2.235   -0.033    0.118    2.675    2.720    3.508
    4.268    5.086    5.279    5.677    6.241
            0.180000  0.311769  0.000000
  -77.971  -49.440  -49.253  -49.209  -23.793  -23.742  -21.332  -20.530  -14.074  -13.501
  -12.903  -11.725  -11.542  -11.223  -10.581  -10.017   -9.210   -8.670   -8.363   -8.166
   -6.824   -3.987   -3.857   -3.207   -2.227   -0.062    0.089    2.678    2.740    3.521
    4.278    5.121    5.338    5.674    6.225
            0.183333  0.317543  0.000000
  -77.969  -49.446  -49.257  -49.208  -23.734  -23.684  -21.297  -20.511  -14.107  -13.585
  -12.921  -11.720  -11.606  -11.289  -10.619  -10.077   -9.192   -8.675   -8.360   -8.192
   -6.828   -3.989   -3.870   -3.193   -2.220   -0.091    0.060    2.678    2.760    3.538
    4.289    5.148    5.395    5.676    6.198
            0.186667  0.323316  0.000000
  -77.968  -49.452  -49.261  -49.206  -23.674  -23.626  -21.263  -20.493  -14.146  -13.667
  -12.933  -11.727  -11.665  -11.352  -10.656  -10.136   -9.175   -8.682   -8.358   -8.217
   -6.831   -3.990   -3.884   -3.180   -2.214   -0.119    0.033    2.675    2.780    3.559
    4.301    5.168    5.449    5.685    6.157
            0.190000  0.329090  0.000000
  -77.967  -49.458  -49.264  -49.205  -23.615  -23.567  -21.229  -20.475  -14.188  -13.748
  -12.939  -11.763  -11.701  -11.406  -10.692  -10.194   -9.158   -8.692   -8.355   -8.243
   -6.831   -3.990   -3.898   -3.166   -2.210   -0.147    0.006    2.668    2.799    3.584
    4.315    5.181    5.497    5.697    6.116
            0.193333  0.334863  0.000000
  -77.966  -49.463  -49.268  -49.203  -23.555  -23.508  -21.195  -20.457  -14.234  -13.827
  -12.941  -11.823  -11.726  -11.449  -10.727  -10.252   -9.141   -8.705   -8.353   -8.267
   -6.829   -3.989   -3.912   -3.153   -2.207   -0.174   -0.020    2.659    2.817    3.612
    4.329    5.187    5.535    5.713    6.085
            0.196667  0.340637  0.000000
  -77.965  -49.468  -49.272  -49.202  -23.494  -23.448  -21.162  -20.440  -14.282  -13.904
  -12.939  -11.889  -11.762  -11.476  -10.761  -10.308   -9.126   -8.721   -8.353   -8.287
   -6.825   -3.987   -3.925   -3.139   -2.205   -0.201   -0.045    2.647    2.835    3.642
    4.345    5.187    5.556    5.731    6.069
            0.200000  0.346410  0.000000
  -77.964  -49.473  -49.276  -49.200  -23.434  -23.389  -21.130  -20.423  -14.333  -13.979
  -12.933  -11.956  -11.810  -11.490  -10.794  -10.362   -9.111   -8.740   -8.360   -8.299
   -6.820   -3.985   -3.938   -3.126   -2.204   -0.227   -0.069    2.633    2.853    3.675
    4.363    5.184    5.558    5.748    6.072
            0.203333  0.352184  0.000000
  -77.963  -49.478  -49.280  -49.199  -23.373  -23.329  -21.098  -20.407  -14.385  -14.052
  -12.924  -12.024  -11.869  -11.493  -10.826  -10.415   -9.097   -8.763   -8.376   -8.300
   -6.812   -3.986   -3.947   -3.114   -2.205   -0.254   -0.091    2.618    2.869    3.711
    4.381    5.177    5.541    5.760    6.093
            0.206667  0.357957  0.000000
  -77.962  -49.482  -49.284  -49.197  -23.313  -23.269  -21.067  -20.391  -14.437  -14.123
  -12.913  -12.092  -11.934  -11.491  -10.857  -10.465   -9.085   -8.789   -8.399   -8.294
   -6.802   -3.993   -3.949   -3.101   -2.206   -0.280   -0.112    2.602    2.885    3.747
    4.401    5.168    5.513    5.763    6.128
            0.210000  0.363731  0.000000
  -77.961  -49.486  -49.288  -49.196  -23.252  -23.210  -21.037  -20.376  -14.490  -14.191
  -12.900  -12.161  -12.003  -11.485  -10.887  -10.514   -9.075   -8.816   -8.424   -8.284
   -6.791   -4.006   -3.944   -3.089   -2.208   -0.306   -0.132    2.584    2.901    3.785
    4.422    5.157    5.478    5.758    6.173
            0.213333  0.369504  0.000000
  -77.960  -49.491  -49.292  -49.195  -23.192  -23.150  -21.008  -20.361  -14.543  -14.257
  -12.885  -12.229  -12.074  -11.479  -10.916  -10.560   -9.067   -8.845   -8.450   -8.271
   -6.778   -4.022   -3.936   -3.077   -2.210   -0.331   -0.151    2.566    2.916    3.824
    4.444    5.145    5.441    5.746    6.218
            0.216667  0.375278  0.000000
  -77.959  -49.494  -49.297  -49.194  -23.131  -23.091  -20.980  -20.347  -14.595  -14.321
  -12.870  -12.296  -12.146  -11.472  -10.944  -10.603   -9.063   -8.875   -8.475   -8.257
   -6.763   -4.039   -3.925   -3.066   -2.214   -0.357   -0.169    2.548    2.931    3.862
    4.466    5.130    5.405    5.729    6.255
            0.220000  0.381051  0.000000
  -77.958  -49.498  -49.301  -49.192  -23.071  -23.031  -20.952  -20.333  -14.646  -14.383
  -12.855  -12.363  -12.220  -11.466  -10.971  -10.642   -9.066   -8.902   -8.500   -8.242
   -6.748   -4.058   -3.913   -3.056   -2.217   -0.382   -0.185    2.530    2.945    3.901
    4.488    5.113    5.373    5.709    6.280
            0.223333  0.386825  0.000000
  -77.957  -49.501  -49.305  -49.191  -23.011  -22.972  -20.926  -20.320  -14.696  -14.442
  -12.840  -12.428  -12.294  -11.462  -10.997  -10.678   -9.077   -8.925   -8.524   -8.226
   -6.731   -4.077   -3.900   -3.046   -2.221   -0.407   -0.200    2.512    2.958    3.940
    4.509    5.093    5.347    5.688    6.296
            0.226667  0.392598  0.000000
  -77.956  -49.504  -49.310  -49.190  -22.952  -22.914  -20.900  -20.308  -14.744  -14.498
  -12.827  -12.489  -12.368  -11.460  -11.021  -10.710   -9.099   -8.942   -8.546   -8.209
   -6.712   -4.097   -3.885   -3.036   -2.226   -0.432   -0.214    2.494    2.971    3.978
    4.529    5.072    5.326    5.665    6.306
            0.230000  0.398372  0.000000
  -77.955  -49.507  -49.314  -49.189  -22.893  -22.856  -20.876  -20.297  -14.790  -14.551
  -12.819  -12.545  -12.442  -11.461  -11.044  -10.736   -9.130   -8.955   -8.565   -8.191
   -6.693   -4.117   -3.870   -3.028   -2.230   -0.457   -0.228    2.477    2.983    4.015
    4.547    5.050    5.311    5.644    6.314
            0.233333  0.404145  0.000000
  -77.954  -49.510  -49.318  -49.188  -22.835  -22.799  -20.852  -20.286  -14.835  -14.602
  -12.821  -12.590  -12.515  -11.465  -11.066  -10.758   -9.169   -8.966   -8.581   -8.174
   -6.674   -4.138   -3.853   -3.020   -2.234   -0.482   -0.240    2.461    2.994    4.050
    4.562    5.030    5.302    5.624    6.320
            0.236667  0.409919  0.000000
  -77.953  -49.512  -49.323  -49.186  -22.777  -22.742  -20.830  -20.275  -14.877  -14.649
  -12.841  -12.620  -12.585  -11.474  -11.087  -10.775   -9.213   -8.977   -8.594   -8.155
   -6.653   -4.160   -3.836   -3.013   -2.238   -0.506   -0.251    2.446    3.005    4.084
    4.571    5.015    5.296    5.607    6.327
            0.240000  0.415692  0.000000
  -77.952  -49.514  -49.327  -49.185  -22.720  -22.686  -20.809  -20.266  -14.917  -14.694
  -12.880  -12.669  -12.616  -11.486  -11.107  -10.785   -9.260   -8.991   -8.603   -8.137
   -6.632   -4.182   -3.818   -3.006   -2.242   -0.530   -0.261    2.432    3.015    4.116
    4.574    5.006    5.294    5.593    6.333
            0.243333  0.421466  0.000000
  -77.952  -49.516  -49.332  -49.184  -22.664  -22.631  -20.789  -20.257  -14.954  -14.736
  -12.932  -12.741  -12.609  -11.501  -11.126  -10.791   -9.310   -9.009   -8.608   -8.119
   -6.610   -4.204   -3.800   -3.001   -2.245   -0.554   -0.271    2.419    3.024    4.145
    4.570    5.006    5.293    5.584    6.339
            0.246667  0.427239  0.000000
  -77.951  -49.518  -49.336  -49.183  -22.609  -22.577  -20.770  -20.249  -14.989  -14.774
  -12.992  -12.813  -12.593  -11.520  -11.144  -10.791   -9.362   -9.029   -8.609   -8.101
   -6.588   -4.227   -3.781   -2.996   -2.248   -0.577   -0.280    2.408    3.032    4.172
    4.559    5.014    5.293    5.580    6.345
            0.250000  0.433013  0.000000
  -77.950  -49.519  -49.341  -49.182  -22.555  -22.524  -20.752  -20.241  -15.021  -14.810
  -13.056  -12.886  -12.571  -11.541  -11.161  -10.786   -9.415   -9.053   -8.607   -8.082
   -6.565   -4.249   -3.761   -2.993   -2.250   -0.600   -0.288    2.398    3.038    4.195
    4.543    5.029    5.294    5.581    6.352
            0.253333  0.438786  0.000000
  -77.949  -49.520  -49.345  -49.182  -22.503  -22.472  -20.736  -20.234  -15.050  -14.842
  -13.122  -12.959  -12.545  -11.565  -11.178  -10.777   -9.471   -9.080   -8.602   -8.065
   -6.542   -4.273   -3.741   -2.990   -2.251   -0.623   -0.296    2.389    3.044    4.215
    4.522    5.052    5.296    5.588    6.359
            0.256667  0.444560  0.000000
  -77.949  -49.521  -49.350  -49.181  -22.451  -22.422  -20.720  -20.228  -15.076  -14.871
  -13.188  -13.031  -12.517  -11.590  -11.194  -10.764   -9.527   -9.109   -8.595   -8.047
   -6.519   -4.296   -3.721   -2.989   -2.252   -0.646   -0.302    2.382    3.048    4.231
    4.498    5.079    5.299    5.600    6.366
            0.260000  0.450333  0.000000
  -77.948  -49.521  -49.355  -49.180  -22.401  -22.373  -20.706  -20.222  -15.099  -14.896
  -13.256  -13.102  -12.488  -11.615  -11.210  -10.748   -9.584   -9.141   -8.586   -8.030
   -6.496   -4.319   -3.700   -2.988   -2.251   -0.667   -0.308    2.376    3.051    4.244
    4.474    5.110    5.304    5.617    6.373
            0.263333  0.456107  0.000000
  -77.948  -49.521  -49.359  -49.179  -22.353  -22.325  -20.692  -20.217  -15.119  -14.918
  -13.323  -13.174  -12.456  -11.642  -11.225  -10.729   -9.642   -9.174   -8.577   -8.013
   -6.474   -4.343   -3.679   -2.989   -2.250   -0.689   -0.314    2.371    3.052    4.253
    4.448    5.144    5.312    5.639    6.380
            0.266667  0.461880  0.000000
  -77.947  -49.521  -49.364  -49.178  -22.306  -22.279  -20.680  -20.212  -15.136  -14.936
  -13.391  -13.244  -12.424  -11.668  -11.239  -10.708   -9.700   -9.208   -8.566   -7.996
   -6.451   -4.366   -3.658   -2.990   -2.248   -0.710   -0.319    2.368    3.052    4.258
    4.423    5.180    5.322    5.664    6.386
            0.270000  0.467654  0.000000
  -77.946  -49.521  -49.369  -49.178  -22.261  -22.235  -20.669  -20.208  -15.149  -14.951
  -13.458  -13.315  -12.390  -11.694  -11.253  -10.685   -9.759   -9.243   -8.555   -7.980
   -6.428   -4.389   -3.637   -2.993   -2.245   -0.730   -0.323    2.367    3.051    4.260
    4.398    5.218    5.337    5.691    6.393
            0.273333  0.473427  0.000000
  -77.946  -49.521  -49.373  -49.177  -22.218  -22.193  -20.659  -20.205  -15.159  -14.962
  -13.526  -13.384  -12.356  -11.720  -11.265  -10.660   -9.818   -9.278   -8.543   -7.965
   -6.406   -4.412   -3.616   -2.997   -2.241   -0.750   -0.327    2.367    3.047    4.258
    4.373    5.256    5.355    5.721    6.399
            0.276667  0.479201  0.000000
  -77.945  -49.520  -49.378  -49.176  -22.177  -22.153  -20.649  -20.201  -15.166  -14.970
  -13.593  -13.454  -12.321  -11.745  -11.277  -10.635   -9.877   -9.315   -8.532   -7.951
   -6.385   -4.435   -3.594   -3.002   -2.236   -0.769   -0.330    2.368    3.043    4.255
    4.350    5.294    5.378    5.753    6.405
            0.280000  0.484974  0.000000
  -77.945  -49.519  -49.382  -49.176  -22.138  -22.115  -20.641  -20.198  -15.169  -14.973
  -13.659  -13.522  -12.285  -11.769  -11.287  -10.609   -9.936   -9.351   -8.521   -7.937
   -6.364   -4.457   -3.572   -3.008   -2.231   -0.788   -0.332    2.370    3.037    4.249
    4.327    5.331    5.407    5.786    6.409
            0.283333  0.490748  0.000000
  -77.945  -49.518  -49.387  -49.175  -22.101  -22.079  -20.633  -20.196  -15.168  -14.973
  -13.725  -13.590  -12.248  -11.791  -11.295  -10.583   -9.994   -9.388   -8.510   -7.923
   -6.343   -4.479   -3.551   -3.015   -2.225   -0.806   -0.334    2.373    3.030    4.242
    4.306    5.368    5.440    5.819    6.413
            0.286667  0.496521  0.000000
  -77.944  -49.516  -49.392  -49.175  -22.066  -22.045  -20.626  -20.194  -15.164  -14.970
  -13.791  -13.658  -12.212  -11.812  -11.302  -10.559  -10.050   -9.424   -8.500   -7.911
   -6.323   -4.500   -3.529   -3.023   -2.218   -0.823   -0.336    2.377    3.021    4.232
    4.287    5.403    5.477    5.853    6.415
            0.290000  0.502295  0.000000
  -77.944  -49.515  -49.396  -49.174  -22.034  -22.013  -20.620  -20.192  -15.156  -14.962
  -13.855  -13.724  -12.176  -11.832  -11.306  -10.536  -10.105   -9.461   -8.490   -7.899
   -6.304   -4.520   -3.507   -3.032   -2.210   -0.839   -0.337    2.382    3.012    4.221
    4.271    5.438    5.518    5.886    6.416
            0.293333  0.508068  0.000000
  -77.944  -49.513  -49.401  -49.174  -22.004  -21.984  -20.615  -20.190  -15.145  -14.951
  -13.920  -13.790  -12.141  -11.850  -11.308  -10.516  -10.155   -9.497   -8.481   -7.888
   -6.286   -4.539   -3.486   -3.042   -2.203   -0.855   -0.337    2.387    3.002    4.206
    4.258    5.474    5.561    5.918    6.415
            0.296667  0.513842  0.000000
  -77.943  -49.511  -49.405  -49.173  -21.977  -21.957  -20.610  -20.188  -15.130  -14.936
  -13.983  -13.856  -12.107  -11.867  -11.308  -10.504  -10.198   -9.532   -8.473   -7.878
   -6.269   -4.558   -3.464   -3.053   -2.195   -0.869   -0.337    2.393    2.991    4.190
    4.249    5.510    5.606    5.948    6.412
            0.300000  0.519615  0.000000
  -77.943  -49.509  -49.409  -49.173  -21.952  -21.933  -20.605  -20.187  -15.112  -14.917
  -14.045  -13.921  -12.076  -11.881  -11.303  -10.503  -10.230   -9.567   -8.465   -7.869
   -6.253   -4.575   -3.443   -3.064   -2.187   -0.882   -0.337    2.398    2.980    4.172
    4.242    5.547    5.652    5.977    6.406
            0.303333  0.525389  0.000000
  -77.943  -49.507  -49.414  -49.173  -21.930  -21.911  -20.602  -20.186  -15.091  -14.895
  -14.106  -13.985  -12.047  -11.893  -11.295  -10.517  -10.246   -9.601   -8.458   -7.861
   -6.239   -4.591   -3.422   -3.077   -2.179   -0.894   -0.336    2.404    2.969    4.155
    4.237    5.584    5.699    6.003    6.398
            0.306667  0.531162  0.000000
  -77.942  -49.504  -49.418  -49.172  -21.910  -21.892  -20.598  -20.184  -15.066  -14.869
  -14.167  -14.048  -12.022  -11.903  -11.282  -10.547  -10.248   -9.634   -8.452   -7.853
   -6.225   -4.606   -3.402   -3.089   -2.171   -0.905   -0.335    2.410    2.958    4.138
    4.234    5.622    5.746    6.025    6.386
            0.310000  0.536936  0.000000
  -77.942  -49.502  -49.422  -49.172  -21.893  -21.875  -20.595  -20.183  -15.039  -14.839
  -14.225  -14.110  -12.002  -11.908  -11.265  -10.588  -10.239   -9.665   -8.447   -7.847
   -6.213   -4.619   -3.382   -3.102   -2.163   -0.914   -0.334    2.415    2.948    4.122
    4.231    5.659    5.793    6.045    6.370
            0.313333  0.542709  0.000000
  -77.942  -49.499  -49.426  -49.172  -21.878  -21.861  -20.593  -20.182  -15.009  -14.805
  -14.282  -14.172  -11.989  -11.909  -11.242  -10.635  -10.223   -9.695   -8.442   -7.841
   -6.203   -4.631   -3.362   -3.116   -2.157   -0.922   -0.333    2.419    2.938    4.109
    4.230    5.696    5.840    6.060    6.351
            0.316667  0.548483  0.000000
  -77.942  -49.497  -49.429  -49.172  -21.865  -21.849  -20.591  -20.181  -14.977  -14.768
  -14.336  -14.233  -11.982  -11.906  -11.214  -10.687  -10.206   -9.721   -8.439   -7.837
   -6.194   -4.641   -3.344   -3.129   -2.151   -0.929   -0.331    2.423    2.929    4.097
    4.229    5.732    5.888    6.072    6.326
            0.320000  0.554256  0.000000
  -77.942  -49.495  -49.432  -49.172  -21.856  -21.839  -20.589  -20.181  -14.945  -14.727
  -14.387  -14.293  -11.980  -11.900  -11.181  -10.740  -10.188   -9.745   -8.436   -7.833
   -6.186   -4.649   -3.326   -3.143   -2.145   -0.935   -0.330    2.426    2.922    4.087
    4.228    5.765    5.935    6.080    6.297
            0.323333  0.560030  0.000000
  -77.942  -49.493  -49.435  -49.172  -21.848  -21.832  -20.588  -20.180  -14.913  -14.683
  -14.433  -14.352  -11.980  -11.894  -11.144  -10.793  -10.172   -9.765   -8.434   -7.830
   -6.180   -4.655   -3.311   -3.155   -2.141   -0.939   -0.329    2.428    2.915    4.079
    4.228    5.795    5.981    6.085    6.262
            0.326667  0.565803  0.000000
  -77.942  -49.491  -49.437  -49.171  -21.843  -21.826  -20.587  -20.180  -14.884  -14.636
  -14.472  -14.410  -11.981  -11.890  -11.105  -10.843  -10.159   -9.780   -8.432   -7.828
   -6.176   -4.660   -3.298   -3.165   -2.138   -0.941   -0.328    2.430    2.911    4.074
    4.228    5.820    6.026    6.090    6.223
            0.330000  0.571577  0.000000
  -77.942  -49.490  -49.438  -49.171  -21.840  -21.823  -20.586  -20.179  -14.863  -14.586
  -14.499  -14.466  -11.982  -11.887  -11.068  -10.886  -10.151   -9.789   -8.432   -7.827
   -6.174   -4.663   -3.290   -3.173   -2.136   -0.943   -0.327    2.431    2.908    4.071
    4.228    5.837    6.064    6.100    6.179
            0.333333  0.577350  0.000000
  -77.942  -49.490  -49.439  -49.171  -21.839  -21.822  -20.586  -20.179  -14.855  -14.549
  -14.515  -14.499  -11.982  -11.886  -11.051  -10.906  -10.149   -9.793   -8.431   -7.826
   -6.173   -4.663   -3.286   -3.176   -2.135   -0.943   -0.327    2.431    2.907    4.070
    4.228    5.844    6.080    6.119    6.144
            0.336111  0.572539  0.000000
  -77.942  -49.490  -49.438  -49.171  -21.839  -21.823  -20.586  -20.179  -14.861  -14.579
  -14.501  -14.474  -11.982  -11.887  -11.064  -10.891  -10.150   -9.791   -8.431   -7.827
   -6.174   -4.663   -3.289   -3.174   -2.136   -0.943   -0.327    2.431    2.907    4.070
    4.228    5.839    6.060    6.114    6.169
            0.338889  0.567728  0.000000
  -77.942  -49.491  -49.437  -49.171  -21.841  -21.825  -20.587  -20.180  -14.877  -14.623
  -14.479  -14.427  -11.981  -11.888  -11.096  -10.855  -10.156   -9.784   -8.432   -7.827
   -6.175   -4.661   -3.295   -3.168   -2.137   -0.942   -0.328    2.431    2.910    4.072
    4.228    5.825    6.015    6.124    6.204
            0.341667  0.562917  0.000000
  -77.942  -49.492  -49.436  -49.172  -21.845  -21.828  -20.587  -20.180  -14.902  -14.668
  -14.447  -14.376  -11.980  -11.891  -11.134  -10.810  -10.164   -9.775   -8.433   -7.829
   -6.178   -4.658   -3.304   -3.161   -2.140   -0.941   -0.329    2.430    2.913    4.075
    4.227    5.803    5.961    6.140    6.239
            0.344444  0.558105  0.000000
  -77.942  -49.494  -49.434  -49.172  -21.849  -21.832  -20.588  -20.181  -14.933  -14.713
  -14.407  -14.322  -11.979  -11.893  -11.176  -10.759  -10.175   -9.763   -8.434   -7.830
   -6.182   -4.654   -3.315   -3.152   -2.143   -0.940   -0.331    2.430    2.919    4.080
    4.227    5.773    5.903    6.159    6.274
            0.347222  0.553294  0.000000
  -77.942  -49.496  -49.431  -49.172  -21.854  -21.838  -20.590  -20.181  -14.967  -14.757
  -14.361  -14.266  -11.978  -11.896  -11.218  -10.706  -10.187   -9.748   -8.435   -7.833
   -6.186   -4.648   -3.327   -3.142   -2.147   -0.938   -0.334    2.431    2.926    4.085
    4.226    5.736    5.842    6.180    6.309
            0.350000  0.548483  0.000000
  -77.942  -49.498  -49.428  -49.172  -21.861  -21.844  -20.591  -20.182  -15.003  -14.801
  -14.310  -14.208  -11.977  -11.899  -11.260  -10.650  -10.200   -9.732   -8.437   -7.835
   -6.192   -4.642   -3.341   -3.131   -2.152   -0.937   -0.337    2.431    2.935    4.090
    4.224    5.693    5.780    6.201    6.343
            0.352778  0.543672  0.000000
  -77.942  -49.501  -49.425  -49.172  -21.868  -21.851  -20.593  -20.184  -15.040  -14.844
  -14.256  -14.149  -11.977  -11.901  -11.302  -10.593  -10.214   -9.715   -8.438   -7.838
   -6.199   -4.635   -3.355   -3.120   -2.158   -0.936   -0.342    2.433    2.945    4.097
    4.221    5.642    5.718    6.221    6.377
            0.355556  0.538860  0.000000
  -77.942  -49.503  -49.421  -49.172  -21.877  -21.860  -20.595  -20.185  -15.078  -14.886
  -14.199  -14.087  -11.977  -11.903  -11.343  -10.536  -10.227   -9.697   -8.440   -7.842
   -6.206   -4.627   -3.369   -3.109   -2.165   -0.935   -0.347    2.435    2.957    4.103
    4.218    5.582    5.658    6.241    6.409
            0.358333  0.534049  0.000000
  -77.942  -49.506  -49.418  -49.172  -21.886  -21.869  -20.598  -20.187  -15.116  -14.928
  -14.139  -14.024  -11.979  -11.903  -11.383  -10.478  -10.240   -9.679   -8.442   -7.846
   -6.214   -4.618   -3.384   -3.099   -2.173   -0.935   -0.354    2.439    2.971    4.110
    4.214    5.515    5.601    6.260    6.441
            0.361111  0.529238  0.000000
  -77.942  -49.509  -49.414  -49.172  -21.895  -21.878  -20.600  -20.189  -15.155  -14.969
  -14.077  -13.959  -11.983  -11.901  -11.422  -10.422  -10.250   -9.660   -8.444   -7.850
   -6.223   -4.608   -3.399   -3.088   -2.182   -0.936   -0.362    2.444    2.986    4.117
    4.209    5.441    5.546    6.278    6.471
            0.363889  0.524426  0.000000
  -77.943  -49.512  -49.410  -49.173  -21.906  -21.889  -20.603  -20.191  -15.193  -15.009
  -14.014  -13.893  -11.988  -11.899  -11.460  -10.373  -10.252   -9.641   -8.446   -7.855
   -6.232   -4.598   -3.415   -3.077   -2.191   -0.937   -0.372    2.450    3.003    4.123
    4.203    5.362    5.493    6.294    6.501
            0.366667  0.519615  0.000000
  -77.943  -49.515  -49.406  -49.173  -21.917  -21.899  -20.607  -20.193  -15.231  -15.049
  -13.948  -13.825  -11.994  -11.895  -11.497  -10.341  -10.235   -9.621   -8.448   -7.859
   -6.242   -4.587   -3.430   -3.066   -2.201   -0.940   -0.383    2.458    3.022    4.129
    4.196    5.281    5.440    6.309    6.529
            0.369444  0.514804  0.000000
  -77.943  -49.518  -49.401  -49.173  -21.929  -21.911  -20.610  -20.196  -15.268  -15.088
  -13.882  -13.756  -12.002  -11.890  -11.532  -10.334  -10.193   -9.601   -8.450   -7.865
   -6.252   -4.575   -3.446   -3.055   -2.212   -0.944   -0.395    2.468    3.042    4.132
    4.190    5.196    5.389    6.321    6.557
            0.372222  0.509993  0.000000
  -77.943  -49.521  -49.397  -49.173  -21.941  -21.923  -20.614  -20.199  -15.305  -15.126
  -13.814  -13.686  -12.010  -11.885  -11.566  -10.339  -10.139   -9.581   -8.453   -7.870
   -6.263   -4.564   -3.461   -3.044   -2.224   -0.949   -0.409    2.479    3.063    4.130
    4.185    5.110    5.340    6.332    6.583
            0.375000  0.505181  0.000000
  -77.943  -49.524  -49.393  -49.173  -21.953  -21.935  -20.618  -20.202  -15.342  -15.164
  -13.746  -13.615  -12.019  -11.879  -11.597  -10.347  -10.082   -9.560   -8.455   -7.876
   -6.274   -4.551   -3.477   -3.033   -2.236   -0.956   -0.425    2.492    3.086    4.121
    4.185    5.023    5.292    6.341    6.607
            0.377778  0.500370  0.000000
  -77.943  -49.527  -49.388  -49.174  -21.966  -21.948  -20.623  -20.205  -15.378  -15.201
  -13.677  -13.544  -12.029  -11.873  -11.627  -10.356  -10.023   -9.539   -8.457   -7.882
   -6.286   -4.539   -3.493   -3.022   -2.249   -0.964   -0.443    2.507    3.109    4.106
    4.190    4.934    5.247    6.347    6.631
            0.380556  0.495559  0.000000
  -77.944  -49.530  -49.384  -49.174  -21.980  -21.961  -20.628  -20.209  -15.413  -15.237
  -13.607  -13.471  -12.040  -11.867  -11.654  -10.365   -9.966   -9.516   -8.459   -7.888
   -6.297   -4.526   -3.509   -3.010   -2.263   -0.974   -0.463    2.524    3.133    4.085
    4.197    4.845    5.206    6.352    6.653
            0.383333  0.490748  0.000000
  -77.944  -49.533  -49.379  -49.174  -21.993  -21.974  -20.632  -20.213  -15.448  -15.272
  -13.537  -13.398  -12.050  -11.862  -11.678  -10.373   -9.910   -9.490   -8.461   -7.894
   -6.309   -4.513   -3.525   -2.999   -2.278   -0.985   -0.484    2.541    3.158    4.059
    4.206    4.756    5.167    6.354    6.674
            0.386111  0.485936  0.000000
  -77.944  -49.536  -49.374  -49.174  -22.007  -21.988  -20.637  -20.217  -15.483  -15.307
  -13.467  -13.324  -12.061  -11.857  -11.698  -10.381   -9.857   -9.463   -8.464   -7.901
   -6.322   -4.500   -3.541   -2.987   -2.293   -0.998   -0.508    2.560    3.183    4.030
    4.217    4.667    5.132    6.355    6.693
            0.388889  0.481125  0.000000
  -77.944  -49.539  -49.370  -49.175  -22.021  -22.001  -20.643  -20.221  -15.516  -15.341
  -13.398  -13.251  -12.072  -11.854  -11.715  -10.388   -9.808   -9.431   -8.466   -7.907
   -6.334   -4.487   -3.557   -2.974   -2.309   -1.012   -0.534    2.580    3.208    3.997
    4.229    4.579    5.101    6.354    6.711
            0.391667  0.476314  0.000000
  -77.944  -49.542  -49.365  -49.175  -22.035  -22.015  -20.648  -20.225  -15.549  -15.374
  -13.330  -13.177  -12.083  -11.852  -11.728  -10.394   -9.763   -9.396   -8.468   -7.914
   -6.346   -4.474   -3.573   -2.962   -2.325   -1.029   -0.561    2.600    3.232    3.963
    4.243    4.491    5.074    6.350    6.728
            0.394444  0.471503  0.000000
  -77.945  -49.544  -49.361  -49.175  -22.049  -22.029  -20.654  -20.229  -15.581  -15.407
  -13.262  -13.104  -12.093  -11.852  -11.735  -10.398   -9.724   -9.355   -8.471   -7.921
   -6.359   -4.461   -3.588   -2.949   -2.343   -1.046   -0.590    2.620    3.256    3.927
    4.258    4.405    5.050    6.346    6.743
            0.397222  0.466691  0.000000
  -77.945  -49.547  -49.356  -49.175  -22.063  -22.043  -20.659  -20.234  -15.613  -15.438
  -13.196  -13.031  -12.102  -11.854  -11.738  -10.402   -9.691   -9.310   -8.473   -7.929
   -6.372   -4.448   -3.604   -2.935   -2.361   -1.066   -0.621    2.638    3.279    3.891
    4.275    4.322    5.029    6.339    6.757
            0.400000  0.461880  0.000000
  -77.945  -49.550  -49.352  -49.176  -22.077  -22.057  -20.665  -20.239  -15.643  -15.469
  -13.133  -12.960  -12.109  -11.857  -11.738  -10.404   -9.662   -9.260   -8.475   -7.936
   -6.384   -4.435   -3.620   -2.922   -2.380   -1.087   -0.654    2.655    3.299    3.857
    4.239    4.296    5.011    6.331    6.769
            0.402778  0.457069  0.000000
  -77.945  -49.553  -49.347  -49.176  -22.091  -22.071  -20.671  -20.243  -15.673  -15.499
  -13.072  -12.890  -12.113  -11.860  -11.733  -10.406   -9.638   -9.207   -8.478   -7.944
   -6.397   -4.422   -3.636   -2.907   -2.399   -1.110   -0.689    2.669    3.317    3.824
    4.161    4.317    4.996    6.322    6.780
            0.405556  0.452258  0.000000
  -77.945  -49.555  -49.343  -49.176  -22.105  -22.085  -20.677  -20.248  -15.703  -15.529
  -13.015  -12.823  -12.114  -11.862  -11.726  -10.406   -9.618   -9.151   -8.480   -7.952
   -6.410   -4.410   -3.651   -2.892   -2.419   -1.134   -0.724    2.679    3.331    3.795
    4.089    4.340    4.983    6.311    6.789
            0.408333  0.447446  0.000000
  -77.946  -49.558  -49.338  -49.176  -22.119  -22.098  -20.683  -20.253  -15.731  -15.557
  -12.963  -12.759  -12.110  -11.863  -11.717  -10.405   -9.601   -9.092   -8.482   -7.959
   -6.423   -4.398   -3.667   -2.877   -2.440   -1.160   -0.761    2.684    3.340    3.769
    4.022    4.367    4.972    6.300    6.797
            0.411111  0.442635  0.000000
  -77.946  -49.560  -49.334  -49.177  -22.133  -22.112  -20.689  -20.258  -15.759  -15.585
  -12.916  -12.698  -12.100  -11.863  -11.705  -10.403   -9.587   -9.032   -8.484   -7.967
   -6.435   -4.386   -3.682   -2.861   -2.462   -1.188   -0.800    2.684    3.343    3.747
    3.966    4.395    4.963    6.287    6.804
            0.413889  0.437824  0.000000
  -77.946  -49.563  -49.330  -49.177  -22.146  -22.125  -20.696  -20.263  -15.786  -15.612
  -12.875  -12.642  -12.084  -11.860  -11.691  -10.401   -9.574   -8.972   -8.487   -7.976
   -6.448   -4.375   -3.698   -2.845   -2.485   -1.217   -0.838    2.676    3.339    3.727
    3.923    4.426    4.956    6.274    6.809
            0.416667  0.433013  0.000000
  -77.946  -49.565  -49.325  -49.177  -22.160  -22.139  -20.702  -20.268  -15.812  -15.638
  -12.841  -12.591  -12.061  -11.854  -11.674  -10.397   -9.563   -8.911   -8.489   -7.984
   -6.461   -4.364   -3.713   -2.829   -2.508   -1.247   -0.878    2.662    3.327    3.706
    3.897    4.460    4.951    6.260    6.813
            0.419444  0.428201  0.000000
  -77.946  -49.567  -49.321  -49.178  -22.173  -22.152  -20.708  -20.273  -15.837  -15.663
  -12.814  -12.546  -12.032  -11.846  -11.654  -10.392   -9.553   -8.851   -8.490   -7.992
   -6.474   -4.353   -3.728   -2.812   -2.531   -1.279   -0.918    2.642    3.306    3.684
    3.890    4.496    4.947    6.245    6.815
            0.422222  0.423390  0.000000
  -77.947  -49.570  -49.317  -49.178  -22.186  -22.164  -20.714  -20.279  -15.862  -15.688
  -12.794  -12.506  -11.998  -11.833  -11.631  -10.387   -9.544   -8.791   -8.491   -8.000
   -6.487   -4.343   -3.742   -2.796   -2.555   -1.313   -0.957    2.615    3.275    3.664
    3.898    4.534    4.945    6.230    6.816
            0.425000  0.418579  0.000000
  -77.947  -49.572  -49.313  -49.178  -22.199  -22.177  -20.720  -20.284  -15.886  -15.712
  -12.781  -12.471  -11.963  -11.814  -11.603  -10.381   -9.535   -8.734   -8.491   -8.007
   -6.500   -4.333   -3.757   -2.779   -2.580   -1.348   -0.997    2.582    3.237    3.647
    3.919    4.575    4.945    6.215    6.816
            0.427778  0.413768  0.000000
  -77.947  -49.574  -49.309  -49.178  -22.211  -22.189  -20.726  -20.289  -15.909  -15.735
  -12.773  -12.442  -11.930  -11.786  -11.572  -10.374   -9.528   -8.680   -8.488   -8.015
   -6.513   -4.323   -3.771   -2.763   -2.604   -1.384   -1.036    2.545    3.193    3.635
    3.948    4.616    4.947    6.199    6.814
            0.430556  0.408956  0.000000
  -77.947  -49.576  -49.306  -49.179  -22.223  -22.201  -20.732  -20.294  -15.931  -15.757
  -12.771  -12.417  -11.905  -11.748  -11.536  -10.366   -9.520   -8.632   -8.481   -8.021
   -6.526   -4.314   -3.785   -2.749   -2.627   -1.422   -1.074    2.505    3.144    3.626
    3.983    4.660    4.952    6.183    6.811
            0.433333  0.404145  0.000000
  -77.947  -49.578  -49.302  -49.179  -22.235  -22.213  -20.738  -20.298  -15.952  -15.778
  -12.772  -12.396  -11.886  -11.699  -11.496  -10.359   -9.513   -8.595   -8.465   -8.027
   -6.539   -4.306   -3.799   -2.738   -2.646   -1.460   -1.112    2.462    3.093    3.620
    4.023    4.704    4.960    6.167    6.807
            0.436111  0.399334  0.000000
  -77.948  -49.580  -49.298  -49.179  -22.246  -22.224  -20.744  -20.303  -15.973  -15.798
  -12.776  -12.379  -11.873  -11.643  -11.453  -10.350   -9.506   -8.572   -8.438   -8.031
   -6.552   -4.297   -3.812   -2.737   -2.657   -1.500   -1.149    2.417    3.040    3.616
    4.065    4.748    4.972    6.150    6.801
            0.438889  0.394523  0.000000
  -77.948  -49.582  -49.295  -49.179  -22.257  -22.235  -20.749  -20.308  -15.992  -15.818
  -12.783  -12.366  -11.864  -11.583  -11.407  -10.342   -9.499   -8.561   -8.402   -8.033
   -6.566   -4.290   -3.825   -2.749   -2.656   -1.540   -1.184    2.371    2.988    3.613
    4.108    4.792    4.988    6.134    6.795
            0.441667  0.389711  0.000000
  -77.948  -49.584  -49.291  -49.180  -22.268  -22.246  -20.755  -20.313  -16.011  -15.836
  -12.791  -12.355  -11.857  -11.521  -11.358  -10.333   -9.492   -8.557   -8.364   -8.032
   -6.579   -4.283   -3.838   -2.770   -2.645   -1.580   -1.218    2.325    2.936    3.611
    4.152    4.834    5.011    6.118    6.787
            0.444444  0.384900  0.000000
  -77.948  -49.585  -49.288  -49.180  -22.278  -22.256  -20.760  -20.317  -16.029  -15.854
  -12.800  -12.346  -11.851  -11.458  -11.308  -10.324   -9.485   -8.557   -8.327   -8.026
   -6.593   -4.276   -3.851   -2.795   -2.632   -1.620   -1.251    2.279    2.886    3.610
    4.194    4.875    5.041    6.102    6.777
            0.447222  0.380089  0.000000
  -77.948  -49.587  -49.285  -49.180  -22.288  -22.265  -20.765  -20.321  -16.046  -15.871
  -12.811  -12.339  -11.847  -11.395  -11.256  -10.315   -9.478   -8.558   -8.297   -8.014
   -6.606   -4.269   -3.863   -2.822   -2.617   -1.660   -1.282    2.234    2.837    3.609
    4.234    4.915    5.077    6.086    6.766
            0.450000  0.375278  0.000000
  -77.949  -49.588  -49.282  -49.180  -22.297  -22.275  -20.770  -20.326  -16.062  -15.887
  -12.821  -12.334  -11.843  -11.332  -11.204  -10.307   -9.471   -8.561   -8.274   -7.995
   -6.620   -4.263   -3.875   -2.850   -2.602   -1.699   -1.313    2.189    2.789    3.607
    4.271    4.955    5.118    6.071    6.754
            0.452778  0.370466  0.000000
  -77.949  -49.590  -49.279  -49.181  -22.306  -22.284  -20.775  -20.330  -16.078  -15.903
  -12.832  -12.330  -11.841  -11.271  -11.152  -10.298   -9.463   -8.564   -8.258   -7.970
   -6.634   -4.258   -3.886   -2.878   -2.587   -1.738   -1.341    2.146    2.744    3.606
    4.304    4.995    5.164    6.055    6.741
            0.455556  0.365655  0.000000
  -77.949  -49.591  -49.277  -49.181  -22.315  -22.292  -20.779  -20.333  -16.092  -15.917
  -12.843  -12.328  -11.839  -11.211  -11.100  -10.290   -9.456   -8.568   -8.249   -7.938
   -6.649   -4.253   -3.898   -2.906   -2.573   -1.774   -1.369    2.104    2.701    3.605
    4.333    5.038    5.213    6.041    6.726
            0.458333  0.360844  0.000000
  -77.949  -49.593  -49.274  -49.181  -22.323  -22.300  -20.784  -20.337  -16.106  -15.931
  -12.854  -12.326  -11.838  -11.152  -11.050  -10.282   -9.449   -8.571   -8.246   -7.903
   -6.663   -4.248   -3.908   -2.934   -2.561   -1.809   -1.395    2.064    2.661    3.604
    4.357    5.084    5.265    6.026    6.710
            0.461111  0.356033  0.000000
  -77.949  -49.594  -49.272  -49.181  -22.330  -22.307  -20.788  -20.341  -16.119  -15.943
  -12.864  -12.324  -11.837  -11.096  -11.000  -10.274   -9.441   -8.575   -8.246   -7.866
   -6.677   -4.243   -3.919   -2.961   -2.549   -1.841   -1.419    2.026    2.623    3.603
    4.378    5.133    5.317    6.012    6.692
            0.463889  0.351221  0.000000
  -77.949  -49.595  -49.269  -49.181  -22.337  -22.314  -20.792  -20.344  -16.131  -15.955
  -12.874  -12.323  -11.836  -11.043  -10.953  -10.267   -9.434   -8.580   -8.249   -7.827
   -6.692   -4.239   -3.929   -2.987   -2.540   -1.871   -1.442    1.991    2.587    3.601
    4.394    5.184    5.370    5.999    6.673
            0.466667  0.346410  0.000000
  -77.949  -49.596  -49.267  -49.181  -22.344  -22.321  -20.795  -20.347  -16.142  -15.966
  -12.884  -12.323  -11.836  -10.992  -10.907  -10.260   -9.426   -8.584   -8.253   -7.789
   -6.706   -4.235   -3.938   -3.013   -2.532   -1.898   -1.464    1.957    2.554    3.600
    4.407    5.238    5.423    5.986    6.653
            0.469444  0.341599  0.000000
  -77.950  -49.597  -49.265  -49.182  -22.350  -22.327  -20.799  -20.350  -16.152  -15.976
  -12.893  -12.323  -11.835  -10.944  -10.864  -10.254   -9.419   -8.588   -8.258   -7.751
   -6.720   -4.232   -3.947   -3.037   -2.525   -1.921   -1.484    1.926    2.523    3.598
    4.417    5.292    5.475    5.973    6.632
            0.472222  0.336788  0.000000
  -77.950  -49.598  -49.264  -49.182  -22.356  -22.333  -20.802  -20.352  -16.161  -15.985
  -12.901  -12.323  -11.835  -10.900  -10.824  -10.248   -9.412   -8.592   -8.263   -7.715
   -6.735   -4.229   -3.956   -3.060   -2.521   -1.942   -1.503    1.897    2.495    3.597
    4.425    5.347    5.527    5.961    6.610
            0.475000  0.331976  0.000000
  -77.950  -49.599  -49.262  -49.182  -22.361  -22.338  -20.805  -20.355  -16.170  -15.994
  -12.909  -12.323  -11.835  -10.859  -10.786  -10.243   -9.405   -8.596   -8.269   -7.681
   -6.748   -4.226   -3.963   -3.081   -2.518   -1.959   -1.521    1.870    2.470    3.596
    4.431    5.402    5.577    5.949    6.587
            0.477778  0.327165  0.000000
  -77.950  -49.599  -49.260  -49.182  -22.365  -22.342  -20.807  -20.357  -16.177  -16.001
  -12.916  -12.323  -11.835  -10.822  -10.752  -10.238   -9.399   -8.599   -8.275   -7.649
   -6.762   -4.223   -3.971   -3.101   -2.517   -1.973   -1.537    1.847    2.447    3.595
    4.435    5.456    5.626    5.937    6.563
            0.480556  0.322354  0.000000
  -77.950  -49.600  -49.259  -49.182  -22.369  -22.346  -20.809  -20.359  -16.184  -16.008
  -12.922  -12.324  -11.836  -10.789  -10.721  -10.234   -9.393   -8.603   -8.280   -7.620
   -6.774   -4.221   -3.977   -3.119   -2.517   -1.984   -1.551    1.826    2.427    3.594
    4.438    5.508    5.672    5.926    6.539
            0.483333  0.317543  0.000000
  -77.950  -49.601  -49.258  -49.182  -22.373  -22.350  -20.811  -20.361  -16.190  -16.014
  -12.928  -12.324  -11.836  -10.759  -10.694  -10.231   -9.387   -8.606   -8.285   -7.593
   -6.786   -4.218   -3.983   -3.134   -2.519   -1.993   -1.564    1.807    2.410    3.592
    4.440    5.557    5.715    5.914    6.516
            0.486111  0.312731  0.000000
  -77.950  -49.601  -49.257  -49.182  -22.376  -22.353  -20.813  -20.362  -16.195  -16.018
  -12.932  -12.325  -11.836  -10.734  -10.670  -10.228   -9.382   -8.609   -8.289   -7.570
   -6.796   -4.217   -3.988   -3.148   -2.520   -1.999   -1.574    1.792    2.395    3.592
    4.442    5.602    5.755    5.902    6.493
            0.488889  0.307920  0.000000
  -77.950  -49.602  -49.256  -49.182  -22.378  -22.355  -20.814  -20.363  -16.199  -16.022
  -12.936  -12.325  -11.836  -10.714  -10.651  -10.226   -9.378   -8.611   -8.293   -7.550
   -6.805   -4.215   -3.993   -3.159   -2.523   -2.004   -1.583    1.779    2.383    3.591
    4.443    5.643    5.789    5.891    6.472
            0.491667  0.303109  0.000000
  -77.950  -49.602  -49.256  -49.182  -22.380  -22.357  -20.815  -20.364  -16.202  -16.025
  -12.939  -12.325  -11.836  -10.698  -10.636  -10.224   -9.375   -8.613   -8.295   -7.535
   -6.813   -4.214   -3.996   -3.168   -2.525   -2.007   -1.590    1.769    2.373    3.590
    4.443    5.679    5.818    5.879    6.454
            0.494444  0.298298  0.000000
  -77.950  -49.602  -49.255  -49.182  -22.381  -22.358  -20.816  -20.365  -16.204  -16.028
  -12.941  -12.325  -11.836  -10.686  -10.624  -10.223   -9.373   -8.614   -8.298   -7.523
   -6.818   -4.213   -3.999   -3.174   -2.526   -2.009   -1.596    1.762    2.367    3.590
    4.444    5.708    5.840    5.867    6.440
            0.497222  0.293486  0.000000
  -77.950  -49.602  -49.255  -49.182  -22.382  -22.359  -20.817  -20.365  -16.205  -16.029
  -12.943  -12.326  -11.837  -10.679  -10.618  -10.223   -9.371   -8.615   -8.299   -7.516
   -6.822   -4.212   -4.000   -3.178   -2.527   -2.010   -1.599    1.757    2.363    3.589
    4.444    5.728    5.854    5.859    6.431
            0.500000  0.288675  0.000000
  -77.950  -49.602  -49.255  -49.182  -22.382  -22.359  -20.817  -20.365  -16.206  -16.029
  -12.943  -12.326  -11.837  -10.677  -10.616  -10.222   -9.371   -8.615   -8.299   -7.514
   -6.823   -4.212   -4.001   -3.179   -2.528   -2.011   -1.600    1.756    2.361    3.589
    4.444    5.735    5.855    5.859    6.428
            0.495000  0.285788  0.000000
  -77.950  -49.602  -49.255  -49.182  -22.384  -22.361  -20.817  -20.365  -16.204  -16.028
  -12.943  -12.325  -11.836  -10.676  -10.615  -10.222   -9.370   -8.616   -8.299   -7.514
   -6.823   -4.212   -4.001   -3.179   -2.526   -2.011   -1.600    1.757    2.362    3.589
    4.443    5.733    5.855    5.859    6.428
            0.490000  0.282902  0.000000
  -77.950  -49.602  -49.255  -49.182  -22.389  -22.366  -20.817  -20.365  -16.199  -16.022
  -12.944  -12.322  -11.835  -10.675  -10.614  -10.221   -9.370   -8.619   -8.299   -7.515
   -6.823   -4.212   -4.001   -3.177   -2.523   -2.011   -1.599    1.758    2.364    3.590
    4.442    5.727    5.856    5.859    6.428
            0.485000  0.280015  0.000000
  -77.950  -49.601  -49.255  -49.183  -22.397  -22.373  -20.818  -20.364  -16.190  -16.014
  -12.946  -12.318  -11.833  -10.674  -10.613  -10.220   -9.368   -8.623   -8.299   -7.517
   -6.824   -4.211   -4.000   -3.173   -2.516   -2.012   -1.598    1.761    2.367    3.590
    4.439    5.718    5.858    5.859    6.429
            0.480000  0.277128  0.000000
  -77.950  -49.600  -49.255  -49.183  -22.408  -22.384  -20.819  -20.363  -16.178  -16.002
  -12.948  -12.312  -11.830  -10.672  -10.611  -10.218   -9.366   -8.629   -8.299   -7.520
   -6.825   -4.209   -4.000   -3.168   -2.508   -2.013   -1.597    1.765    2.372    3.590
    4.436    5.706    5.858    5.861    6.430
            0.475000  0.274241  0.000000
  -77.951  -49.600  -49.254  -49.183  -22.423  -22.398  -20.821  -20.362  -16.163  -15.986
  -12.950  -12.305  -11.826  -10.669  -10.608  -10.216   -9.363   -8.637   -8.298   -7.524
   -6.826   -4.208   -4.000   -3.162   -2.496   -2.015   -1.595    1.770    2.378    3.590
    4.432    5.691    5.857    5.864    6.431
            0.470000  0.271355  0.000000
  -77.951  -49.598  -49.254  -49.183  -22.440  -22.415  -20.823  -20.361  -16.144  -15.967
  -12.953  -12.295  -11.821  -10.665  -10.604  -10.214   -9.359   -8.646   -8.298   -7.528
   -6.828   -4.206   -3.999   -3.155   -2.482   -2.017   -1.593    1.777    2.385    3.591
    4.426    5.673    5.855    5.869    6.433
            0.465000  0.268468  0.000000
  -77.951  -49.597  -49.254  -49.183  -22.460  -22.435  -20.826  -20.360  -16.122  -15.945
  -12.956  -12.285  -11.816  -10.661  -10.600  -10.210   -9.355   -8.656   -8.298   -7.533
   -6.829   -4.203   -3.998   -3.147   -2.466   -2.019   -1.590    1.784    2.393    3.591
    4.420    5.653    5.852    5.874    6.434
            0.460000  0.265581  0.000000
  -77.951  -49.595  -49.253  -49.184  -22.483  -22.457  -20.829  -20.359  -16.096  -15.920
  -12.960  -12.273  -11.809  -10.656  -10.596  -10.207   -9.351   -8.668   -8.298   -7.539
   -6.831   -4.201   -3.998   -3.138   -2.448   -2.021   -1.586    1.793    2.403    3.591
    4.412    5.630    5.849    5.879    6.436
            0.455000  0.262694  0.000000
  -77.951  -49.594  -49.253  -49.184  -22.509  -22.482  -20.833  -20.358  -16.068  -15.891
  -12.965  -12.259  -11.802  -10.651  -10.590  -10.202   -9.345   -8.681   -8.298   -7.546
   -6.834   -4.198   -3.997   -3.127   -2.427   -2.024   -1.582    1.803    2.414    3.592
    4.404    5.606    5.844    5.886    6.438
            0.450000  0.259808  0.000000
  -77.952  -49.591  -49.252  -49.185  -22.537  -22.510  -20.838  -20.357  -16.036  -15.859
  -12.970  -12.245  -11.794  -10.645  -10.585  -10.197   -9.339   -8.695   -8.298   -7.553
   -6.836   -4.194   -3.996   -3.116   -2.403   -2.027   -1.577    1.813    2.426    3.592
    4.394    5.580    5.839    5.893    6.441
            0.445000  0.256921  0.000000
  -77.952  -49.589  -49.252  -49.185  -22.568  -22.539  -20.843  -20.356  -16.001  -15.823
  -12.975  -12.229  -11.786  -10.638  -10.578  -10.191   -9.333   -8.710   -8.299   -7.561
   -6.839   -4.190   -3.994   -3.104   -2.378   -2.031   -1.572    1.825    2.439    3.592
    4.382    5.553    5.832    5.901    6.443
            0.440000  0.254034  0.000000
  -77.952  -49.587  -49.251  -49.185  -22.600  -22.571  -20.850  -20.355  -15.963  -15.785
  -12.981  -12.212  -11.776  -10.631  -10.571  -10.185   -9.325   -8.726   -8.299   -7.570
   -6.842   -4.186   -3.993   -3.092   -2.350   -2.035   -1.565    1.839    2.454    3.591
    4.370    5.525    5.825    5.909    6.446
            0.435000  0.251147  0.000000
  -77.953  -49.584  -49.251  -49.186  -22.635  -22.605  -20.857  -20.355  -15.922  -15.744
  -12.987  -12.193  -11.766  -10.623  -10.563  -10.178   -9.318   -8.742   -8.300   -7.580
   -6.845   -4.182   -3.992   -3.079   -2.320   -2.039   -1.558    1.853    2.469    3.591
    4.356    5.496    5.817    5.918    6.449
            0.430000  0.248261  0.000000
  -77.953  -49.581  -49.250  -49.187  -22.672  -22.641  -20.865  -20.356  -15.879  -15.699
  -12.994  -12.175  -11.756  -10.614  -10.555  -10.170   -9.309   -8.759   -8.301   -7.590
   -6.848   -4.177   -3.990   -3.066   -2.288   -2.044   -1.549    1.868    2.486    3.590
    4.340    5.466    5.809    5.928    6.452
            0.425000  0.245374  0.000000
  -77.954  -49.578  -49.249  -49.187  -22.710  -22.678  -20.875  -20.357  -15.832  -15.652
  -13.001  -12.155  -11.744  -10.605  -10.546  -10.161   -9.300   -8.777   -8.302   -7.601
   -6.851   -4.171   -3.988   -3.053   -2.254   -2.049   -1.540    1.884    2.504    3.588
    4.323    5.436    5.801    5.938    6.455
            0.420000  0.242487  0.000000
  -77.954  -49.575  -49.249  -49.188  -22.750  -22.717  -20.885  -20.358  -15.783  -15.602
  -13.008  -12.135  -11.732  -10.595  -10.537  -10.151   -9.291   -8.795   -8.303   -7.613
   -6.855   -4.166   -3.986   -3.041   -2.217   -2.054   -1.529    1.902    2.522    3.587
    4.305    5.406    5.792    5.948    6.458
            0.415000  0.239600  0.000000
  -77.955  -49.572  -49.248  -49.189  -22.791  -22.758  -20.896  -20.360  -15.731  -15.549
  -13.016  -12.114  -11.718  -10.585  -10.526  -10.141   -9.280   -8.814   -8.304   -7.626
   -6.858   -4.159   -3.984   -3.028   -2.179   -2.060   -1.516    1.920    2.542    3.584
    4.285    5.376    5.783    5.959    6.461
            0.410000  0.236714  0.000000
  -77.955  -49.568  -49.247  -49.189  -22.834  -22.800  -20.909  -20.363  -15.677  -15.494
  -13.024  -12.093  -11.704  -10.574  -10.516  -10.129   -9.270   -8.833   -8.305   -7.639
   -6.861   -4.153   -3.982   -3.015   -2.139   -2.066   -1.502    1.940    2.562    3.581
    4.263    5.347    5.774    5.971    6.465
            0.405000  0.233827  0.000000
  -77.956  -49.564  -49.246  -49.190  -22.878  -22.843  -20.922  -20.366  -15.620  -15.435
  -13.033  -12.071  -11.690  -10.562  -10.505  -10.117   -9.258   -8.852   -8.306   -7.653
   -6.865   -4.146   -3.979   -3.004   -2.097   -2.072   -1.486    1.960    2.583    3.578
    4.239    5.319    5.765    5.983    6.468
            0.400000  0.230940  0.000000
  -77.957  -49.560  -49.245  -49.191  -22.923  -22.887  -20.937  -20.370  -15.562  -15.375
  -13.042  -12.050  -11.674  -10.550  -10.493  -10.103   -9.246   -8.872   -8.307   -7.667
   -6.868   -4.139   -3.977   -2.993   -2.079   -2.053   -1.469    1.981    2.605    3.573
    4.214    5.291    5.756    5.995    6.471
            0.395000  0.228053  0.000000
  -77.957  -49.556  -49.244  -49.192  -22.969  -22.932  -20.953  -20.375  -15.501  -15.312
  -13.051  -12.029  -11.657  -10.537  -10.481  -10.088   -9.234   -8.891   -8.308   -7.683
   -6.872   -4.131   -3.974   -2.982   -2.086   -2.008   -1.450    2.004    2.628    3.568
    4.187    5.265    5.749    6.008    6.474
            0.390000  0.225167  0.000000
  -77.958  -49.552  -49.243  -49.193  -23.016  -22.978  -20.970  -20.380  -15.438  -15.246
  -13.061  -12.009  -11.639  -10.524  -10.468  -10.073   -9.220   -8.911   -8.309   -7.698
   -6.875   -4.123   -3.971   -2.973   -2.094   -1.961   -1.428    2.027    2.651    3.563
    4.159    5.240    5.742    6.021    6.478
            0.385000  0.222280  0.000000
  -77.959  -49.547  -49.242  -49.193  -23.064  -23.025  -20.987  -20.386  -15.373  -15.178
  -13.070  -11.989  -11.619  -10.510  -10.454  -10.056   -9.207   -8.931   -8.310   -7.715
   -6.877   -4.114   -3.968   -2.965   -2.102   -1.913   -1.405    2.050    2.674    3.556
    4.129    5.217    5.735    6.033    6.480
            0.380000  0.219393  0.000000
  -77.959  -49.543  -49.241  -49.194  -23.112  -23.073  -21.006  -20.393  -15.307  -15.108
  -13.080  -11.971  -11.599  -10.496  -10.440  -10.038   -9.193   -8.950   -8.311   -7.732
   -6.880   -4.105   -3.965   -2.958   -2.110   -1.863   -1.380    2.075    2.698    3.549
    4.097    5.196    5.730    6.047    6.483
            0.375000  0.216506  0.000000
  -77.960  -49.538  -49.240  -49.195  -23.161  -23.121  -21.026  -20.401  -15.239  -15.036
  -13.091  -11.953  -11.576  -10.481  -10.426  -10.018   -9.178   -8.970   -8.311   -7.749
   -6.882   -4.096   -3.961   -2.952   -2.119   -1.812   -1.353    2.100    2.722    3.541
    4.064    5.177    5.726    6.060    6.486
            0.370000  0.213620  0.000000
  -77.961  -49.533  -49.239  -49.196  -23.210  -23.169  -21.047  -20.409  -15.170  -14.962
  -13.101  -11.936  -11.553  -10.465  -10.411   -9.998   -9.162   -8.989   -8.312   -7.767
   -6.884   -4.086   -3.958   -2.948   -2.128   -1.760   -1.323    2.125    2.746    3.532
    4.029    5.160    5.723    6.073    6.488
            0.365000  0.210733  0.000000
  -77.962  -49.528  -49.238  -49.197  -23.260  -23.218  -21.068  -20.418  -15.100  -14.886
  -13.111  -11.921  -11.527  -10.449  -10.395   -9.976   -9.147   -9.009   -8.312   -7.786
   -6.885   -4.076   -3.954   -2.944   -2.137   -1.706   -1.291    2.151    2.770    3.523
    3.993    5.145    5.721    6.086    6.490
            0.360000  0.207846  0.000000
  -77.962  -49.523  -49.237  -49.198  -23.310  -23.268  -21.091  -20.427  -15.028  -14.809
  -13.121  -11.908  -11.500  -10.433  -10.379   -9.954   -9.130   -9.028   -8.312   -7.805
   -6.885   -4.066   -3.951   -2.943   -2.147   -1.651   -1.257    2.177    2.793    3.514
    3.957    5.132    5.720    6.098    6.491
            0.355000  0.204959  0.000000
  -77.963  -49.517  -49.236  -49.199  -23.361  -23.317  -21.114  -20.437  -14.956  -14.729
  -13.131  -11.896  -11.472  -10.416  -10.363   -9.930   -9.113   -9.047   -8.311   -7.825
   -6.885   -4.055   -3.947   -2.943   -2.157   -1.595   -1.221    2.203    2.815    3.505
    3.919    5.122    5.721    6.111    6.492
            0.350000  0.202073  0.000000
  -77.964  -49.512  -49.234  -49.201  -23.411  -23.367  -21.139  -20.448  -14.884  -14.648
  -13.140  -11.885  -11.442  -10.398  -10.346   -9.904   -9.096   -9.066   -8.310   -7.845
   -6.885   -4.044   -3.943   -2.944   -2.168   -1.539   -1.183    2.230    2.836    3.496
    3.881    5.114    5.724    6.123    6.492
            0.345000  0.199186  0.000000
  -77.965  -49.506  -49.233  -49.202  -23.462  -23.417  -21.164  -20.459  -14.811  -14.565
  -13.148  -11.876  -11.410  -10.380  -10.328   -9.878   -9.085   -9.078   -8.309   -7.865
   -6.883   -4.032   -3.939   -2.946   -2.179   -1.481   -1.143    2.256    2.856    3.487
    3.842    5.108    5.727    6.134    6.492
            0.340000  0.196299  0.000000
  -77.966  -49.500  -49.232  -49.203  -23.513  -23.467  -21.189  -20.471  -14.739  -14.481
  -13.156  -11.869  -11.377  -10.362  -10.310   -9.851   -9.104   -9.060   -8.307   -7.886
   -6.881   -4.020   -3.935   -2.950   -2.190   -1.423   -1.101    2.282    2.874    3.480
    3.803    5.104    5.733    6.145    6.491
            0.335000  0.193412  0.000000
  -77.967  -49.494  -49.230  -49.204  -23.564  -23.517  -21.216  -20.483  -14.667  -14.395
  -13.162  -11.863  -11.343  -10.343  -10.292   -9.823   -9.122   -9.041   -8.305   -7.908
   -6.877   -4.007   -3.930   -2.955   -2.202   -1.363   -1.057    2.307    2.889    3.473
    3.764    5.103    5.739    6.155    6.489
            0.330000  0.190526  0.000000
  -77.968  -49.488  -49.229  -49.205  -23.615  -23.567  -21.243  -20.496  -14.597  -14.308
  -13.166  -11.858  -11.308  -10.323  -10.273   -9.793   -9.141   -9.022   -8.302   -7.930
   -6.873   -3.995   -3.926   -2.962   -2.214   -1.303   -1.011    2.332    2.902    3.469
    3.725    5.103    5.747    6.165    6.486
            0.325000  0.187639  0.000000
  -77.969  -49.482  -49.227  -49.206  -23.665  -23.617  -21.270  -20.510  -14.528  -14.220
  -13.168  -11.855  -11.271  -10.304  -10.254   -9.763   -9.159   -9.002   -8.299   -7.952
   -6.868   -3.981   -3.921   -2.970   -2.226   -1.243   -0.963    2.356    2.912    3.466
    3.686    5.106    5.757    6.173    6.482
            0.320000  0.184752  0.000000
  -77.969  -49.476  -49.226  -49.208  -23.716  -23.667  -21.298  -20.523  -14.461  -14.130
  -13.168  -11.853  -11.233  -10.283  -10.234   -9.732   -9.177   -8.982   -8.296   -7.974
   -6.862   -3.968   -3.917   -2.978   -2.239   -1.182   -0.914    2.378    2.918    3.467
    3.649    5.110    5.768    6.181    6.477
            0.315000  0.181865  0.000000
  -77.970  -49.469  -49.225  -49.209  -23.766  -23.717  -21.327  -20.538  -14.397  -14.040
  -13.164  -11.852  -11.195  -10.263  -10.214   -9.701   -9.194   -8.961   -8.291   -7.997
   -6.854   -3.954   -3.912   -2.988   -2.252   -1.120   -0.864    2.399    2.920    3.469
    3.612    5.115    5.780    6.187    6.471
            0.310000  0.178979  0.000000
  -77.971  -49.463  -49.223  -49.210  -23.816  -23.766  -21.356  -20.552  -14.337  -13.948
  -13.155  -11.852  -11.156  -10.241  -10.193   -9.669   -9.211   -8.940   -8.287   -8.020
   -6.846   -3.940   -3.907   -2.999   -2.266   -1.058   -0.812    2.418    2.919    3.474
    3.578    5.122    5.794    6.192    6.464
            0.305000  0.176092  0.000000
  -77.972  -49.456  -49.222  -49.212  -23.866  -23.815  -21.385  -20.567  -14.282  -13.856
  -13.142  -11.853  -11.115  -10.220  -10.173   -9.637   -9.228   -8.919   -8.281   -8.043
   -6.836   -3.925   -3.902   -3.011   -2.280   -0.996   -0.758    2.435    2.913    3.480
    3.548    5.130    5.808    6.196    6.455
            0.300000  0.173205  0.000000
  -77.973  -49.450  -49.220  -49.213  -23.916  -23.864  -21.414  -20.582  -14.232  -13.763
  -13.123  -11.855  -11.075  -10.198  -10.151   -9.605   -9.244   -8.897   -8.275   -8.066
   -6.826   -3.911   -3.897   -3.023   -2.294   -0.933   -0.704    2.450    2.905    3.481
    3.526    5.139    5.824    6.198    6.444
            0.295000  0.170318  0.000000
  -77.974  -49.443  -49.219  -49.214  -23.965  -23.913  -21.444  -20.598  -14.189  -13.668
  -13.097  -11.858  -11.033  -10.176  -10.130   -9.573   -9.259   -8.875   -8.269   -8.090
   -6.814   -3.896   -3.892   -3.036   -2.309   -0.870   -0.649    2.462    2.893    3.467
    3.524    5.149    5.840    6.198    6.432
            0.290000  0.167432  0.000000
  -77.975  -49.436  -49.217  -49.215  -24.014  -23.961  -21.475  -20.614  -14.152  -13.574
  -13.064  -11.861  -10.991  -10.153  -10.108   -9.543   -9.272   -8.852   -8.261   -8.114
   -6.801   -3.887   -3.880   -3.050   -2.324   -0.807   -0.593    2.472    2.879    3.444
    3.535    5.159    5.857    6.196    6.418
            0.285000  0.164545  0.000000
  -77.976  -49.430  -49.217  -49.216  -24.062  -24.008  -21.505  -20.630  -14.122  -13.479
  -13.024  -11.865  -10.949  -10.131  -10.086   -9.515   -9.282   -8.830   -8.253   -8.138
   -6.787   -3.881   -3.865   -3.065   -2.340   -0.744   -0.536    2.478    2.862    3.422
    3.550    5.168    5.875    6.193    6.403
            0.280000  0.161658  0.000000
  -77.978  -49.423  -49.218  -49.214  -24.110  -24.056  -21.535  -20.646  -14.100  -13.383
  -12.976  -11.870  -10.906  -10.108  -10.063   -9.490   -9.289   -8.807   -8.245   -8.162
   -6.771   -3.875   -3.849   -3.080   -2.356   -0.681   -0.479    2.481    2.842    3.402
    3.566    5.177    5.892    6.187    6.385
            0.275000  0.158771  0.000000
  -77.979  -49.416  -49.220  -49.212  -24.157  -24.102  -21.566  -20.662  -14.084  -13.287
  -12.922  -11.875  -10.862  -10.084  -10.041   -9.472   -9.289   -8.783   -8.235   -8.186
   -6.755   -3.870   -3.833   -3.095   -2.372   -0.618   -0.421    2.481    2.821    3.385
    3.583    5.184    5.909    6.179    6.366
            0.270000  0.155885  0.000000
  -77.980  -49.409  -49.221  -49.211  -24.204  -24.149  -21.597  -20.679  -14.074  -13.190
  -12.861  -11.880  -10.819  -10.060  -10.018   -9.463   -9.281   -8.759   -8.225   -8.210
   -6.738   -3.863   -3.816   -3.110   -2.388   -0.555   -0.364    2.477    2.799    3.370
    3.601    5.190    5.925    6.169    6.344
            0.265000  0.152998  0.000000
  -77.981  -49.402  -49.222  -49.209  -24.251  -24.194  -21.628  -20.695  -14.070  -13.094
  -12.794  -11.886  -10.775  -10.037   -9.994   -9.461   -9.264   -8.736   -8.234   -8.214
   -6.719   -3.857   -3.800   -3.126   -2.405   -0.492   -0.306    2.471    2.775    3.359
    3.618    5.193    5.939    6.156    6.320
            0.260000  0.150111  0.000000
  -77.982  -49.395  -49.224  -49.208  -24.297  -24.240  -21.658  -20.712  -14.071  -12.998
  -12.722  -11.892  -10.730  -10.012   -9.971   -9.467   -9.240   -8.711   -8.258   -8.203
   -6.700   -3.851   -3.783   -3.142   -2.422   -0.430   -0.248    2.463    2.749    3.351
    3.635    5.193    5.950    6.141    6.294
            0.255000  0.147224  0.000000
  -77.983  -49.388  -49.225  -49.206  -24.342  -24.284  -21.689  -20.729  -14.076  -12.902
  -12.646  -11.897  -10.686   -9.988   -9.947   -9.477   -9.212   -8.687   -8.282   -8.190
   -6.680   -3.844   -3.766   -3.158   -2.440   -0.369   -0.191    2.452    2.723    3.345
    3.651    5.190    5.958    6.123    6.266
            0.250000  0.144338  0.000000
  -77.984  -49.381  -49.226  -49.205  -24.387  -24.328  -21.720  -20.746  -14.085  -12.806
  -12.567  -11.902  -10.641   -9.964   -9.923   -9.490   -9.182   -8.663   -8.306   -8.177
   -6.659   -3.837   -3.749   -3.174   -2.458   -0.308   -0.134    2.440    2.697    3.342
    3.667    5.182    5.960    6.103    6.236
            0.245000  0.141451  0.000000
  -77.985  -49.374  -49.228  -49.203  -24.431  -24.372  -21.750  -20.763  -14.097  -12.712
  -12.484  -11.907  -10.596   -9.939   -9.899   -9.504   -9.149   -8.638   -8.330   -8.164
   -6.637   -3.829   -3.731   -3.190   -2.476   -0.248   -0.078    2.426    2.670    3.341
    3.681    5.170    5.956    6.080    6.203
            0.240000  0.138564  0.000000
  -77.986  -49.367  -49.229  -49.201  -24.474  -24.415  -21.781  -20.779  -14.111  -12.619
  -12.399  -11.910  -10.551   -9.914   -9.875   -9.520   -9.116   -8.614   -8.353   -8.149
   -6.614   -3.822   -3.714   -3.206   -2.494   -0.189   -0.022    2.412    2.643    3.340
    3.693    5.154    5.945    6.054    6.168
            0.235000  0.135677  0.000000
  -77.987  -49.360  -49.231  -49.200  -24.517  -24.457  -21.811  -20.796  -14.128  -12.529
  -12.311  -11.911  -10.506   -9.890   -9.851   -9.537   -9.083   -8.590   -8.375   -8.134
   -6.590   -3.814   -3.697   -3.221   -2.513   -0.132    0.032    2.398    2.616    3.341
    3.705    5.131    5.926    6.026    6.132
            0.230000  0.132791  0.000000
  -77.988  -49.353  -49.232  -49.198  -24.559  -24.498  -21.841  -20.813  -14.146  -12.442
  -12.223  -11.908  -10.461   -9.865   -9.826   -9.554   -9.050   -8.567   -8.397   -8.118
   -6.566   -3.805   -3.679   -3.236   -2.532   -0.076    0.085    2.383    2.590    3.343
    3.714    5.104    5.899    5.995    6.092
            0.225000  0.129904  0.000000
  -77.989  -49.346  -49.233  -49.197  -24.600  -24.539  -21.871  -20.829  -14.165  -12.361
  -12.132  -11.901  -10.416   -9.840   -9.802   -9.571   -9.016   -8.545   -8.416   -8.102
   -6.542   -3.797   -3.661   -3.251   -2.551   -0.021    0.136    2.369    2.564    3.345
    3.722    5.072    5.865    5.962    6.051
            0.220000  0.127017  0.000000
  -77.990  -49.339  -49.235  -49.195  -24.641  -24.579  -21.901  -20.846  -14.186  -12.289
  -12.041  -11.884  -10.371   -9.815   -9.777   -9.588   -8.984   -8.528   -8.432   -8.085
   -6.517   -3.787   -3.644   -3.265   -2.570    0.031    0.186    2.357    2.540    3.347
    3.729    5.034    5.824    5.926    6.009
            0.215000  0.124130  0.000000
  -77.991  -49.332  -49.236  -49.194  -24.681  -24.619  -21.930  -20.862  -14.208  -12.230
  -11.949  -11.855  -10.326   -9.790   -9.752   -9.606   -8.951   -8.520   -8.437   -8.067
   -6.492   -3.778   -3.626   -3.279   -2.590    0.081    0.234    2.345    2.517    3.349
    3.733    4.993    5.778    5.888    5.964
            0.210000  0.121244  0.000000
  -77.992  -49.325  -49.237  -49.192  -24.720  -24.657  -21.959  -20.879  -14.230  -12.186
  -11.857  -11.811  -10.282   -9.765   -9.728   -9.623   -8.919   -8.525   -8.429   -8.050
   -6.466   -3.768   -3.608   -3.292   -2.610    0.128    0.280    2.335    2.496    3.351
    3.736    4.946    5.729    5.848    5.917
            0.205000  0.118357  0.000000
  -77.993  -49.318  -49.239  -49.190  -24.758  -24.695  -21.987  -20.895  -14.253  -12.159
  -11.765  -11.751  -10.237   -9.740   -9.703   -9.640   -8.888   -8.539   -8.412   -8.031
   -6.441   -3.757   -3.591   -3.305   -2.630    0.172    0.323    2.327    2.476    3.352
    3.737    4.896    5.677    5.806    5.870
            0.200000  0.115470  0.000000
  -77.994  -49.311  -49.240  -49.189  -24.796  -24.732  -22.016  -20.911  -14.276  -12.144
  -11.683  -11.668  -10.193   -9.715   -9.679   -9.657   -8.858   -8.558   -8.390   -8.013
   -6.415   -3.746   -3.573   -3.316   -2.650    0.213    0.364    2.322    2.459    3.353
    3.736    4.843    5.623    5.762    5.820
            0.195000  0.112583  0.000000
  -77.995  -49.305  -49.241  -49.187  -24.833  -24.769  -22.043  -20.927  -14.300  -12.137
  -11.604  -11.575  -10.148   -9.691   -9.673   -9.654   -8.828   -8.577   -8.366   -7.994
   -6.389   -3.735   -3.555   -3.327   -2.670    0.251    0.401    2.318    2.445    3.353
    3.734    4.787    5.569    5.717    5.770
            0.190000  0.109697  0.000000
  -77.996  -49.298  -49.243  -49.186  -24.869  -24.804  -22.071  -20.942  -14.324  -12.136
  -11.520  -11.482  -10.105   -9.689   -9.666   -9.630   -8.799   -8.598   -8.342   -7.975
   -6.363   -3.723   -3.538   -3.337   -2.690    0.284    0.436    2.318    2.433    3.353
    3.730    4.729    5.514    5.670    5.718
            0.185000  0.106810  0.000000
  -77.997  -49.291  -49.244  -49.184  -24.904  -24.839  -22.098  -20.958  -14.348  -12.139
  -11.434  -11.389  -10.062   -9.704   -9.642   -9.605   -8.770   -8.618   -8.317   -7.956
   -6.338   -3.710   -3.521   -3.347   -2.711    0.313    0.468    2.320    2.423    3.352
    3.724    4.668    5.460    5.622    5.666
            0.180000  0.103923  0.000000
  -77.998  -49.285  -49.245  -49.183  -24.939  -24.873  -22.124  -20.973  -14.372  -12.143
  -11.348  -11.296  -10.019   -9.718   -9.618   -9.581   -8.743   -8.639   -8.292   -7.937
   -6.313   -3.697   -3.503   -3.355   -2.731    0.338    0.497    2.325    2.417    3.351
    3.716    4.606    5.406    5.573    5.613
            0.175000  0.101036  0.000000
  -77.999  -49.278  -49.246  -49.182  -24.972  -24.906  -22.150  -20.988  -14.396  -12.150
  -11.261  -11.204   -9.977   -9.731   -9.595   -9.557   -8.716   -8.659   -8.267   -7.918
   -6.288   -3.683   -3.486   -3.363   -2.752    0.359    0.522    2.332    2.414    3.349
    3.708    4.543    5.353    5.523    5.560
            0.170000  0.098150  0.000000
  -78.000  -49.272  -49.248  -49.180  -25.005  -24.938  -22.176  -21.002  -14.420  -12.157
  -11.174  -11.111   -9.937   -9.742   -9.571   -9.533   -8.690   -8.679   -8.242   -7.900
   -6.263   -3.669   -3.469   -3.369   -2.772    0.374    0.543    2.342    2.415    3.348
    3.698    4.480    5.301    5.472    5.506
            0.165000  0.095263  0.000000
  -78.001  -49.266  -49.249  -49.179  -25.037  -24.970  -22.201  -21.016  -14.444  -12.165
  -11.089  -11.020   -9.898   -9.750   -9.548   -9.510   -8.698   -8.664   -8.217   -7.882
   -6.239   -3.654   -3.453   -3.374   -2.793    0.385    0.561    2.354    2.418    3.346
    3.687    4.416    5.251    5.421    5.452
            0.160000  0.092376  0.000000
  -78.002  -49.260  -49.250  -49.177  -25.068  -25.000  -22.225  -21.030  -14.467  -12.173
  -11.005  -10.929   -9.864   -9.754   -9.526   -9.486   -8.717   -8.640   -8.193   -7.864
   -6.216   -3.638   -3.436   -3.379   -2.813    0.392    0.575    2.367    2.425    3.345
    3.676    4.353    5.202    5.369    5.398
            0.155000  0.089489  0.000000
  -78.003  -49.254  -49.251  -49.176  -25.098  -25.030  -22.249  -21.044  -14.490  -12.182
  -10.923  -10.839   -9.839   -9.748   -9.503   -9.463   -8.736   -8.616   -8.168   -7.847
   -6.193   -3.622   -3.420   -3.382   -2.833    0.395    0.586    2.381    2.436    3.343
    3.664    4.290    5.154    5.317    5.344
            0.150000  0.086603  0.000000
  -78.004  -49.252  -49.248  -49.175  -25.127  -25.059  -22.273  -21.057  -14.513  -12.191
  -10.843  -10.750   -9.825   -9.728   -9.482   -9.440   -8.754   -8.593   -8.144   -7.831
   -6.171   -3.605   -3.404   -3.384   -2.854    0.393    0.592    2.396    2.448    3.343
    3.653    4.228    5.108    5.266    5.291
            0.145000  0.083716  0.000000
  -78.004  -49.253  -49.242  -49.173  -25.156  -25.087  -22.295  -21.071  -14.536  -12.200
  -10.767  -10.662   -9.821   -9.698   -9.460   -9.418   -8.771   -8.570   -8.120   -7.815
   -6.149   -3.588   -3.388   -3.385   -2.874    0.388    0.596    2.412    2.463    3.343
    3.641    4.167    5.063    5.214    5.238
            0.140000  0.080829  0.000000
  -78.005  -49.254  -49.237  -49.172  -25.183  -25.114  -22.317  -21.083  -14.557  -12.209
  -10.694  -10.574   -9.819   -9.664   -9.440   -9.396   -8.788   -8.548   -8.096   -7.801
   -6.129   -3.570   -3.386   -3.373   -2.894    0.379    0.596    2.428    2.480    3.343
    3.630    4.109    5.020    5.163    5.186
            0.135000  0.077942  0.000000
  -78.006  -49.255  -49.231  -49.171  -25.210  -25.140  -22.339  -21.096  -14.579  -12.218
  -10.625  -10.488   -9.817   -9.628   -9.420   -9.374   -8.804   -8.527   -8.073   -7.787
   -6.109   -3.552   -3.385   -3.357   -2.913    0.367    0.593    2.443    2.497    3.344
    3.621    4.053    4.978    5.113    5.134
            0.130000  0.075056  0.000000
  -78.007  -49.256  -49.226  -49.170  -25.235  -25.165  -22.360  -21.108  -14.600  -12.226
  -10.560  -10.404   -9.812   -9.591   -9.400   -9.353   -8.820   -8.507   -8.050   -7.774
   -6.090   -3.534   -3.383   -3.343   -2.932    0.352    0.587    2.459    2.513    3.345
    3.613    4.000    4.938    5.063    5.083
            0.125000  0.072169  0.000000
  -78.007  -49.257  -49.221  -49.169  -25.260  -25.190  -22.380  -21.119  -14.620  -12.235
  -10.502  -10.320   -9.804   -9.554   -9.381   -9.332   -8.835   -8.487   -8.027   -7.762
   -6.072   -3.514   -3.380   -3.328   -2.952    0.334    0.578    2.473    2.529    3.346
    3.607    3.952    4.899    5.014    5.034
            0.120000  0.069282  0.000000
  -78.008  -49.258  -49.216  -49.168  -25.284  -25.213  -22.399  -21.130  -14.640  -12.244
  -10.450  -10.238   -9.792   -9.518   -9.363   -9.312   -8.849   -8.468   -8.005   -7.751
   -6.055   -3.495   -3.376   -3.314   -2.970    0.315    0.567    2.487    2.543    3.345
    3.605    3.910    4.862    4.966    4.985
            0.115000  0.066395  0.000000
  -78.009  -49.259  -49.211  -49.167  -25.307  -25.236  -22.418  -21.141  -14.659  -12.252
  -10.404  -10.158   -9.774   -9.483   -9.346   -9.292   -8.862   -8.450   -7.984   -7.742
   -6.039   -3.475   -3.371   -3.301   -2.989    0.293    0.553    2.499    2.556    3.342
    3.606    3.874    4.826    4.919    4.938
            0.110000  0.063509  0.000000
  -78.010  -49.260  -49.206  -49.165  -25.329  -25.258  -22.436  -21.152  -14.678  -12.260
  -10.366  -10.080   -9.751   -9.447   -9.329   -9.273   -8.875   -8.432   -7.963   -7.733
   -6.024   -3.456   -3.365   -3.288   -3.007    0.270    0.538    2.510    2.566    3.335
    3.610    3.846    4.791    4.873    4.891
            0.105000  0.060622  0.000000
  -78.010  -49.261  -49.202  -49.164  -25.350  -25.278  -22.453  -21.162  -14.696  -12.268
  -10.335  -10.003   -9.723   -9.413   -9.314   -9.255   -8.887   -8.416   -7.943   -7.725
   -6.009   -3.436   -3.358   -3.275   -3.024    0.246    0.522    2.518    2.574    3.323
    3.619    3.827    4.757    4.829    4.847
            0.100000  0.057735  0.000000
  -78.011  -49.262  -49.198  -49.164  -25.370  -25.298  -22.470  -21.171  -14.713  -12.276
  -10.311   -9.928   -9.690   -9.379   -9.299   -9.237   -8.897   -8.400   -7.923   -7.719
   -5.996   -3.416   -3.350   -3.263   -3.041    0.221    0.504    2.525    2.580    3.305
    3.632    3.818    4.725    4.786    4.804
            0.095000  0.054848  0.000000
  -78.012  -49.263  -49.193  -49.163  -25.389  -25.317  -22.486  -21.180  -14.730  -12.283
  -10.292   -9.856   -9.654   -9.346   -9.285   -9.219   -8.907   -8.385   -7.904   -7.714
   -5.984   -3.397   -3.342   -3.251   -3.057    0.195    0.485    2.529    2.583    3.282
    3.648    3.819    4.694    4.744    4.762
            0.090000  0.051962  0.000000
  -78.012  -49.263  -49.189  -49.162  -25.407  -25.335  -22.501  -21.189  -14.745  -12.291
  -10.279   -9.786   -9.614   -9.314   -9.273   -9.203   -8.916   -8.371   -7.886   -7.709
   -5.972   -3.378   -3.332   -3.240   -3.073    0.168    0.465    2.531    2.585    3.256
    3.666    3.829    4.664    4.704    4.722
            0.085000  0.049075  0.000000
  -78.013  -49.264  -49.186  -49.161  -25.425  -25.352  -22.515  -21.197  -14.761  -12.297
  -10.270   -9.718   -9.573   -9.283   -9.261   -9.187   -8.924   -8.358   -7.868   -7.706
   -5.962   -3.360   -3.321   -3.229   -3.089    0.142    0.445    2.531    2.584    3.226
    3.686    3.847    4.635    4.666    4.684
            0.080000  0.046188  0.000000
  -78.013  -49.265  -49.182  -49.160  -25.441  -25.368  -22.529  -21.205  -14.775  -12.304
  -10.264   -9.653   -9.532   -9.252   -9.251   -9.172   -8.931   -8.345   -7.852   -7.703
   -5.952   -3.343   -3.309   -3.219   -3.103    0.115    0.424    2.529    2.582    3.194
    3.708    3.872    4.608    4.630    4.648
            0.075000  0.043301  0.000000
  -78.014  -49.265  -49.179  -49.159  -25.456  -25.383  -22.542  -21.213  -14.788  -12.310
  -10.260   -9.591   -9.490   -9.241   -9.222   -9.158   -8.937   -8.334   -7.836   -7.701
   -5.944   -3.329   -3.295   -3.209   -3.117    0.088    0.404    2.526    2.578    3.162
    3.731    3.902    4.581    4.595    4.613
            0.070000  0.040415  0.000000
  -78.014  -49.266  -49.176  -49.159  -25.470  -25.397  -22.554  -21.220  -14.801  -12.316
  -10.258   -9.533   -9.449   -9.233   -9.193   -9.144   -8.942   -8.324   -7.821   -7.700
   -5.936   -3.316   -3.280   -3.201   -3.130    0.063    0.384    2.522    2.573    3.129
    3.755    3.937    4.555    4.563    4.581
            0.065000  0.037528  0.000000
  -78.015  -49.267  -49.173  -49.158  -25.484  -25.410  -22.565  -21.226  -14.813  -12.321
  -10.258   -9.479   -9.408   -9.226   -9.165   -9.131   -8.947   -8.315   -7.806   -7.700
   -5.929   -3.304   -3.264   -3.193   -3.142    0.037    0.364    2.517    2.567    3.097
    3.779    3.974    4.531    4.532    4.550
            0.060000  0.034641  0.000000
  -78.015  -49.267  -49.170  -49.157  -25.496  -25.422  -22.575  -21.232  -14.824  -12.326
  -10.258   -9.429   -9.368   -9.220   -9.138   -9.120   -8.950   -8.306   -7.793   -7.700
   -5.922   -3.294   -3.247   -3.186   -3.153    0.013    0.345    2.511    2.560    3.067
    3.805    4.012    4.503    4.507    4.522
            0.055000  0.031754  0.000000
  -78.015  -49.268  -49.167  -49.157  -25.508  -25.434  -22.585  -21.238  -14.834  -12.331
  -10.259   -9.386   -9.327   -9.215   -9.112   -9.109   -8.952   -8.299   -7.781   -7.701
   -5.917   -3.284   -3.231   -3.181   -3.160   -0.010    0.326    2.504    2.553    3.037
    3.830    4.052    4.477    4.484    4.495
            0.050000  0.028868  0.000000
  -78.016  -49.268  -49.165  -49.156  -25.518  -25.444  -22.594  -21.243  -14.843  -12.335
  -10.261   -9.349   -9.287   -9.211   -9.098   -9.087   -8.954   -8.293   -7.769   -7.702
   -5.912   -3.275   -3.216   -3.183   -3.162   -0.032    0.309    2.498    2.546    3.010
    3.856    4.092    4.452    4.463    4.471
            0.045000  0.025981  0.000000
  -78.016  -49.268  -49.163  -49.156  -25.527  -25.453  -22.602  -21.247  -14.852  -12.339
  -10.262   -9.318   -9.247   -9.208   -9.089   -9.064   -8.955   -8.288   -7.759   -7.704
   -5.907   -3.266   -3.202   -3.189   -3.159   -0.053    0.293    2.491    2.539    2.985
    3.881    4.131    4.430    4.442    4.449
            0.040000  0.023094  0.000000
  -78.016  -49.269  -49.161  -49.155  -25.536  -25.461  -22.609  -21.251  -14.860  -12.343
  -10.264   -9.291   -9.209   -9.205   -9.081   -9.042   -8.955   -8.284   -7.750   -7.705
   -5.904   -3.259   -3.197   -3.189   -3.154   -0.072    0.278    2.485    2.532    2.962
    3.905    4.170    4.410    4.423    4.429
            0.035000  0.020207  0.000000
  -78.016  -49.269  -49.159  -49.155  -25.543  -25.469  -22.615  -21.255  -14.866  -12.346
  -10.266   -9.268   -9.203   -9.174   -9.074   -9.022   -8.955   -8.281   -7.741   -7.707
   -5.900   -3.252   -3.204   -3.176   -3.150   -0.089    0.264    2.479    2.526    2.941
    3.928    4.206    4.393    4.405    4.412
            0.030000  0.017321  0.000000
  -78.017  -49.269  -49.158  -49.155  -25.550  -25.475  -22.621  -21.258  -14.872  -12.348
  -10.268   -9.249   -9.202   -9.142   -9.067   -9.005   -8.955   -8.278   -7.734   -7.709
   -5.898   -3.245   -3.210   -3.166   -3.146   -0.104    0.252    2.473    2.520    2.923
    3.950    4.241    4.377    4.388    4.397
            0.025000  0.014434  0.000000
  -78.017  -49.270  -49.157  -49.154  -25.555  -25.480  -22.625  -21.261  -14.877  -12.351
  -10.269   -9.233   -9.201   -9.115   -9.062   -8.989   -8.955   -8.277   -7.728   -7.710
   -5.895   -3.240   -3.215   -3.156   -3.143   -0.117    0.242    2.469    2.515    2.908
    3.969    4.272    4.364    4.373    4.384
            0.020000  0.011547  0.000000
  -78.017  -49.270  -49.156  -49.154  -25.560  -25.485  -22.629  -21.263  -14.881  -12.353
  -10.271   -9.221   -9.200   -9.092   -9.057   -8.976   -8.954   -8.275   -7.723   -7.711
   -5.894   -3.235   -3.220   -3.149   -3.140   -0.127    0.233    2.465    2.511    2.895
    3.986    4.300    4.353    4.360    4.373
            0.015000  0.008660  0.000000
  -78.017  -49.270  -49.155  -49.154  -25.563  -25.488  -22.632  -21.265  -14.884  -12.354
  -10.272   -9.211   -9.199   -9.074   -9.054   -8.966   -8.954   -8.275   -7.719   -7.713
   -5.892   -3.232   -3.223   -3.143   -3.137   -0.136    0.226    2.461    2.507    2.886
    4.000    4.322    4.345    4.350    4.365
            0.010000  0.005774  0.000000
  -78.017  -49.270  -49.154  -49.154  -25.566  -25.491  -22.634  -21.266  -14.887  -12.355
  -10.273   -9.204   -9.199   -9.060   -9.052   -8.959   -8.953   -8.274   -7.716   -7.713
   -5.891   -3.229   -3.226   -3.138   -3.136   -0.142    0.221    2.459    2.505    2.879
    4.011    4.338    4.339    4.342    4.359
            0.005000  0.002887  0.000000
  -78.017  -49.270  -49.154  -49.154  -25.567  -25.492  -22.636  -21.267  -14.888  -12.356
  -10.273   -9.200   -9.199   -9.052   -9.050   -8.954   -8.953   -8.274   -7.715   -7.714
   -5.891   -3.228   -3.227   -3.136   -3.135   -0.146    0.218    2.457    2.503    2.874
    4.017    4.336    4.336    4.350    4.355
            0.000000  0.000000  0.000000
  -78.017  -49.270  -49.154  -49.154  -25.568  -25.493  -22.636  -21.267  -14.888  -12.356
  -10.273   -9.199   -9.199   -9.050   -9.050   -8.953   -8.953   -8.274   -7.714   -7.714
   -5.891   -3.228   -3.227   -3.135   -3.135   -0.147    0.217    2.457    2.503    2.873
    4.019    4.334    4.334    4.354    4.354
