Energy(eV)	n	k	Reflectivity(R)	Absorption_cm-1
0.000000E+00	3.946013E+00	0.000000E+00	3.547798E-01	0.000000E+00
1.501501E-02	3.946085E+00	4.763140E-04	3.547867E-01	7.223381E-01
3.003003E-02	3.946299E+00	9.530671E-04	3.548076E-01	2.890684E+00
4.504504E-02	3.946655E+00	1.430699E-03	3.548423E-01	6.509038E+00
6.006006E-02	3.947155E+00	1.909655E-03	3.548910E-01	1.158409E+01
7.507508E-02	3.947798E+00	2.390380E-03	3.549537E-01	1.812526E+01
9.009009E-02	3.948586E+00	2.873330E-03	3.550305E-01	2.614472E+01
1.051051E-01	3.949518E+00	3.358965E-03	3.551213E-01	3.565748E+01
1.201201E-01	3.950597E+00	3.847755E-03	3.552263E-01	4.668147E+01
1.351351E-01	3.951822E+00	4.340181E-03	3.553455E-01	5.923760E+01
1.501502E-01	3.953195E+00	4.836735E-03	3.554791E-01	7.334989E+01
1.651652E-01	3.954717E+00	5.337926E-03	3.556272E-01	8.904559E+01
1.801802E-01	3.956390E+00	5.844278E-03	3.557898E-01	1.063553E+02
1.951952E-01	3.958215E+00	6.356331E-03	3.559672E-01	1.253133E+02
2.102102E-01	3.960194E+00	6.874649E-03	3.561595E-01	1.459573E+02
2.252252E-01	3.962329E+00	7.399818E-03	3.563668E-01	1.683292E+02
2.402402E-01	3.964622E+00	7.932448E-03	3.565893E-01	1.924750E+02
2.552553E-01	3.967076E+00	8.473179E-03	3.568272E-01	2.184452E+02
2.702703E-01	3.969693E+00	9.022682E-03	3.570808E-01	2.462948E+02
2.852853E-01	3.972475E+00	9.581662E-03	3.573503E-01	2.760842E+02
3.003003E-01	3.975426E+00	1.015086E-02	3.576358E-01	3.078790E+02
3.153153E-01	3.978548E+00	1.073107E-02	3.579377E-01	3.417508E+02
3.303303E-01	3.981846E+00	1.132312E-02	3.582563E-01	3.777775E+02
3.453453E-01	3.985322E+00	1.192790E-02	3.585918E-01	4.160437E+02
3.603604E-01	3.988980E+00	1.254635E-02	3.589446E-01	4.566418E+02
3.753754E-01	3.992826E+00	1.317946E-02	3.593151E-01	4.996719E+02
3.903904E-01	3.996862E+00	1.382833E-02	3.597036E-01	5.452433E+02
4.054054E-01	4.001095E+00	1.449411E-02	3.601105E-01	5.934749E+02
4.204204E-01	4.005529E+00	1.517802E-02	3.605363E-01	6.444961E+02
4.354354E-01	4.010170E+00	1.588141E-02	3.609814E-01	6.984483E+02
4.504505E-01	4.015023E+00	1.660572E-02	3.614463E-01	7.554855E+02
4.654655E-01	4.020095E+00	1.735251E-02	3.619316E-01	8.157763E+02
4.804805E-01	4.025393E+00	1.812346E-02	3.624378E-01	8.795050E+02
4.954955E-01	4.030925E+00	1.892043E-02	3.629656E-01	9.468737E+02
5.105105E-01	4.036697E+00	1.974541E-02	3.635155E-01	1.018104E+03
5.255255E-01	4.042719E+00	2.060061E-02	3.640884E-01	1.093441E+03
5.405405E-01	4.049000E+00	2.148841E-02	3.646849E-01	1.173151E+03
5.555556E-01	4.055550E+00	2.241148E-02	3.653060E-01	1.257533E+03
5.705706E-01	4.062379E+00	2.337271E-02	3.659524E-01	1.346914E+03
5.855856E-01	4.069499E+00	2.437533E-02	3.666252E-01	1.441658E+03
6.006006E-01	4.076923E+00	2.542290E-02	3.673253E-01	1.542170E+03
6.156156E-01	4.084664E+00	2.651940E-02	3.680539E-01	1.648902E+03
6.306306E-01	4.092736E+00	2.766926E-02	3.688123E-01	1.762357E+03
6.456456E-01	4.101157E+00	2.887743E-02	3.696016E-01	1.883103E+03
6.606607E-01	4.109943E+00	3.014948E-02	3.704235E-01	2.011776E+03
6.756757E-01	4.119115E+00	3.149171E-02	3.712793E-01	2.149097E+03
6.906907E-01	4.128692E+00	3.291124E-02	3.721710E-01	2.295880E+03
7.057057E-01	4.138698E+00	3.441617E-02	3.731003E-01	2.453057E+03
7.207207E-01	4.149159E+00	3.601576E-02	3.740693E-01	2.621688E+03
7.357357E-01	4.160103E+00	3.772063E-02	3.750804E-01	2.802994E+03
7.507508E-01	4.171561E+00	3.954304E-02	3.761360E-01	2.998384E+03
7.657658E-01	4.183568E+00	4.149723E-02	3.772390E-01	3.209493E+03
7.807808E-01	4.196164E+00	4.359979E-02	3.783926E-01	3.438230E+03
7.957958E-01	4.209392E+00	4.587023E-02	3.796002E-01	3.686837E+03
8.108108E-01	4.223300E+00	4.833156E-02	3.808658E-01	3.957963E+03
8.258258E-01	4.237946E+00	5.101123E-02	3.821939E-01	4.254766E+03
8.408408E-01	4.253392E+00	5.394214E-02	3.835895E-01	4.581032E+03
8.558559E-01	4.269709E+00	5.716409E-02	3.850584E-01	4.941346E+03
8.708709E-01	4.286982E+00	6.072567E-02	3.866072E-01	5.341306E+03
8.858859E-01	4.305305E+00	6.468678E-02	3.882434E-01	5.787815E+03
9.009009E-01	4.324788E+00	6.912205E-02	3.899759E-01	6.289484E+03
9.159159E-01	4.345561E+00	7.412559E-02	3.918149E-01	6.857174E+03
9.309309E-01	4.367774E+00	7.981756E-02	3.937724E-01	7.504768E+03
9.459459E-01	4.391605E+00	8.635356E-02	3.958626E-01	8.250266E+03
9.609610E-01	4.417263E+00	9.393822E-02	3.981021E-01	9.117368E+03
9.759760E-01	4.444996E+00	1.028452E-01	4.005108E-01	1.013782E+04
9.909910E-01	4.475094E+00	1.134472E-01	4.031124E-01	1.135494E+04
1.006006E+00	4.507898E+00	1.262621E-01	4.059348E-01	1.282906E+04
1.021021E+00	4.543788E+00	1.420243E-01	4.090104E-01	1.464599E+04
1.036036E+00	4.583167E+00	1.617984E-01	4.123755E-01	1.693053E+04
1.051051E+00	4.626377E+00	1.871577E-01	4.160670E-01	1.986795E+04
1.066066E+00	4.673501E+00	2.204604E-01	4.201111E-01	2.373756E+04
1.081081E+00	4.723851E+00	2.652337E-01	4.244964E-01	2.896065E+04
1.096096E+00	4.774764E+00	3.265255E-01	4.291038E-01	3.614824E+04
1.111111E+00	4.819031E+00	4.104211E-01	4.335478E-01	4.605837E+04
1.126126E+00	4.840904E+00	5.199313E-01	4.368830E-01	5.913633E+04
1.141141E+00	4.816555E+00	6.423001E-01	4.373982E-01	7.402846E+04
1.156156E+00	4.737372E+00	7.361879E-01	4.336574E-01	8.596596E+04
1.171171E+00	4.645333E+00	7.640637E-01	4.274489E-01	9.037979E+04
1.186186E+00	4.596161E+00	7.506229E-01	4.233255E-01	8.992823E+04
1.201201E+00	4.589736E+00	7.509505E-01	4.228395E-01	9.110631E+04
1.216216E+00	4.583587E+00	7.857241E-01	4.233358E-01	9.651665E+04
1.231231E+00	4.542366E+00	8.266587E-01	4.213765E-01	1.027986E+05
1.246246E+00	4.481606E+00	8.268238E-01	4.166786E-01	1.040730E+05
1.261261E+00	4.455077E+00	7.864045E-01	4.133483E-01	1.001780E+05
1.276276E+00	4.482842E+00	7.534814E-01	4.145680E-01	9.712669E+04
1.291291E+00	4.540065E+00	7.660619E-01	4.194136E-01	9.991011E+04
1.306306E+00	4.586897E+00	8.347662E-01	4.250253E-01	1.101365E+05
1.321321E+00	4.580239E+00	9.423277E-01	4.279536E-01	1.257569E+05
1.336336E+00	4.496582E+00	1.032476E+00	4.249605E-01	1.393532E+05
1.351351E+00	4.379623E+00	1.041711E+00	4.165463E-01	1.421795E+05
1.366366E+00	4.311948E+00	9.823909E-01	4.089555E-01	1.355729E+05
1.381381E+00	4.316919E+00	9.272517E-01	4.072084E-01	1.293697E+05
1.396396E+00	4.354120E+00	9.259884E-01	4.100919E-01	1.305977E+05
1.411411E+00	4.365419E+00	9.811338E-01	4.130597E-01	1.398631E+05
1.426426E+00	4.305354E+00	1.047113E+00	4.110973E-01	1.508566E+05
1.441441E+00	4.187917E+00	1.047139E+00	4.019607E-01	1.524484E+05
1.456456E+00	4.095654E+00	9.547777E-01	3.904663E-01	1.404498E+05
1.471471E+00	4.085366E+00	8.261748E-01	3.843519E-01	1.227850E+05
1.486486E+00	4.145440E+00	7.204075E-01	3.857366E-01	1.081585E+05
1.501502E+00	4.243622E+00	6.588422E-01	3.922411E-01	9.991450E+04
1.516517E+00	4.357365E+00	6.428057E-01	4.013490E-01	9.845738E+04
1.531532E+00	4.473181E+00	6.712617E-01	4.115455E-01	1.038339E+05
1.546547E+00	4.577992E+00	7.460277E-01	4.217983E-01	1.165304E+05
1.561562E+00	4.650615E+00	8.675932E-01	4.308070E-01	1.368348E+05
1.576577E+00	4.660297E+00	1.020183E+00	4.364771E-01	1.624481E+05
1.591592E+00	4.589109E+00	1.157131E+00	4.365232E-01	1.860097E+05
1.606607E+00	4.465822E+00	1.224344E+00	4.306382E-01	1.986710E+05
1.621622E+00	4.354977E+00	1.209696E+00	4.220172E-01	1.981286E+05
1.636637E+00	4.303482E+00	1.158814E+00	4.158784E-01	1.915523E+05
1.651652E+00	4.294988E+00	1.129196E+00	4.138932E-01	1.883689E+05
1.666667E+00	4.278044E+00	1.124882E+00	4.124193E-01	1.893551E+05
1.681682E+00	4.239904E+00	1.099504E+00	4.083615E-01	1.867506E+05
1.696697E+00	4.227303E+00	1.033190E+00	4.044411E-01	1.770539E+05
1.711712E+00	4.272442E+00	9.673735E-01	4.052517E-01	1.672423E+05
1.726727E+00	4.354334E+00	9.460442E-01	4.108578E-01	1.649895E+05
1.741742E+00	4.429358E+00	9.793980E-01	4.179010E-01	1.722917E+05
1.756757E+00	4.458194E+00	1.040916E+00	4.224275E-01	1.846922E+05
1.771772E+00	4.439321E+00	1.074156E+00	4.223399E-01	1.922191E+05
1.786787E+00	4.429852E+00	1.048423E+00	4.206027E-01	1.892041E+05
1.801802E+00	4.481572E+00	1.002743E+00	4.227219E-01	1.824811E+05
1.816817E+00	4.589195E+00	9.924179E-01	4.303382E-01	1.821072E+05
1.831832E+00	4.718939E+00	1.045936E+00	4.415497E-01	1.935138E+05
1.846847E+00	4.831798E+00	1.170365E+00	4.537197E-01	2.183099E+05
1.861862E+00	4.884620E+00	1.351164E+00	4.640295E-01	2.540837E+05
1.876877E+00	4.847976E+00	1.539953E+00	4.697360E-01	2.919206E+05
1.891892E+00	4.741612E+00	1.677557E+00	4.699193E-01	3.205495E+05
1.906907E+00	4.618550E+00	1.746193E+00	4.663303E-01	3.363126E+05
1.921922E+00	4.512651E+00	1.767627E+00	4.613983E-01	3.431213E+05
1.936937E+00	4.429426E+00	1.761949E+00	4.562308E-01	3.446913E+05
1.951952E+00	4.373525E+00	1.742031E+00	4.517579E-01	3.434364E+05
1.966967E+00	4.335997E+00	1.724417E+00	4.484601E-01	3.425791E+05
1.981982E+00	4.304945E+00	1.698243E+00	4.449971E-01	3.399546E+05
1.996997E+00	4.303405E+00	1.657132E+00	4.424231E-01	3.342380E+05
2.012012E+00	4.345330E+00	1.634567E+00	4.436974E-01	3.321656E+05
2.027027E+00	4.401935E+00	1.662154E+00	4.487876E-01	3.402923E+05
2.042042E+00	4.429432E+00	1.732278E+00	4.544954E-01	3.572758E+05
2.057057E+00	4.408505E+00	1.806171E+00	4.576514E-01	3.752550E+05
2.072072E+00	4.357106E+00	1.846511E+00	4.571969E-01	3.864365E+05
2.087087E+00	4.312120E+00	1.846228E+00	4.546311E-01	3.891770E+05
2.102102E+00	4.295100E+00	1.825213E+00	4.523213E-01	3.875153E+05
2.117117E+00	4.306052E+00	1.799908E+00	4.513510E-01	3.848721E+05
2.132132E+00	4.347794E+00	1.775004E+00	4.522385E-01	3.822389E+05
2.147147E+00	4.433052E+00	1.767951E+00	4.567955E-01	3.834012E+05
2.162162E+00	4.551418E+00	1.816033E+00	4.663631E-01	3.965823E+05
2.177177E+00	4.658693E+00	1.934308E+00	4.789277E-01	4.253446E+05
2.192192E+00	4.720242E+00	2.098004E+00	4.913915E-01	4.645220E+05
2.207207E+00	4.732853E+00	2.280272E+00	5.026588E-01	5.083363E+05
2.222222E+00	4.693281E+00	2.466934E+00	5.123764E-01	5.536896E+05
2.237237E+00	4.603222E+00	2.628802E+00	5.193298E-01	5.940067E+05
2.252252E+00	4.493336E+00	2.748423E+00	5.236397E-01	6.252043E+05
2.267267E+00	4.387792E+00	2.837168E+00	5.266397E-01	6.496943E+05
2.282282E+00	4.296451E+00	2.909891E+00	5.294121E-01	6.707605E+05
2.297297E+00	4.220028E+00	2.985785E+00	5.332293E-01	6.927828E+05
2.312312E+00	4.143194E+00	3.076263E+00	5.385663E-01	7.184413E+05
2.327327E+00	4.053933E+00	3.175870E+00	5.448648E-01	7.465201E+05
2.342342E+00	3.952838E+00	3.280415E+00	5.519813E-01	7.760693E+05
2.357357E+00	3.836751E+00	3.399021E+00	5.608555E-01	8.092834E+05
2.372372E+00	3.679662E+00	3.533613E+00	5.719539E-01	8.466877E+05
2.387387E+00	3.459979E+00	3.652516E+00	5.835401E-01	8.807172E+05
2.402402E+00	3.189787E+00	3.717014E+00	5.932757E-01	9.019061E+05
2.417417E+00	2.898985E+00	3.707156E+00	5.993815E-01	9.051361E+05
2.432432E+00	2.620383E+00	3.617147E+00	5.998029E-01	8.886450E+05
2.447447E+00	2.392453E+00	3.456945E+00	5.920658E-01	8.545298E+05
2.462462E+00	2.244245E+00	3.263157E+00	5.760239E-01	8.115755E+05
2.477477E+00	2.173746E+00	3.083103E+00	5.558842E-01	7.714703E+05
2.492492E+00	2.152468E+00	2.948247E+00	5.378544E-01	7.421968E+05
2.507508E+00	2.146636E+00	2.867289E+00	5.261986E-01	7.261647E+05
2.522523E+00	2.124086E+00	2.833399E+00	5.223570E-01	7.218786E+05
2.537538E+00	2.061670E+00	2.818713E+00	5.238353E-01	7.224116E+05
2.552553E+00	1.967531E+00	2.789467E+00	5.255351E-01	7.191464E+05
2.567568E+00	1.865632E+00	2.738797E+00	5.250687E-01	7.102368E+05
2.582583E+00	1.765981E+00	2.675256E+00	5.229542E-01	6.978159E+05
2.597598E+00	1.668889E+00	2.607471E+00	5.204988E-01	6.840892E+05
2.612613E+00	1.563811E+00	2.539742E+00	5.196925E-01	6.701716E+05
2.627628E+00	1.439323E+00	2.459293E+00	5.201624E-01	6.526727E+05
2.642643E+00	1.301714E+00	2.345163E+00	5.177799E-01	6.259401E+05
2.657658E+00	1.172622E+00	2.188153E+00	5.066953E-01	5.873514E+05
2.672673E+00	1.072445E+00	1.995782E+00	4.817963E-01	5.387413E+05
2.687688E+00	1.011273E+00	1.782931E+00	4.400532E-01	4.839882E+05
2.702703E+00	9.909685E-01	1.563387E+00	3.814309E-01	4.267624E+05
2.717718E+00	1.009907E+00	1.348322E+00	3.103729E-01	3.701003E+05
2.732733E+00	1.063877E+00	1.147776E+00	2.369507E-01	3.167929E+05
2.747748E+00	1.145365E+00	9.690500E-01	1.732677E-01	2.689332E+05
2.762763E+00	1.246915E+00	8.156268E-01	1.270966E-01	2.275917E+05
2.777778E+00	1.361082E+00	6.906142E-01	1.003573E-01	1.937557E+05
2.792793E+00	1.477666E+00	5.938420E-01	8.947321E-02	1.675063E+05
2.807808E+00	1.588950E+00	5.189760E-01	8.838184E-02	1.471757E+05
2.822823E+00	1.693741E+00	4.589822E-01	9.266770E-02	1.308582E+05
2.837838E+00	1.793357E+00	4.109603E-01	1.001418E-01	1.177901E+05
2.852853E+00	1.887366E+00	3.740093E-01	1.093932E-01	1.077664E+05
2.867868E+00	1.974221E+00	3.462874E-01	1.192318E-01	1.003038E+05
2.882883E+00	2.053132E+00	3.246202E-01	1.288285E-01	9.452005E+04
2.897898E+00	2.125317E+00	3.056869E-01	1.378943E-01	8.947081E+04
2.912913E+00	2.193539E+00	2.880276E-01	1.466199E-01	8.473893E+04
2.927928E+00	2.259734E+00	2.725394E-01	1.552509E-01	8.059555E+04
2.942943E+00	2.323589E+00	2.602682E-01	1.637242E-01	7.736141E+04
2.957958E+00	2.384265E+00	2.504314E-01	1.718402E-01	7.481731E+04
2.972973E+00	2.442534E+00	2.416714E-01	1.796313E-01	7.256674E+04
2.987988E+00	2.499764E+00	2.340528E-01	1.872754E-01	7.063405E+04
3.003003E+00	2.556429E+00	2.281562E-01	1.948409E-01	6.920054E+04
3.018018E+00	2.612812E+00	2.244011E-01	2.023633E-01	6.840191E+04
3.033033E+00	2.668840E+00	2.234812E-01	2.098373E-01	6.846041E+04
3.048048E+00	2.723789E+00	2.255800E-01	2.171609E-01	6.944546E+04
3.063063E+00	2.777443E+00	2.299753E-01	2.242843E-01	7.114732E+04
3.078078E+00	2.830692E+00	2.364695E-01	2.313186E-01	7.351504E+04
3.093093E+00	2.883934E+00	2.459838E-01	2.383366E-01	7.684593E+04
3.108108E+00	2.936893E+00	2.590095E-01	2.453159E-01	8.130798E+04
3.123123E+00	2.990017E+00	2.762231E-01	2.523339E-01	8.713057E+04
3.138138E+00	3.042857E+00	2.999284E-01	2.594045E-01	9.506290E+04
3.153153E+00	3.092345E+00	3.315672E-01	2.662268E-01	1.055937E+05
3.168168E+00	3.135797E+00	3.697440E-01	2.725013E-01	1.183125E+05
3.183183E+00	3.172808E+00	4.137575E-01	2.782315E-01	1.330237E+05
3.198198E+00	3.200653E+00	4.650836E-01	2.832402E-01	1.502304E+05
3.213213E+00	3.213165E+00	5.215585E-01	2.868659E-01	1.692637E+05
3.228228E+00	3.206015E+00	5.764259E-01	2.884547E-01	1.879443E+05
3.243243E+00	3.177310E+00	6.190521E-01	2.873248E-01	2.027814E+05
3.258258E+00	3.135043E+00	6.343981E-01	2.834614E-01	2.087703E+05
3.273273E+00	3.100590E+00	6.175990E-01	2.787760E-01	2.041786E+05
3.288288E+00	3.092853E+00	5.836701E-01	2.761920E-01	1.938468E+05
3.303303E+00	3.110671E+00	5.561822E-01	2.768805E-01	1.855611E+05
3.318318E+00	3.136370E+00	5.454422E-01	2.792880E-01	1.828050E+05
3.333333E+00	3.155619E+00	5.425111E-01	2.813229E-01	1.826454E+05
3.348348E+00	3.172464E+00	5.340650E-01	2.828434E-01	1.806118E+05
3.363363E+00	3.198638E+00	5.225408E-01	2.852848E-01	1.775070E+05
3.378378E+00	3.234095E+00	5.182212E-01	2.890580E-01	1.768255E+05
3.393393E+00	3.272446E+00	5.248423E-01	2.935613E-01	1.798806E+05
3.408408E+00	3.308541E+00	5.432041E-01	2.982423E-01	1.869976E+05
3.423423E+00	3.334931E+00	5.720412E-01	3.022741E-01	1.977923E+05
3.438438E+00	3.346151E+00	6.030402E-01	3.047929E-01	2.094252E+05
3.453453E+00	3.344615E+00	6.276945E-01	3.057248E-01	2.189391E+05
3.468468E+00	3.334122E+00	6.408219E-01	3.052199E-01	2.244897E+05
3.483483E+00	3.321960E+00	6.369309E-01	3.037554E-01	2.240926E+05
3.498498E+00	3.319909E+00	6.173741E-01	3.026414E-01	2.181481E+05
3.513514E+00	3.335436E+00	5.925260E-01	3.031974E-01	2.102667E+05
3.528529E+00	3.364805E+00	5.736736E-01	3.055322E-01	2.044466E+05
3.543544E+00	3.400283E+00	5.620911E-01	3.088307E-01	2.011712E+05
3.558559E+00	3.441379E+00	5.558530E-01	3.129204E-01	1.997816E+05
3.573574E+00	3.488394E+00	5.582328E-01	3.179171E-01	2.014835E+05
3.588589E+00	3.537609E+00	5.728181E-01	3.235288E-01	2.076164E+05
3.603604E+00	3.582627E+00	6.013399E-01	3.291614E-01	2.188661E+05
3.618619E+00	3.614179E+00	6.401887E-01	3.338069E-01	2.339765E+05
3.633634E+00	3.628645E+00	6.765727E-01	3.366918E-01	2.483002E+05
3.648649E+00	3.635905E+00	7.015809E-01	3.384402E-01	2.585420E+05
3.663664E+00	3.643418E+00	7.195468E-01	3.399330E-01	2.662539E+05
3.678679E+00	3.648149E+00	7.314549E-01	3.409039E-01	2.717695E+05
3.693694E+00	3.653663E+00	7.284691E-01	3.413040E-01	2.717649E+05
3.708709E+00	3.676270E+00	7.106696E-01	3.427179E-01	2.662023E+05
3.723724E+00	3.726026E+00	6.942866E-01	3.468085E-01	2.611185E+05
3.738739E+00	3.797525E+00	6.965639E-01	3.536526E-01	2.630313E+05
3.753754E+00	3.878017E+00	7.256893E-01	3.622122E-01	2.751299E+05
3.768769E+00	3.955336E+00	7.822467E-01	3.713523E-01	2.977588E+05
3.783784E+00	4.019925E+00	8.626729E-01	3.802115E-01	3.296810E+05
3.798799E+00	4.065695E+00	9.618986E-01	3.883072E-01	3.690600E+05
3.813814E+00	4.086490E+00	1.076939E+00	3.953147E-01	4.148319E+05
3.828829E+00	4.070142E+00	1.199439E+00	4.002368E-01	4.638370E+05
3.843844E+00	4.012481E+00	1.305997E+00	4.018051E-01	5.070247E+05
3.858859E+00	3.930851E+00	1.377299E+00	4.001046E-01	5.367949E+05
3.873874E+00	3.846258E+00	1.412459E+00	3.962217E-01	5.526405E+05
3.888889E+00	3.772410E+00	1.418835E+00	3.912765E-01	5.572867E+05
3.903904E+00	3.717668E+00	1.407767E+00	3.864778E-01	5.550744E+05
3.918919E+00	3.681726E+00	1.392966E+00	3.827504E-01	5.513509E+05
3.933934E+00	3.655055E+00	1.382443E+00	3.799917E-01	5.492822E+05
3.948949E+00	3.626633E+00	1.371964E+00	3.770817E-01	5.471993E+05
3.963964E+00	3.597057E+00	1.347948E+00	3.730591E-01	5.396650E+05
3.978979E+00	3.583160E+00	1.304606E+00	3.688106E-01	5.242910E+05
3.993994E+00	3.600563E+00	1.256472E+00	3.667642E-01	5.068523E+05
4.009009E+00	3.647102E+00	1.224539E+00	3.683319E-01	4.958282E+05
4.024024E+00	3.708270E+00	1.222238E+00	3.731178E-01	4.967497E+05
4.039039E+00	3.764961E+00	1.249839E+00	3.794093E-01	5.098630E+05
4.054054E+00	3.806715E+00	1.297354E+00	3.857074E-01	5.312138E+05
4.069069E+00	3.828747E+00	1.357823E+00	3.913079E-01	5.580328E+05
4.084084E+00	3.824778E+00	1.419951E+00	3.951663E-01	5.857190E+05
4.099099E+00	3.799438E+00	1.466232E+00	3.965420E-01	6.070331E+05
4.114114E+00	3.772132E+00	1.489003E+00	3.962264E-01	6.187189E+05
4.129129E+00	3.758445E+00	1.503277E+00	3.962978E-01	6.269297E+05
4.144144E+00	3.745848E+00	1.526569E+00	3.971312E-01	6.389585E+05
4.159159E+00	3.714524E+00	1.543689E+00	3.962507E-01	6.484651E+05
4.174174E+00	3.681538E+00	1.527364E+00	3.927269E-01	6.439237E+05
4.189189E+00	3.682958E+00	1.487463E+00	3.898003E-01	6.293576E+05
4.204204E+00	3.725187E+00	1.461366E+00	3.908859E-01	6.205319E+05
4.219219E+00	3.780535E+00	1.470478E+00	3.954970E-01	6.266313E+05
4.234234E+00	3.824191E+00	1.500664E+00	4.007100E-01	6.417706E+05
4.249249E+00	3.864168E+00	1.534167E+00	4.058279E-01	6.584248E+05
4.264264E+00	3.912293E+00	1.583145E+00	4.125018E-01	6.818460E+05
4.279279E+00	3.951762E+00	1.663855E+00	4.207403E-01	7.191303E+05
4.294294E+00	3.955243E+00	1.766816E+00	4.283519E-01	7.663100E+05
4.309309E+00	3.911042E+00	1.859755E+00	4.327100E-01	8.094402E+05
4.324324E+00	3.841652E+00	1.907492E+00	4.325502E-01	8.331100E+05
4.339339E+00	3.793030E+00	1.911241E+00	4.301761E-01	8.376457E+05
4.354354E+00	3.785650E+00	1.908252E+00	4.295256E-01	8.392296E+05
4.369369E+00	3.805544E+00	1.930309E+00	4.324181E-01	8.518577E+05
4.384384E+00	3.825522E+00	1.989379E+00	4.383172E-01	8.809425E+05
4.399399E+00	3.817873E+00	2.076408E+00	4.451446E-01	9.226297E+05
4.414414E+00	3.770590E+00	2.166535E+00	4.505996E-01	9.659623E+05
4.429429E+00	3.689637E+00	2.237382E+00	4.533582E-01	1.000943E+06
4.444444E+00	3.590515E+00	2.274819E+00	4.528244E-01	1.021141E+06
4.459459E+00	3.493020E+00	2.277993E+00	4.494083E-01	1.026020E+06
4.474474E+00	3.407259E+00	2.256405E+00	4.440599E-01	1.019719E+06
4.489489E+00	3.336461E+00	2.214332E+00	4.370781E-01	1.004063E+06
4.504505E+00	3.287606E+00	2.156678E+00	4.291069E-01	9.811913E+05
4.519520E+00	3.263106E+00	2.092297E+00	4.212242E-01	9.550740E+05
4.534535E+00	3.263284E+00	2.026015E+00	4.141408E-01	9.278907E+05
4.549550E+00	3.292012E+00	1.965370E+00	4.090818E-01	9.030962E+05
4.564565E+00	3.346860E+00	1.923816E+00	4.075374E-01	8.869198E+05
4.579580E+00	3.416878E+00	1.909773E+00	4.097648E-01	8.833419E+05
4.594595E+00	3.491938E+00	1.924816E+00	4.151451E-01	8.932186E+05
4.609610E+00	3.563590E+00	1.969301E+00	4.230055E-01	9.168488E+05
4.624625E+00	3.622177E+00	2.043304E+00	4.326967E-01	9.544010E+05
4.639640E+00	3.652016E+00	2.142472E+00	4.431086E-01	1.003970E+06
4.654655E+00	3.639883E+00	2.244296E+00	4.519358E-01	1.055089E+06
4.669670E+00	3.601325E+00	2.319652E+00	4.574883E-01	1.094033E+06
4.684685E+00	3.570278E+00	2.372311E+00	4.614011E-01	1.122467E+06
4.699700E+00	3.549970E+00	2.432340E+00	4.665410E-01	1.154558E+06
4.714715E+00	3.515266E+00	2.504715E+00	4.726025E-01	1.192711E+06
4.729730E+00	3.460688E+00	2.565875E+00	4.772662E-01	1.225726E+06
4.744745E+00	3.411996E+00	2.609450E+00	4.805702E-01	1.250498E+06
4.759760E+00	3.378120E+00	2.666112E+00	4.857499E-01	1.281695E+06
4.774775E+00	3.325000E+00	2.753293E+00	4.940320E-01	1.327782E+06
4.789790E+00	3.218849E+00	2.844082E+00	5.026402E-01	1.375878E+06
4.804805E+00	3.062322E+00	2.888809E+00	5.070249E-01	1.401897E+06
4.819820E+00	2.905742E+00	2.855155E+00	5.034349E-01	1.389895E+06
4.834835E+00	2.809042E+00	2.772282E+00	4.937374E-01	1.353756E+06
4.849850E+00	2.776339E+00	2.705471E+00	4.853940E-01	1.325234E+06
4.864865E+00	2.759318E+00	2.686820E+00	4.830674E-01	1.320173E+06
4.879880E+00	2.713968E+00	2.695973E+00	4.845713E-01	1.328759E+06
4.894895E+00	2.633546E+00	2.693636E+00	4.850907E-01	1.331691E+06
4.909910E+00	2.539654E+00	2.654360E+00	4.810354E-01	1.316300E+06
4.924925E+00	2.462976E+00	2.574567E+00	4.709137E-01	1.280634E+06
4.939940E+00	2.429495E+00	2.474420E+00	4.566162E-01	1.234572E+06
4.954955E+00	2.440326E+00	2.387566E+00	4.433663E-01	1.194859E+06
4.969970E+00	2.472054E+00	2.334715E+00	4.351545E-01	1.171950E+06
4.984985E+00	2.496604E+00	2.310844E+00	4.314995E-01	1.163472E+06
5.000000E+00	2.505246E+00	2.292364E+00	4.287330E-01	1.157644E+06
5.015015E+00	2.512993E+00	2.265049E+00	4.246669E-01	1.147285E+06
5.030030E+00	2.536583E+00	2.235095E+00	4.203113E-01	1.135502E+06
5.045045E+00	2.581989E+00	2.221709E+00	4.186882E-01	1.132071E+06
5.060060E+00	2.633221E+00	2.247832E+00	4.229519E-01	1.148791E+06
5.075075E+00	2.652753E+00	2.312897E+00	4.323263E-01	1.185551E+06
5.090090E+00	2.617158E+00	2.378438E+00	4.413988E-01	1.222753E+06
5.105105E+00	2.547864E+00	2.401185E+00	4.446989E-01	1.238088E+06
5.120120E+00	2.493173E+00	2.375317E+00	4.411300E-01	1.228353E+06
5.135135E+00	2.482526E+00	2.338293E+00	4.356486E-01	1.212753E+06
5.150150E+00	2.498004E+00	2.329340E+00	4.342601E-01	1.211641E+06
5.165165E+00	2.507148E+00	2.348880E+00	4.371438E-01	1.225368E+06
5.180180E+00	2.500509E+00	2.383675E+00	4.423321E-01	1.247135E+06
5.195195E+00	2.469388E+00	2.428590E+00	4.492492E-01	1.274317E+06
5.210210E+00	2.403719E+00	2.462188E+00	4.551760E-01	1.295680E+06
5.225225E+00	2.321267E+00	2.457992E+00	4.561402E-01	1.297200E+06
5.240240E+00	2.254514E+00	2.417483E+00	4.513258E-01	1.279487E+06
5.255255E+00	2.217814E+00	2.364012E+00	4.435600E-01	1.254772E+06
5.270270E+00	2.204938E+00	2.315601E+00	4.358477E-01	1.232588E+06
5.285285E+00	2.207112E+00	2.277184E+00	4.293600E-01	1.215592E+06
5.300300E+00	2.222958E+00	2.251640E+00	4.247501E-01	1.205371E+06
5.315315E+00	2.248218E+00	2.251511E+00	4.242801E-01	1.208717E+06
5.330330E+00	2.260102E+00	2.285622E+00	4.297113E-01	1.230495E+06
5.345345E+00	2.230485E+00	2.336241E+00	4.386618E-01	1.261289E+06
5.360360E+00	2.157459E+00	2.364478E+00	4.453942E-01	1.280120E+06
5.375375E+00	2.073141E+00	2.346916E+00	4.453954E-01	1.274171E+06
5.390390E+00	2.009570E+00	2.295998E+00	4.390249E-01	1.250009E+06
5.405405E+00	1.972513E+00	2.234975E+00	4.295364E-01	1.220176E+06
5.420420E+00	1.955642E+00	2.174212E+00	4.189589E-01	1.190300E+06
5.435435E+00	1.957871E+00	2.117747E+00	4.082234E-01	1.162599E+06
5.450450E+00	1.979260E+00	2.077531E+00	3.998662E-01	1.143671E+06
5.465465E+00	2.001741E+00	2.067850E+00	3.973588E-01	1.141478E+06
5.480480E+00	1.997953E+00	2.074500E+00	3.987174E-01	1.148295E+06
5.495495E+00	1.973333E+00	2.067037E+00	3.980691E-01	1.147299E+06
5.510511E+00	1.950619E+00	2.044771E+00	3.945580E-01	1.138041E+06
5.525526E+00	1.929616E+00	2.018588E+00	3.901988E-01	1.126529E+06
5.540541E+00	1.906864E+00	1.981784E+00	3.837557E-01	1.108996E+06
5.555556E+00	1.894559E+00	1.929746E+00	3.738233E-01	1.082802E+06
5.570571E+00	1.903588E+00	1.871994E+00	3.620248E-01	1.053236E+06
5.585586E+00	1.936236E+00	1.822109E+00	3.514297E-01	1.027932E+06
5.600601E+00	1.986194E+00	1.795567E+00	3.456467E-01	1.015682E+06
5.615616E+00	2.034073E+00	1.801026E+00	3.464455E-01	1.021501E+06
5.630631E+00	2.057779E+00	1.828333E+00	3.515137E-01	1.039761E+06
5.645646E+00	2.051468E+00	1.850806E+00	3.557422E-01	1.055348E+06
5.660661E+00	2.038664E+00	1.849665E+00	3.556047E-01	1.057503E+06
5.675676E+00	2.044342E+00	1.843605E+00	3.544300E-01	1.056834E+06
5.690691E+00	2.054102E+00	1.860868E+00	3.576097E-01	1.069552E+06
5.705706E+00	2.036300E+00	1.895169E+00	3.641918E-01	1.092141E+06
5.720721E+00	1.981956E+00	1.915464E+00	3.688572E-01	1.106741E+06
5.735736E+00	1.910922E+00	1.896876E+00	3.668044E-01	1.098878E+06
5.750751E+00	1.851573E+00	1.839391E+00	3.568038E-01	1.068366E+06
5.765766E+00	1.819144E+00	1.757221E+00	3.406151E-01	1.023304E+06
5.780781E+00	1.819643E+00	1.663760E+00	3.209328E-01	9.714013E+05
5.795796E+00	1.855403E+00	1.571911E+00	3.014446E-01	9.201577E+05
5.810811E+00	1.926681E+00	1.495663E+00	2.865776E-01	8.777926E+05
5.825826E+00	2.026732E+00	1.454102E+00	2.810151E-01	8.556058E+05
5.840841E+00	2.132946E+00	1.461746E+00	2.861658E-01	8.623204E+05
5.855856E+00	2.215800E+00	1.513097E+00	2.982885E-01	8.949083E+05
5.870871E+00	2.259017E+00	1.584482E+00	3.118929E-01	9.395314E+05
5.885886E+00	2.265001E+00	1.653397E+00	3.235750E-01	9.829021E+05
5.900901E+00	2.242860E+00	1.704148E+00	3.315003E-01	1.015657E+06
5.915916E+00	2.210193E+00	1.726536E+00	3.345932E-01	1.031618E+06
5.930931E+00	2.186921E+00	1.726755E+00	3.341767E-01	1.034367E+06
5.945946E+00	2.179069E+00	1.721504E+00	3.331111E-01	1.033833E+06
5.960961E+00	2.178760E+00	1.720983E+00	3.330139E-01	1.036130E+06
5.975976E+00	2.178852E+00	1.723745E+00	3.335008E-01	1.040407E+06
5.990991E+00	2.179062E+00	1.727316E+00	3.341321E-01	1.045182E+06
6.006006E+00	2.179362E+00	1.732137E+00	3.349846E-01	1.050726E+06
6.021021E+00	2.178564E+00	1.738167E+00	3.360312E-01	1.057020E+06
6.036036E+00	2.175451E+00	1.744196E+00	3.370412E-01	1.063331E+06
6.051051E+00	2.170665E+00	1.747490E+00	3.375474E-01	1.067989E+06
6.066066E+00	2.168108E+00	1.747666E+00	3.375395E-01	1.070747E+06
6.081081E+00	2.169482E+00	1.749229E+00	3.378366E-01	1.074357E+06
6.096096E+00	2.170431E+00	1.755421E+00	3.389451E-01	1.080823E+06
6.111111E+00	2.165052E+00	1.763396E+00	3.402812E-01	1.088407E+06
6.126126E+00	2.152602E+00	1.762768E+00	3.400090E-01	1.090693E+06
6.141141E+00	2.147354E+00	1.746801E+00	3.370906E-01	1.083462E+06
6.156156E+00	2.163476E+00	1.728137E+00	3.340096E-01	1.074507E+06
6.171171E+00	2.197634E+00	1.726355E+00	3.343107E-01	1.076017E+06
6.186186E+00	2.231330E+00	1.751136E+00	3.392554E-01	1.094118E+06
6.201201E+00	2.245304E+00	1.792237E+00	3.465408E-01	1.122516E+06
6.216216E+00	2.239132E+00	1.828396E+00	3.526185E-01	1.147936E+06
6.231231E+00	2.230161E+00	1.851549E+00	3.564759E-01	1.165281E+06
6.246246E+00	2.229871E+00	1.872781E+00	3.601230E-01	1.181483E+06
6.261261E+00	2.235128E+00	1.904296E+00	3.655790E-01	1.204253E+06
6.276276E+00	2.236762E+00	1.952716E+00	3.738826E-01	1.237834E+06
6.291291E+00	2.221386E+00	2.019062E+00	3.852510E-01	1.282953E+06
6.306306E+00	2.173015E+00	2.094496E+00	3.986789E-01	1.334062E+06
6.321321E+00	2.083011E+00	2.155039E+00	4.111277E-01	1.375892E+06
6.336336E+00	1.965737E+00	2.173946E+00	4.184915E-01	1.391260E+06
6.351351E+00	1.849031E+00	2.142716E+00	4.180042E-01	1.374523E+06
6.366366E+00	1.758834E+00	2.068948E+00	4.083833E-01	1.330340E+06
6.381381E+00	1.713502E+00	1.974932E+00	3.914823E-01	1.272882E+06
6.396396E+00	1.712119E+00	1.889935E+00	3.732775E-01	1.220966E+06
6.411411E+00	1.735866E+00	1.833658E+00	3.598880E-01	1.187390E+06
6.426426E+00	1.759652E+00	1.807406E+00	3.532115E-01	1.173131E+06
6.441441E+00	1.768012E+00	1.794401E+00	3.501011E-01	1.167412E+06
6.456456E+00	1.767153E+00	1.776277E+00	3.462431E-01	1.158314E+06
6.471471E+00	1.772488E+00	1.754282E+00	3.413393E-01	1.146631E+06
6.486486E+00	1.782930E+00	1.741717E+00	3.383246E-01	1.141060E+06
6.501502E+00	1.785197E+00	1.737287E+00	3.373119E-01	1.140792E+06
6.516517E+00	1.778531E+00	1.728472E+00	3.356160E-01	1.137625E+06
6.531532E+00	1.771641E+00	1.710373E+00	3.319207E-01	1.128307E+06
6.546547E+00	1.773405E+00	1.684572E+00	3.263136E-01	1.113841E+06
6.561562E+00	1.791500E+00	1.660406E+00	3.207209E-01	1.100380E+06
6.576577E+00	1.822088E+00	1.653788E+00	3.187943E-01	1.098502E+06
6.591592E+00	1.846309E+00	1.671141E+00	3.220939E-01	1.112563E+06
6.606607E+00	1.848068E+00	1.697526E+00	3.275527E-01	1.132704E+06
6.621622E+00	1.835107E+00	1.712813E+00	3.309585E-01	1.145501E+06
6.636637E+00	1.826383E+00	1.719728E+00	3.325786E-01	1.152734E+06
6.651652E+00	1.821010E+00	1.735837E+00	3.360778E-01	1.166164E+06
6.666667E+00	1.800219E+00	1.763202E+00	3.423922E-01	1.187223E+06
6.681682E+00	1.754955E+00	1.782838E+00	3.481026E-01	1.203148E+06
6.696697E+00	1.698444E+00	1.778186E+00	3.494760E-01	1.202705E+06
6.711712E+00	1.648897E+00	1.752793E+00	3.462556E-01	1.188189E+06
6.726727E+00	1.608136E+00	1.719919E+00	3.409612E-01	1.168512E+06
6.741742E+00	1.567336E+00	1.678589E+00	3.336775E-01	1.142978E+06
6.756757E+00	1.531641E+00	1.617696E+00	3.212425E-01	1.103968E+06
6.771772E+00	1.517194E+00	1.538027E+00	3.025833E-01	1.051932E+06
6.786787E+00	1.535582E+00	1.452980E+00	2.807853E-01	9.959673E+05
6.801802E+00	1.587476E+00	1.381876E+00	2.620351E-01	9.493242E+05
6.816817E+00	1.660839E+00	1.340193E+00	2.515525E-01	9.227208E+05
6.831832E+00	1.739604E+00	1.332696E+00	2.502925E-01	9.195800E+05
6.846847E+00	1.809651E+00	1.359277E+00	2.569520E-01	9.399827E+05
6.861862E+00	1.853149E+00	1.414259E+00	2.690170E-01	9.801492E+05
6.876877E+00	1.856819E+00	1.476914E+00	2.818815E-01	1.025812E+06
6.891892E+00	1.826930E+00	1.521410E+00	2.909409E-01	1.059025E+06
6.906907E+00	1.786118E+00	1.535438E+00	2.940261E-01	1.071118E+06
6.921922E+00	1.755366E+00	1.528277E+00	2.927381E-01	1.068440E+06
6.936937E+00	1.736865E+00	1.517458E+00	2.905766E-01	1.063177E+06
6.951952E+00	1.721343E+00	1.508756E+00	2.888521E-01	1.059369E+06
6.966967E+00	1.704512E+00	1.499709E+00	2.870769E-01	1.055291E+06
6.981982E+00	1.684028E+00	1.488466E+00	2.848786E-01	1.049637E+06
6.996997E+00	1.657731E+00	1.468850E+00	2.808930E-01	1.038031E+06
7.012012E+00	1.632650E+00	1.431257E+00	2.727084E-01	1.013635E+06
7.027027E+00	1.626316E+00	1.377387E+00	2.603226E-01	9.775727E+05
7.042042E+00	1.647170E+00	1.326801E+00	2.485462E-01	9.436824E+05
7.057057E+00	1.681711E+00	1.296049E+00	2.417310E-01	9.237754E+05
7.072072E+00	1.713323E+00	1.280099E+00	2.385887E-01	9.143483E+05
7.087087E+00	1.744047E+00	1.269044E+00	2.367633E-01	9.083767E+05
7.102102E+00	1.777677E+00	1.269276E+00	2.375845E-01	9.104676E+05
7.117117E+00	1.801713E+00	1.284953E+00	2.414399E-01	9.236612E+05
7.132132E+00	1.806198E+00	1.302491E+00	2.451553E-01	9.382431E+05
7.147147E+00	1.799144E+00	1.306841E+00	2.458823E-01	9.433586E+05
7.162162E+00	1.795035E+00	1.297467E+00	2.438489E-01	9.385598E+05
7.177177E+00	1.801017E+00	1.283074E+00	2.410360E-01	9.300939E+05
7.192192E+00	1.815071E+00	1.273070E+00	2.393891E-01	9.247728E+05
7.207207E+00	1.828429E+00	1.269198E+00	2.390167E-01	9.238850E+05
7.222222E+00	1.838936E+00	1.262587E+00	2.380376E-01	9.209870E+05
7.237237E+00	1.858518E+00	1.251112E+00	2.364666E-01	9.145142E+05
7.252252E+00	1.892219E+00	1.250615E+00	2.376976E-01	9.160471E+05
7.267267E+00	1.924431E+00	1.272372E+00	2.431864E-01	9.339137E+05
7.282282E+00	1.938291E+00	1.307734E+00	2.504474E-01	9.618523E+05
7.297297E+00	1.932146E+00	1.340026E+00	2.563771E-01	9.876351E+05
7.312312E+00	1.915739E+00	1.360596E+00	2.598148E-01	1.004859E+06
7.327327E+00	1.897763E+00	1.370144E+00	2.611630E-01	1.013989E+06
7.342342E+00	1.883119E+00	1.372817E+00	2.613049E-01	1.018049E+06
7.357357E+00	1.871722E+00	1.374470E+00	2.613535E-01	1.021359E+06
7.372372E+00	1.858498E+00	1.376526E+00	2.614629E-01	1.024974E+06
7.387387E+00	1.840890E+00	1.373859E+00	2.605490E-01	1.025072E+06
7.402402E+00	1.824103E+00	1.361037E+00	2.575878E-01	1.017569E+06
7.417417E+00	1.816501E+00	1.340785E+00	2.532664E-01	1.004462E+06
7.432432E+00	1.820970E+00	1.320619E+00	2.492320E-01	9.913564E+05
7.447447E+00	1.835877E+00	1.309049E+00	2.472680E-01	9.846562E+05
7.462462E+00	1.851706E+00	1.312213E+00	2.483533E-01	9.890263E+05
7.477477E+00	1.857680E+00	1.325965E+00	2.512765E-01	1.001402E+06
7.492492E+00	1.849508E+00	1.341645E+00	2.542087E-01	1.015279E+06
7.507508E+00	1.827006E+00	1.349461E+00	2.552717E-01	1.023240E+06
7.522523E+00	1.798204E+00	1.338136E+00	2.523490E-01	1.016682E+06
7.537538E+00	1.780706E+00	1.307138E+00	2.455383E-01	9.951125E+05
7.552553E+00	1.784878E+00	1.270683E+00	2.380603E-01	9.692865E+05
7.567568E+00	1.808301E+00	1.242837E+00	2.330557E-01	9.499309E+05
7.582583E+00	1.843084E+00	1.233813E+00	2.324817E-01	9.449042E+05
7.597598E+00	1.874458E+00	1.248163E+00	2.365059E-01	9.577869E+05
7.612613E+00	1.887880E+00	1.277856E+00	2.427858E-01	9.825100E+05
7.627628E+00	1.879130E+00	1.308052E+00	2.483773E-01	1.007711E+06
7.642643E+00	1.853484E+00	1.327098E+00	2.513867E-01	1.024396E+06
7.657658E+00	1.819257E+00	1.327872E+00	2.506758E-01	1.027008E+06
7.672673E+00	1.790066E+00	1.308048E+00	2.459274E-01	1.013658E+06
7.687688E+00	1.776984E+00	1.278303E+00	2.394432E-01	9.925470E+05
7.702703E+00	1.777403E+00	1.249905E+00	2.335667E-01	9.723927E+05
7.717718E+00	1.787405E+00	1.226058E+00	2.289723E-01	9.556994E+05
7.732733E+00	1.803267E+00	1.210467E+00	2.263592E-01	9.453820E+05
7.747748E+00	1.819968E+00	1.200633E+00	2.250293E-01	9.395223E+05
7.762763E+00	1.842590E+00	1.195714E+00	2.249926E-01	9.374866E+05
7.777778E+00	1.869970E+00	1.207846E+00	2.285300E-01	9.488304E+05
7.792793E+00	1.884983E+00	1.242442E+00	2.358271E-01	9.778912E+05
7.807808E+00	1.870185E+00	1.287455E+00	2.440262E-01	1.015272E+06
7.822823E+00	1.821927E+00	1.319562E+00	2.490396E-01	1.042593E+06
7.837838E+00	1.754885E+00	1.318759E+00	2.475182E-01	1.043959E+06
7.852853E+00	1.692864E+00	1.281717E+00	2.386760E-01	1.016579E+06
7.867868E+00	1.651790E+00	1.219720E+00	2.244851E-01	9.692563E+05
7.882883E+00	1.638234E+00	1.145674E+00	2.078984E-01	9.121529E+05
7.897898E+00	1.654160E+00	1.073964E+00	1.928922E-01	8.566877E+05
7.912913E+00	1.692174E+00	1.019852E+00	1.833037E-01	8.150697E+05
7.927928E+00	1.735114E+00	9.891798E-01	1.795497E-01	7.920567E+05
7.942943E+00	1.768706E+00	9.726355E-01	1.784688E-01	7.802844E+05
7.957958E+00	1.793058E+00	9.555582E-01	1.769550E-01	7.680335E+05
7.972973E+00	1.818888E+00	9.328345E-01	1.747622E-01	7.511839E+05
7.987988E+00	1.853369E+00	9.104359E-01	1.735816E-01	7.345277E+05
8.003003E+00	1.895830E+00	8.964316E-01	1.747772E-01	7.245886E+05
8.018018E+00	1.939359E+00	8.961500E-01	1.784915E-01	7.257200E+05
8.033033E+00	1.974267E+00	9.073738E-01	1.833090E-01	7.361853E+05
8.048048E+00	1.996340E+00	9.209795E-01	1.873447E-01	7.486208E+05
8.063063E+00	2.008703E+00	9.293373E-01	1.897093E-01	7.568239E+05
8.078078E+00	2.015806E+00	9.277059E-01	1.900917E-01	7.569021E+05
8.093093E+00	2.026590E+00	9.116585E-01	1.886636E-01	7.451919E+05
8.108108E+00	2.054790E+00	8.868190E-01	1.876847E-01	7.262328E+05
8.123123E+00	2.104784E+00	8.702976E-01	1.902420E-01	7.140230E+05
8.138138E+00	2.165116E+00	8.772930E-01	1.971836E-01	7.210927E+05
8.153153E+00	2.215732E+00	9.082948E-01	2.062527E-01	7.479522E+05
8.168168E+00	2.244842E+00	9.462201E-01	2.140138E-01	7.806174E+05
8.183183E+00	2.263107E+00	9.742241E-01	2.194150E-01	8.051977E+05
8.198198E+00	2.286600E+00	9.988094E-01	2.248393E-01	8.270322E+05
8.213213E+00	2.308891E+00	1.034635E+00	2.316010E-01	8.582654E+05
8.228228E+00	2.313401E+00	1.073547E+00	2.372018E-01	8.921724E+05
8.243243E+00	2.308573E+00	1.094622E+00	2.396538E-01	9.113467E+05
8.258258E+00	2.318330E+00	1.103091E+00	2.416400E-01	9.200704E+05
8.273273E+00	2.344476E+00	1.121872E+00	2.463985E-01	9.374369E+05
8.288288E+00	2.369611E+00	1.161341E+00	2.538415E-01	9.721780E+05
8.303303E+00	2.377630E+00	1.213221E+00	2.616222E-01	1.017448E+06
8.318318E+00	2.366583E+00	1.261795E+00	2.676523E-01	1.060097E+06
8.333333E+00	2.346794E+00	1.296893E+00	2.713494E-01	1.091551E+06
8.348348E+00	2.333293E+00	1.322726E+00	2.742730E-01	1.115300E+06
8.363363E+00	2.326939E+00	1.356505E+00	2.789509E-01	1.145839E+06
8.378378E+00	2.311495E+00	1.405701E+00	2.855831E-01	1.189527E+06
8.393393E+00	2.270223E+00	1.461883E+00	2.922948E-01	1.239286E+06
8.408408E+00	2.195098E+00	1.502047E+00	2.955849E-01	1.275613E+06
8.423423E+00	2.103967E+00	1.499846E+00	2.918408E-01	1.276017E+06
8.438438E+00	2.031017E+00	1.455959E+00	2.814935E-01	1.240888E+06
8.453453E+00	1.993868E+00	1.395739E+00	2.690654E-01	1.191681E+06
8.468468E+00	1.985926E+00	1.343665E+00	2.590650E-01	1.149257E+06
8.483483E+00	1.989815E+00	1.308796E+00	2.527878E-01	1.121418E+06
8.498498E+00	1.991356E+00	1.287221E+00	2.489097E-01	1.104884E+06
8.513514E+00	1.982952E+00	1.268848E+00	2.451633E-01	1.091038E+06
8.528529E+00	1.965310E+00	1.239771E+00	2.389965E-01	1.067916E+06
8.543544E+00	1.952731E+00	1.188593E+00	2.290361E-01	1.025635E+06
8.558559E+00	1.967169E+00	1.122802E+00	2.181966E-01	9.705660E+05
8.573574E+00	2.013731E+00	1.066454E+00	2.118392E-01	9.234756E+05
8.588589E+00	2.077840E+00	1.035235E+00	2.118057E-01	8.980123E+05
8.603604E+00	2.143720E+00	1.028843E+00	2.162971E-01	8.940272E+05
8.618619E+00	2.204766E+00	1.040900E+00	2.232636E-01	9.060832E+05
8.633634E+00	2.259667E+00	1.070084E+00	2.320919E-01	9.331098E+05
8.648649E+00	2.300766E+00	1.119019E+00	2.423753E-01	9.774785E+05
8.663664E+00	2.312043E+00	1.180391E+00	2.519446E-01	1.032877E+06
8.678679E+00	2.287246E+00	1.227321E+00	2.569234E-01	1.075804E+06
8.693694E+00	2.251571E+00	1.235372E+00	2.556087E-01	1.084734E+06
8.708709E+00	2.240225E+00	1.215366E+00	2.517726E-01	1.069011E+06
8.723724E+00	2.261733E+00	1.200471E+00	2.510838E-01	1.057730E+06
8.738739E+00	2.295539E+00	1.214511E+00	2.556386E-01	1.071943E+06
8.753754E+00	2.312612E+00	1.254493E+00	2.627451E-01	1.109133E+06
8.768769E+00	2.300403E+00	1.298818E+00	2.685284E-01	1.150293E+06
8.783784E+00	2.262367E+00	1.329206E+00	2.707821E-01	1.179221E+06
8.798799E+00	2.207400E+00	1.328689E+00	2.674252E-01	1.180778E+06
8.813814E+00	2.162658E+00	1.284406E+00	2.575906E-01	1.143372E+06
8.828829E+00	2.163027E+00	1.215310E+00	2.464448E-01	1.083706E+06
8.843844E+00	2.212425E+00	1.164437E+00	2.420339E-01	1.040108E+06
8.858859E+00	2.279138E+00	1.159298E+00	2.463615E-01	1.037276E+06
8.873874E+00	2.325301E+00	1.191891E+00	2.546055E-01	1.068245E+06
8.888889E+00	2.336679E+00	1.232151E+00	2.612239E-01	1.106198E+06
8.903904E+00	2.322583E+00	1.255729E+00	2.636313E-01	1.129270E+06
8.918919E+00	2.302967E+00	1.248926E+00	2.612425E-01	1.125046E+06
8.933934E+00	2.306154E+00	1.216567E+00	2.567201E-01	1.097742E+06
8.948949E+00	2.346268E+00	1.187051E+00	2.555430E-01	1.072909E+06
8.963964E+00	2.408863E+00	1.188717E+00	2.607105E-01	1.076217E+06
8.978979E+00	2.462829E+00	1.227763E+00	2.701964E-01	1.113429E+06
8.993994E+00	2.485692E+00	1.282060E+00	2.791819E-01	1.164615E+06
9.009009E+00	2.485295E+00	1.324908E+00	2.849442E-01	1.205547E+06
9.024024E+00	2.481965E+00	1.352473E+00	2.884919E-01	1.232680E+06
9.039039E+00	2.485014E+00	1.376199E+00	2.919808E-01	1.256392E+06
9.054054E+00	2.488663E+00	1.406222E+00	2.964031E-01	1.285933E+06
9.069069E+00	2.483755E+00	1.440353E+00	3.009004E-01	1.319328E+06
9.084084E+00	2.467767E+00	1.472297E+00	3.045147E-01	1.350821E+06
9.099099E+00	2.440302E+00	1.494420E+00	3.061888E-01	1.373385E+06
9.114114E+00	2.410121E+00	1.497119E+00	3.049545E-01	1.378137E+06
9.129129E+00	2.393083E+00	1.484185E+00	3.020954E-01	1.368481E+06
9.144144E+00	2.392236E+00	1.470726E+00	3.000195E-01	1.358302E+06
9.159159E+00	2.397508E+00	1.461392E+00	2.989091E-01	1.351898E+06
9.174174E+00	2.409912E+00	1.448500E+00	2.976910E-01	1.342168E+06
9.189189E+00	2.440729E+00	1.439342E+00	2.981531E-01	1.335865E+06
9.204204E+00	2.483996E+00	1.450426E+00	3.023445E-01	1.348351E+06
9.219219E+00	2.524714E+00	1.484208E+00	3.095499E-01	1.382007E+06
9.234234E+00	2.554466E+00	1.537193E+00	3.186815E-01	1.433675E+06
9.249249E+00	2.562617E+00	1.605593E+00	3.287260E-01	1.499904E+06
9.264264E+00	2.540479E+00	1.674038E+00	3.374418E-01	1.566382E+06
9.279279E+00	2.494426E+00	1.724929E+00	3.429840E-01	1.616616E+06
9.294294E+00	2.439378E+00	1.750356E+00	3.448285E-01	1.643100E+06
9.309309E+00	2.389925E+00	1.754427E+00	3.438601E-01	1.649583E+06
9.324324E+00	2.350940E+00	1.746479E+00	3.414267E-01	1.644758E+06
9.339339E+00	2.323315E+00	1.733079E+00	3.384631E-01	1.634767E+06
9.354354E+00	2.303040E+00	1.722318E+00	3.361300E-01	1.627228E+06
9.369369E+00	2.278278E+00	1.711498E+00	3.336582E-01	1.619602E+06
9.384384E+00	2.251906E+00	1.685536E+00	3.285871E-01	1.597590E+06
9.399399E+00	2.239979E+00	1.644917E+00	3.213838E-01	1.561584E+06
9.414414E+00	2.246982E+00	1.599068E+00	3.138939E-01	1.520483E+06
9.429429E+00	2.277470E+00	1.553346E+00	3.074805E-01	1.479363E+06
9.444444E+00	2.334400E+00	1.524181E+00	3.053080E-01	1.453899E+06
9.459459E+00	2.401374E+00	1.527408E+00	3.090725E-01	1.459294E+06
9.474474E+00	2.455577E+00	1.557977E+00	3.163907E-01	1.490863E+06
9.489489E+00	2.489386E+00	1.596210E+00	3.237065E-01	1.529869E+06
9.504505E+00	2.515415E+00	1.629233E+00	3.297831E-01	1.563990E+06
9.519520E+00	2.544565E+00	1.666034E+00	3.364720E-01	1.601844E+06
9.534535E+00	2.568204E+00	1.714537E+00	3.444997E-01	1.651079E+06
9.549550E+00	2.578867E+00	1.768119E+00	3.526344E-01	1.705359E+06
9.564565E+00	2.577578E+00	1.819419E+00	3.599796E-01	1.757597E+06
9.579580E+00	2.568882E+00	1.863320E+00	3.660557E-01	1.802832E+06
9.594595E+00	2.560988E+00	1.899261E+00	3.710670E-01	1.840487E+06
9.609610E+00	2.558898E+00	1.934427E+00	3.761739E-01	1.877498E+06
9.624625E+00	2.559629E+00	1.975380E+00	3.822203E-01	1.920242E+06
9.639640E+00	2.558770E+00	2.023765E+00	3.893321E-01	1.970345E+06
9.654655E+00	2.554006E+00	2.080302E+00	3.975910E-01	2.028545E+06
9.669670E+00	2.540699E+00	2.148897E+00	4.075660E-01	2.098692E+06
9.684685E+00	2.505427E+00	2.228594E+00	4.191880E-01	2.179907E+06
9.699700E+00	2.436311E+00	2.303044E+00	4.305105E-01	2.256223E+06
9.714715E+00	2.338613E+00	2.347156E+00	4.383558E-01	2.302997E+06
9.729730E+00	2.237971E+00	2.345127E+00	4.399499E-01	2.304562E+06
9.744745E+00	2.166857E+00	2.306421E+00	4.352938E-01	2.270024E+06
9.759760E+00	2.138801E+00	2.263266E+00	4.286798E-01	2.230983E+06
9.774775E+00	2.138303E+00	2.243685E+00	4.253058E-01	2.215083E+06
9.789790E+00	2.139498E+00	2.253717E+00	4.270105E-01	2.228405E+06
9.804805E+00	2.122063E+00	2.282566E+00	4.325043E-01	2.260392E+06
9.819820E+00	2.079230E+00	2.307209E+00	4.382309E-01	2.288294E+06
9.834835E+00	2.028379E+00	2.309919E+00	4.407097E-01	2.294485E+06
9.849850E+00	1.988498E+00	2.300425E+00	4.407684E-01	2.288542E+06
9.864865E+00	1.954264E+00	2.292158E+00	4.409066E-01	2.283795E+06
9.879880E+00	1.918507E+00	2.280074E+00	4.405225E-01	2.275213E+06
9.894895E+00	1.886147E+00	2.259034E+00	4.383575E-01	2.257643E+06
9.909910E+00	1.863760E+00	2.228839E+00	4.338881E-01	2.230847E+06
9.924925E+00	1.862072E+00	2.194839E+00	4.274412E-01	2.200145E+06
9.939940E+00	1.884794E+00	2.177085E+00	4.228044E-01	2.185649E+06
9.954955E+00	1.911791E+00	2.193684E+00	4.246263E-01	2.205641E+06
9.969970E+00	1.914697E+00	2.234758E+00	4.322451E-01	2.250328E+06
9.984985E+00	1.890543E+00	2.273185E+00	4.407756E-01	2.292469E+06
1.000000E+01	1.856198E+00	2.300038E+00	4.478905E-01	2.323039E+06
1.001502E+01	1.817560E+00	2.322390E+00	4.546832E-01	2.349136E+06
1.003003E+01	1.770679E+00	2.340562E+00	4.615907E-01	2.371066E+06
1.004505E+01	1.716497E+00	2.349810E+00	4.677926E-01	2.383999E+06
1.006006E+01	1.658181E+00	2.348122E+00	4.727397E-01	2.385847E+06
1.007508E+01	1.599268E+00	2.334061E+00	4.758233E-01	2.375100E+06
1.009009E+01	1.543877E+00	2.308366E+00	4.766458E-01	2.352454E+06
1.010511E+01	1.494094E+00	2.273077E+00	4.751757E-01	2.319938E+06
1.012012E+01	1.450916E+00	2.228387E+00	4.710814E-01	2.277706E+06
1.013514E+01	1.418122E+00	2.173332E+00	4.633757E-01	2.224729E+06
1.015015E+01	1.403194E+00	2.110566E+00	4.513325E-01	2.163679E+06
1.016517E+01	1.411597E+00	2.051283E+00	4.366884E-01	2.106015E+06
1.018018E+01	1.436130E+00	2.009032E+00	4.238738E-01	2.065683E+06
1.019520E+01	1.463125E+00	1.983590E+00	4.148446E-01	2.042532E+06
1.021021E+01	1.492132E+00	1.968196E+00	4.081493E-01	2.029665E+06
1.022523E+01	1.524731E+00	1.970694E+00	4.054414E-01	2.035230E+06
1.024024E+01	1.543032E+00	1.994982E+00	4.091941E-01	2.063338E+06
1.025526E+01	1.537297E+00	2.019974E+00	4.153749E-01	2.092251E+06
1.027027E+01	1.524548E+00	2.034642E+00	4.199441E-01	2.110529E+06
1.028529E+01	1.510534E+00	2.051871E+00	4.252676E-01	2.131512E+06
1.030030E+01	1.481274E+00	2.071310E+00	4.328448E-01	2.154846E+06
1.031532E+01	1.438036E+00	2.075430E+00	4.388936E-01	2.162281E+06
1.033033E+01	1.397819E+00	2.061651E+00	4.408691E-01	2.151051E+06
1.034535E+01	1.366729E+00	2.040175E+00	4.400786E-01	2.131738E+06
1.036036E+01	1.344031E+00	2.017092E+00	4.378286E-01	2.110678E+06
1.037538E+01	1.326092E+00	1.999965E+00	4.363390E-01	2.095790E+06
1.039039E+01	1.298463E+00	1.988395E+00	4.376908E-01	2.086681E+06
1.040541E+01	1.256544E+00	1.961974E+00	4.378717E-01	2.061929E+06
1.042042E+01	1.222685E+00	1.907856E+00	4.299998E-01	2.007946E+06
1.043544E+01	1.219006E+00	1.841966E+00	4.137158E-01	1.941394E+06
1.045045E+01	1.243681E+00	1.790761E+00	3.963395E-01	1.890140E+06
1.046547E+01	1.274807E+00	1.767419E+00	3.855255E-01	1.868184E+06
1.048048E+01	1.290370E+00	1.760770E+00	3.815701E-01	1.863825E+06
1.049550E+01	1.291093E+00	1.747743E+00	3.780646E-01	1.852686E+06
1.051051E+01	1.296640E+00	1.722647E+00	3.707210E-01	1.828696E+06
1.052553E+01	1.315917E+00	1.700603E+00	3.624065E-01	1.807874E+06
1.054054E+01	1.338663E+00	1.692037E+00	3.573646E-01	1.801333E+06
1.055556E+01	1.355355E+00	1.691653E+00	3.553133E-01	1.803490E+06
1.057057E+01	1.367768E+00	1.693682E+00	3.544369E-01	1.808222E+06
1.058559E+01	1.378128E+00	1.699143E+00	3.547018E-01	1.816629E+06
1.060060E+01	1.385232E+00	1.710984E+00	3.569620E-01	1.831883E+06
1.061562E+01	1.381722E+00	1.730963E+00	3.624414E-01	1.855899E+06
1.063063E+01	1.358608E+00	1.749672E+00	3.698760E-01	1.878612E+06
1.064565E+01	1.319811E+00	1.751470E+00	3.751759E-01	1.883198E+06
1.066066E+01	1.280236E+00	1.729497E+00	3.747807E-01	1.862196E+06
1.067568E+01	1.254699E+00	1.689220E+00	3.676815E-01	1.821390E+06
1.069069E+01	1.249428E+00	1.644663E+00	3.563666E-01	1.775841E+06
1.070571E+01	1.258010E+00	1.608047E+00	3.451635E-01	1.738743E+06
1.072072E+01	1.270115E+00	1.580230E+00	3.359353E-01	1.711062E+06
1.073574E+01	1.282745E+00	1.556738E+00	3.279093E-01	1.687985E+06
1.075075E+01	1.295246E+00	1.536438E+00	3.208648E-01	1.668304E+06
1.076577E+01	1.306271E+00	1.516012E+00	3.140395E-01	1.648424E+06
1.078078E+01	1.319437E+00	1.492089E+00	3.061180E-01	1.624674E+06
1.079580E+01	1.339864E+00	1.465858E+00	2.970010E-01	1.598336E+06
1.081081E+01	1.371717E+00	1.441830E+00	2.877820E-01	1.574323E+06
1.082583E+01	1.416396E+00	1.429589E+00	2.812631E-01	1.563125E+06
1.084084E+01	1.464936E+00	1.440438E+00	2.810809E-01	1.577171E+06
1.085586E+01	1.499004E+00	1.475886E+00	2.881599E-01	1.618223E+06
1.087087E+01	1.500778E+00	1.520775E+00	2.992460E-01	1.669747E+06
1.088589E+01	1.470951E+00	1.545205E+00	3.072382E-01	1.698913E+06
1.090090E+01	1.438970E+00	1.531006E+00	3.058977E-01	1.685624E+06
1.091592E+01	1.436133E+00	1.494193E+00	2.966474E-01	1.647359E+06
1.093093E+01	1.465668E+00	1.466879E+00	2.877545E-01	1.619469E+06
1.094595E+01	1.506555E+00	1.467293E+00	2.856346E-01	1.622152E+06
1.096096E+01	1.536980E+00	1.491170E+00	2.900666E-01	1.650810E+06
1.097598E+01	1.547416E+00	1.524803E+00	2.977743E-01	1.690356E+06
1.099099E+01	1.538286E+00	1.554553E+00	3.054774E-01	1.725694E+06
1.100601E+01	1.516889E+00	1.571235E+00	3.107798E-01	1.746595E+06
1.102102E+01	1.492949E+00	1.571154E+00	3.122681E-01	1.748888E+06
1.103604E+01	1.478005E+00	1.556732E+00	3.096598E-01	1.735195E+06
1.105105E+01	1.478770E+00	1.540360E+00	3.054980E-01	1.719282E+06
1.106607E+01	1.487034E+00	1.534186E+00	3.034207E-01	1.714718E+06
1.108108E+01	1.489978E+00	1.534996E+00	3.034397E-01	1.717951E+06
1.109610E+01	1.487103E+00	1.531321E+00	3.026992E-01	1.716160E+06
1.111111E+01	1.488784E+00	1.519265E+00	2.995779E-01	1.704952E+06
1.112613E+01	1.503344E+00	1.507492E+00	2.957969E-01	1.694027E+06
1.114114E+01	1.526783E+00	1.508242E+00	2.947417E-01	1.697157E+06
1.115616E+01	1.547561E+00	1.525182E+00	2.978595E-01	1.718532E+06
1.117117E+01	1.555471E+00	1.554207E+00	3.045059E-01	1.753593E+06
1.118619E+01	1.544197E+00	1.585283E+00	3.126255E-01	1.791060E+06
1.120120E+01	1.515842E+00	1.606711E+00	3.195623E-01	1.817706E+06
1.121622E+01	1.476961E+00	1.611413E+00	3.234252E-01	1.825470E+06
1.123123E+01	1.435880E+00	1.593506E+00	3.221204E-01	1.807601E+06
1.124625E+01	1.407505E+00	1.552022E+00	3.138184E-01	1.762897E+06
1.126126E+01	1.404882E+00	1.498598E+00	3.001181E-01	1.704486E+06
1.127628E+01	1.429927E+00	1.449773E+00	2.856070E-01	1.651153E+06
1.129129E+01	1.475146E+00	1.419885E+00	2.753280E-01	1.619265E+06
1.130631E+01	1.524516E+00	1.415731E+00	2.720880E-01	1.616675E+06
1.132132E+01	1.562472E+00	1.429342E+00	2.740522E-01	1.634386E+06
1.133634E+01	1.587723E+00	1.445592E+00	2.771615E-01	1.655159E+06
1.135135E+01	1.610542E+00	1.458566E+00	2.795884E-01	1.672226E+06
1.136637E+01	1.638385E+00	1.474330E+00	2.825685E-01	1.692536E+06
1.138138E+01	1.669600E+00	1.502306E+00	2.882969E-01	1.726930E+06
1.139640E+01	1.693810E+00	1.548426E+00	2.982106E-01	1.782294E+06
1.141141E+01	1.696464E+00	1.607019E+00	3.113203E-01	1.852174E+06
1.142643E+01	1.673210E+00	1.660779E+00	3.242449E-01	1.916654E+06
1.144144E+01	1.634471E+00	1.697774E+00	3.344225E-01	1.961923E+06
1.145646E+01	1.590214E+00	1.716759E+00	3.412855E-01	1.986465E+06
1.147147E+01	1.548865E+00	1.717759E+00	3.442159E-01	1.990227E+06
1.148649E+01	1.520014E+00	1.707717E+00	3.438860E-01	1.981183E+06
1.150150E+01	1.502821E+00	1.699242E+00	3.431393E-01	1.973927E+06
1.151652E+01	1.486987E+00	1.695800E+00	3.435546E-01	1.972501E+06
1.153153E+01	1.468807E+00	1.689170E+00	3.434254E-01	1.967350E+06
1.154655E+01	1.457638E+00	1.676890E+00	3.413253E-01	1.955591E+06
1.156156E+01	1.456707E+00	1.670657E+00	3.398488E-01	1.950856E+06
1.157658E+01	1.454748E+00	1.677107E+00	3.416294E-01	1.960930E+06
1.159159E+01	1.441849E+00	1.690082E+00	3.460264E-01	1.978665E+06
1.160661E+01	1.416247E+00	1.700350E+00	3.510479E-01	1.993265E+06
1.162162E+01	1.381119E+00	1.699901E+00	3.545714E-01	1.995316E+06
1.163664E+01	1.345103E+00	1.683276E+00	3.543190E-01	1.978354E+06
1.165165E+01	1.319921E+00	1.653970E+00	3.496044E-01	1.946419E+06
1.166667E+01	1.309142E+00	1.624703E+00	3.431133E-01	1.914442E+06
1.168168E+01	1.303151E+00	1.604168E+00	3.383223E-01	1.892677E+06
1.169670E+01	1.290671E+00	1.586879E+00	3.351649E-01	1.874686E+06
1.171171E+01	1.273164E+00	1.560549E+00	3.301417E-01	1.845946E+06
1.172673E+01	1.261832E+00	1.521696E+00	3.208146E-01	1.802296E+06
1.174174E+01	1.265315E+00	1.476836E+00	3.078805E-01	1.751403E+06
1.175676E+01	1.284608E+00	1.436293E+00	2.944013E-01	1.705501E+06
1.177177E+01	1.313665E+00	1.407385E+00	2.834990E-01	1.673309E+06
1.178679E+01	1.343605E+00	1.391975E+00	2.766670E-01	1.657098E+06
1.180180E+01	1.365828E+00	1.383807E+00	2.727282E-01	1.649473E+06
1.181682E+01	1.383037E+00	1.371062E+00	2.681063E-01	1.636360E+06
1.183183E+01	1.407587E+00	1.353486E+00	2.619227E-01	1.617436E+06
1.184685E+01	1.443145E+00	1.342041E+00	2.570712E-01	1.605795E+06
1.186186E+01	1.482790E+00	1.344219E+00	2.559237E-01	1.610439E+06
1.187688E+01	1.517348E+00	1.359544E+00	2.585101E-01	1.630861E+06
1.189189E+01	1.541501E+00	1.380471E+00	2.628741E-01	1.658057E+06
1.190691E+01	1.560832E+00	1.399576E+00	2.669288E-01	1.683127E+06
1.192192E+01	1.582392E+00	1.423555E+00	2.720667E-01	1.714123E+06
1.193694E+01	1.596843E+00	1.460718E+00	2.804819E-01	1.761087E+06
1.195195E+01	1.592317E+00	1.503127E+00	2.906878E-01	1.814496E+06
1.196697E+01	1.568899E+00	1.537858E+00	2.999308E-01	1.858754E+06
1.198198E+01	1.534023E+00	1.556233E+00	3.061180E-01	1.883322E+06
1.199700E+01	1.497471E+00	1.556952E+00	3.084443E-01	1.886554E+06
1.201201E+01	1.463679E+00	1.541632E+00	3.068343E-01	1.870329E+06
1.202703E+01	1.440252E+00	1.507013E+00	2.996517E-01	1.830614E+06
1.204204E+01	1.443985E+00	1.460871E+00	2.875548E-01	1.776779E+06
1.205706E+01	1.477936E+00	1.427953E+00	2.772238E-01	1.738908E+06
1.207207E+01	1.522384E+00	1.425008E+00	2.744565E-01	1.737483E+06
1.208709E+01	1.554808E+00	1.447346E+00	2.786665E-01	1.766914E+06
1.210210E+01	1.564989E+00	1.478848E+00	2.858953E-01	1.807614E+06
1.211712E+01	1.555400E+00	1.503271E+00	2.921870E-01	1.839746E+06
1.213213E+01	1.537808E+00	1.511274E+00	2.949407E-01	1.851832E+06
1.214715E+01	1.525674E+00	1.504851E+00	2.939640E-01	1.846244E+06
1.216216E+01	1.524847E+00	1.494475E+00	2.914532E-01	1.835780E+06
1.217718E+01	1.530121E+00	1.488236E+00	2.896670E-01	1.830374E+06
1.219219E+01	1.534640E+00	1.483934E+00	2.884035E-01	1.827334E+06
1.220721E+01	1.540589E+00	1.474498E+00	2.858333E-01	1.817949E+06
1.222222E+01	1.559007E+00	1.461720E+00	2.819891E-01	1.804413E+06
1.223724E+01	1.592700E+00	1.461472E+00	2.807853E-01	1.806322E+06
1.225225E+01	1.625548E+00	1.484951E+00	2.853620E-01	1.837593E+06
1.226727E+01	1.639258E+00	1.523064E+00	2.938348E-01	1.887068E+06
1.228228E+01	1.631938E+00	1.556709E+00	3.018775E-01	1.931114E+06
1.229730E+01	1.616975E+00	1.575972E+00	3.069299E-01	1.957399E+06
1.231231E+01	1.604921E+00	1.586510E+00	3.099064E-01	1.972894E+06
1.232733E+01	1.594566E+00	1.593599E+00	3.120445E-01	1.984127E+06
1.234234E+01	1.586748E+00	1.595221E+00	3.127982E-01	1.988565E+06
1.235736E+01	1.587323E+00	1.594756E+00	3.126601E-01	1.990403E+06
1.237237E+01	1.595290E+00	1.600881E+00	3.137320E-01	2.000476E+06
1.238739E+01	1.603160E+00	1.618050E+00	3.174069E-01	2.024385E+06
1.240240E+01	1.601858E+00	1.644411E+00	3.236649E-01	2.059860E+06
1.241742E+01	1.585618E+00	1.670791E+00	3.307485E-01	2.095438E+06
1.243243E+01	1.558413E+00	1.686085E+00	3.360233E-01	2.117176E+06
1.244745E+01	1.531390E+00	1.686978E+00	3.380514E-01	2.120856E+06
1.246246E+01	1.512485E+00	1.680438E+00	3.378240E-01	2.115182E+06
1.247748E+01	1.498696E+00	1.674399E+00	3.373800E-01	2.110119E+06
1.249249E+01	1.484011E+00	1.666338E+00	3.365319E-01	2.102488E+06
1.250751E+01	1.472562E+00	1.649676E+00	3.333047E-01	2.083966E+06
1.252252E+01	1.475079E+00	1.627750E+00	3.276444E-01	2.058738E+06
1.253754E+01	1.494226E+00	1.615339E+00	3.231510E-01	2.045490E+06
1.255255E+01	1.515899E+00	1.624412E+00	3.238978E-01	2.059442E+06
1.256757E+01	1.520646E+00	1.647308E+00	3.291721E-01	2.090968E+06
1.258258E+01	1.506943E+00	1.663051E+00	3.339848E-01	2.113473E+06
1.259760E+01	1.490949E+00	1.662367E+00	3.350130E-01	2.115124E+06
1.261261E+01	1.485594E+00	1.653096E+00	3.331343E-01	2.105836E+06
1.262763E+01	1.491217E+00	1.646965E+00	3.311921E-01	2.100523E+06
1.264264E+01	1.501381E+00	1.649734E+00	3.311239E-01	2.106557E+06
1.265766E+01	1.509010E+00	1.662111E+00	3.336044E-01	2.124881E+06
1.267267E+01	1.507740E+00	1.679715E+00	3.379993E-01	2.149934E+06
1.268769E+01	1.497087E+00	1.695263E+00	3.426158E-01	2.172405E+06
1.270270E+01	1.479510E+00	1.704402E+00	3.462863E-01	2.186701E+06
1.271772E+01	1.459220E+00	1.701570E+00	3.473317E-01	2.185649E+06
1.273273E+01	1.448230E+00	1.686055E+00	3.444410E-01	2.168277E+06
1.274775E+01	1.454242E+00	1.670976E+00	3.401405E-01	2.151419E+06
1.276276E+01	1.468580E+00	1.668642E+00	3.383474E-01	2.150945E+06
1.277778E+01	1.478966E+00	1.676937E+00	3.395549E-01	2.164180E+06
1.279279E+01	1.482802E+00	1.686293E+00	3.415542E-01	2.178812E+06
1.280781E+01	1.488050E+00	1.691896E+00	3.425095E-01	2.188618E+06
1.282282E+01	1.501966E+00	1.702245E+00	3.439385E-01	2.204586E+06
1.283784E+01	1.516681E+00	1.728927E+00	3.492645E-01	2.241765E+06
1.285285E+01	1.517255E+00	1.769441E+00	3.589623E-01	2.296979E+06
1.286787E+01	1.497853E+00	1.811384E+00	3.706753E-01	2.354174E+06
1.288288E+01	1.461670E+00	1.844258E+00	3.820300E-01	2.399695E+06
1.289790E+01	1.416001E+00	1.861210E+00	3.910435E-01	2.424575E+06
1.291291E+01	1.371345E+00	1.862057E+00	3.965834E-01	2.428503E+06
1.292793E+01	1.331814E+00	1.853658E+00	3.996379E-01	2.420360E+06
1.294294E+01	1.295162E+00	1.836853E+00	4.005127E-01	2.401203E+06
1.295796E+01	1.266758E+00	1.808797E+00	3.974947E-01	2.367270E+06
1.297297E+01	1.254819E+00	1.776792E+00	3.909532E-01	2.328078E+06
1.298799E+01	1.257009E+00	1.753444E+00	3.844721E-01	2.300145E+06
1.300300E+01	1.262093E+00	1.744594E+00	3.813780E-01	2.291181E+06
1.301802E+01	1.258441E+00	1.746179E+00	3.823373E-01	2.295911E+06
1.303303E+01	1.240469E+00	1.746285E+00	3.850854E-01	2.298698E+06
1.304805E+01	1.214857E+00	1.731098E+00	3.850609E-01	2.281332E+06
1.306306E+01	1.198935E+00	1.698448E+00	3.787936E-01	2.240881E+06
1.307808E+01	1.203883E+00	1.662445E+00	3.681089E-01	2.195901E+06
1.309309E+01	1.224839E+00	1.639051E+00	3.584204E-01	2.167485E+06
1.310811E+01	1.248057E+00	1.634417E+00	3.537636E-01	2.163836E+06
1.312312E+01	1.260275E+00	1.642856E+00	3.543525E-01	2.177500E+06
1.313814E+01	1.257495E+00	1.650866E+00	3.569151E-01	2.190620E+06
1.315315E+01	1.248172E+00	1.647373E+00	3.572846E-01	2.188483E+06
1.316817E+01	1.245866E+00	1.634082E+00	3.539831E-01	2.173305E+06
1.318318E+01	1.255008E+00	1.622780E+00	3.496084E-01	2.160734E+06
1.319820E+01	1.268775E+00	1.622722E+00	3.477212E-01	2.163118E+06
1.321321E+01	1.274943E+00	1.634341E+00	3.500524E-01	2.181085E+06
1.322823E+01	1.265173E+00	1.645408E+00	3.543697E-01	2.198348E+06
1.324324E+01	1.247803E+00	1.641943E+00	3.558560E-01	2.196210E+06
1.325826E+01	1.237833E+00	1.625449E+00	3.527653E-01	2.176612E+06
1.327327E+01	1.240039E+00	1.607726E+00	3.475674E-01	2.155318E+06
1.328829E+01	1.247077E+00	1.595960E+00	3.433364E-01	2.141965E+06
1.330330E+01	1.252548E+00	1.585241E+00	3.396314E-01	2.129983E+06
1.331832E+01	1.261590E+00	1.569272E+00	3.340253E-01	2.110907E+06
1.333333E+01	1.283249E+00	1.552678E+00	3.267350E-01	2.090940E+06
1.334835E+01	1.318098E+00	1.547572E+00	3.213165E-01	2.086411E+06
1.336336E+01	1.355603E+00	1.563161E+00	3.215487E-01	2.109798E+06
1.337838E+01	1.381088E+00	1.596878E+00	3.279051E-01	2.157728E+06
1.339339E+01	1.387378E+00	1.637142E+00	3.377519E-01	2.214616E+06
1.340841E+01	1.375972E+00	1.672368E+00	3.480396E-01	2.264804E+06
1.342342E+01	1.355069E+00	1.694089E+00	3.559777E-01	2.296787E+06
1.343844E+01	1.337054E+00	1.703364E+00	3.605114E-01	2.311945E+06
1.345345E+01	1.326267E+00	1.710351E+00	3.636581E-01	2.324023E+06
1.346847E+01	1.317051E+00	1.721166E+00	3.676489E-01	2.341328E+06
1.348348E+01	1.303755E+00	1.733914E+00	3.727232E-01	2.361300E+06
1.349850E+01	1.285773E+00	1.744563E+00	3.779714E-01	2.378447E+06
1.351351E+01	1.263919E+00	1.751410E+00	3.829099E-01	2.390438E+06
1.352853E+01	1.238410E+00	1.750601E+00	3.865525E-01	2.391989E+06
1.354354E+01	1.216694E+00	1.737937E+00	3.866046E-01	2.377321E+06
1.355856E+01	1.207875E+00	1.719950E+00	3.831817E-01	2.355324E+06
1.357357E+01	1.211397E+00	1.707120E+00	3.791318E-01	2.340344E+06
1.358859E+01	1.221276E+00	1.705733E+00	3.771855E-01	2.341029E+06
1.360360E+01	1.229469E+00	1.718409E+00	3.793272E-01	2.361031E+06
1.361862E+01	1.226334E+00	1.742744E+00	3.863511E-01	2.397110E+06
1.363363E+01	1.205253E+00	1.769346E+00	3.969005E-01	2.436384E+06
1.364865E+01	1.167813E+00	1.786878E+00	4.081288E-01	2.463235E+06
1.366366E+01	1.121092E+00	1.788071E+00	4.173292E-01	2.467591E+06
1.367868E+01	1.074333E+00	1.770137E+00	4.221099E-01	2.445527E+06
1.369369E+01	1.036842E+00	1.735733E+00	4.208795E-01	2.400628E+06
1.370871E+01	1.014673E+00	1.691421E+00	4.134678E-01	2.341907E+06
1.372372E+01	1.010336E+00	1.646058E+00	4.013674E-01	2.281594E+06
1.373874E+01	1.019625E+00	1.609314E+00	3.884186E-01	2.233105E+06
1.375375E+01	1.032641E+00	1.583536E+00	3.778536E-01	2.199736E+06
1.376877E+01	1.044360E+00	1.563372E+00	3.693040E-01	2.174096E+06
1.378378E+01	1.056201E+00	1.545472E+00	3.614693E-01	2.151547E+06
1.379880E+01	1.068733E+00	1.530596E+00	3.544718E-01	2.133158E+06
1.381381E+01	1.079875E+00	1.517787E+00	3.484484E-01	2.117609E+06
1.382883E+01	1.090858E+00	1.503717E+00	3.421486E-01	2.100260E+06
1.384384E+01	1.105611E+00	1.489283E+00	3.351269E-01	2.082357E+06
1.385886E+01	1.123952E+00	1.478574E+00	3.287188E-01	2.069627E+06
1.387387E+01	1.142153E+00	1.472104E+00	3.237607E-01	2.062803E+06
1.388889E+01	1.159414E+00	1.467007E+00	3.195106E-01	2.057884E+06
1.390390E+01	1.177656E+00	1.462020E+00	3.152850E-01	2.053106E+06
1.391892E+01	1.199810E+00	1.457681E+00	3.108499E-01	2.049224E+06
1.393393E+01	1.228509E+00	1.459226E+00	3.074525E-01	2.053609E+06
1.394895E+01	1.258330E+00	1.474318E+00	3.080081E-01	2.077084E+06
1.396396E+01	1.277591E+00	1.501676E+00	3.133493E-01	2.117904E+06
1.397898E+01	1.280810E+00	1.530193E+00	3.208481E-01	2.160444E+06
1.399399E+01	1.273585E+00	1.550149E+00	3.272267E-01	2.190970E+06
1.400901E+01	1.263565E+00	1.560553E+00	3.313633E-01	2.208042E+06
1.402402E+01	1.254629E+00	1.562207E+00	3.329849E-01	2.212751E+06
1.403904E+01	1.252046E+00	1.556834E+00	3.318362E-01	2.207502E+06
1.405405E+01	1.258042E+00	1.550452E+00	3.292816E-01	2.200803E+06
1.406907E+01	1.270785E+00	1.546475E+00	3.265623E-01	2.197503E+06
1.408408E+01	1.289629E+00	1.547629E+00	3.245855E-01	2.201490E+06
1.409910E+01	1.310872E+00	1.556464E+00	3.245287E-01	2.216419E+06
1.411411E+01	1.332702E+00	1.570987E+00	3.260246E-01	2.239482E+06
1.412913E+01	1.357329E+00	1.593638E+00	3.294395E-01	2.274189E+06
1.414414E+01	1.380404E+00	1.631049E+00	3.368736E-01	2.330048E+06
1.415916E+01	1.391043E+00	1.684176E+00	3.494885E-01	2.408498E+06
1.417417E+01	1.378614E+00	1.745264E+00	3.664275E-01	2.498505E+06
1.418919E+01	1.339310E+00	1.798917E+00	3.848245E-01	2.578042E+06
1.420420E+01	1.281883E+00	1.829596E+00	4.005979E-01	2.624783E+06
1.421922E+01	1.223715E+00	1.831902E+00	4.103129E-01	2.630870E+06
1.423423E+01	1.180802E+00	1.813251E+00	4.128122E-01	2.606835E+06
1.424925E+01	1.159643E+00	1.789310E+00	4.102776E-01	2.575128E+06
1.426426E+01	1.153408E+00	1.774758E+00	4.075162E-01	2.556877E+06
1.427928E+01	1.148035E+00	1.772043E+00	4.077861E-01	2.555653E+06
1.429429E+01	1.136953E+00	1.772597E+00	4.100393E-01	2.559140E+06
1.430931E+01	1.123546E+00	1.770638E+00	4.121104E-01	2.558997E+06
1.432432E+01	1.111104E+00	1.766791E+00	4.135347E-01	2.556116E+06
1.433934E+01	1.099976E+00	1.762558E+00	4.146348E-01	2.552666E+06
1.435435E+01	1.089126E+00	1.758646E+00	4.158053E-01	2.549667E+06
1.436937E+01	1.077393E+00	1.753698E+00	4.169177E-01	2.545153E+06
1.438438E+01	1.066096E+00	1.745652E+00	4.171196E-01	2.536123E+06
1.439940E+01	1.058268E+00	1.734541E+00	4.157331E-01	2.522611E+06
1.441441E+01	1.055803E+00	1.723318E+00	4.131290E-01	2.508902E+06
1.442943E+01	1.057175E+00	1.714295E+00	4.102868E-01	2.498365E+06
1.444444E+01	1.062481E+00	1.706754E+00	4.070016E-01	2.489965E+06
1.445946E+01	1.074971E+00	1.703989E+00	4.035463E-01	2.488515E+06
1.447447E+01	1.091684E+00	1.714757E+00	4.030871E-01	2.506841E+06
1.448949E+01	1.100108E+00	1.742021E+00	4.089486E-01	2.549341E+06
1.450450E+01	1.089299E+00	1.776121E+00	4.205683E-01	2.601937E+06
1.451952E+01	1.059950E+00	1.802692E+00	4.341723E-01	2.643597E+06
1.453453E+01	1.022291E+00	1.813597E+00	4.458220E-01	2.662338E+06
1.454955E+01	9.869274E-01	1.811258E+00	4.538714E-01	2.661651E+06
1.456456E+01	9.562208E-01	1.802181E+00	4.593543E-01	2.651047E+06
1.457958E+01	9.289988E-01	1.787751E+00	4.627807E-01	2.632531E+06
1.459459E+01	9.074858E-01	1.768605E+00	4.635392E-01	2.607019E+06
1.460961E+01	8.925216E-01	1.748593E+00	4.622728E-01	2.580172E+06
1.462462E+01	8.817320E-01	1.729885E+00	4.601709E-01	2.555190E+06
1.463964E+01	8.737890E-01	1.712146E+00	4.574869E-01	2.531585E+06
1.465465E+01	8.688174E-01	1.696160E+00	4.543835E-01	2.510520E+06
1.466967E+01	8.646172E-01	1.683316E+00	4.519372E-01	2.494063E+06
1.468468E+01	8.588999E-01	1.671735E+00	4.503222E-01	2.479439E+06
1.469970E+01	8.517432E-01	1.659905E+00	4.490876E-01	2.464410E+06
1.471471E+01	8.418161E-01	1.645778E+00	4.480684E-01	2.445933E+06
1.472973E+01	8.315959E-01	1.623623E+00	4.447602E-01	2.415469E+06
1.474474E+01	8.307865E-01	1.592830E+00	4.356919E-01	2.372073E+06
1.475976E+01	8.457772E-01	1.563475E+00	4.218241E-01	2.330729E+06
1.477477E+01	8.712547E-01	1.546360E+00	4.085996E-01	2.307560E+06
1.478979E+01	8.971397E-01	1.543097E+00	3.999354E-01	2.305030E+06
1.480480E+01	9.184506E-01	1.548682E+00	3.956437E-01	2.315721E+06
1.481982E+01	9.356737E-01	1.560685E+00	3.946377E-01	2.336036E+06
1.483483E+01	9.469013E-01	1.579471E+00	3.973726E-01	2.366550E+06
1.484985E+01	9.489837E-01	1.603034E+00	4.039287E-01	2.404287E+06
1.486486E+01	9.389886E-01	1.627497E+00	4.139035E-01	2.443445E+06
1.487988E+01	9.170510E-01	1.645246E+00	4.252192E-01	2.472587E+06
1.489489E+01	8.900923E-01	1.651245E+00	4.347775E-01	2.484107E+06
1.490991E+01	8.649071E-01	1.647080E+00	4.411617E-01	2.480339E+06
1.492492E+01	8.446839E-01	1.636705E+00	4.444389E-01	2.467198E+06
1.493994E+01	8.296498E-01	1.623792E+00	4.454510E-01	2.450196E+06
1.495495E+01	8.190184E-01	1.610457E+00	4.449591E-01	2.432516E+06
1.496997E+01	8.116695E-01	1.598865E+00	4.439208E-01	2.417432E+06
1.498498E+01	8.042613E-01	1.590117E+00	4.437864E-01	2.406616E+06
1.500000E+01	7.935152E-01	1.581060E+00	4.447495E-01	2.395306E+06
