Energy(eV)	Eps1_Real	Eps2_Imaginary
0.000000	15.571022	0.000000
0.015015	15.571584	0.003759
0.030030	15.573271	0.007522
0.045045	15.576085	0.011293
0.060060	15.580029	0.015075
0.075075	15.585106	0.018873
0.090090	15.591323	0.022691
0.105105	15.598684	0.026533
0.120120	15.607199	0.030402
0.135135	15.616875	0.034303
0.150150	15.627724	0.038241
0.165165	15.639756	0.042220
0.180180	15.652984	0.046244
0.195195	15.667423	0.050319
0.210210	15.683088	0.054450
0.225225	15.699997	0.058641
0.240240	15.718167	0.062898
0.255255	15.737620	0.067227
0.270270	15.758378	0.071635
0.285285	15.780465	0.076126
0.300300	15.803906	0.080708
0.315315	15.828730	0.085388
0.330330	15.854966	0.090174
0.345345	15.882647	0.095073
0.360360	15.911807	0.100094
0.375375	15.942484	0.105247
0.390390	15.974718	0.110540
0.405405	16.008552	0.115985
0.420420	16.044032	0.121592
0.435435	16.081207	0.127374
0.450450	16.120132	0.133345
0.465465	16.160863	0.139517
0.480480	16.203462	0.145908
0.495495	16.247995	0.152534
0.510511	16.294533	0.159412
0.525526	16.343154	0.166565
0.540541	16.393941	0.174013
0.555556	16.446983	0.181782
0.570571	16.502378	0.189898
0.585586	16.560230	0.198391
0.600601	16.620654	0.207294
0.615616	16.683774	0.216646
0.630631	16.749725	0.226486
0.645646	16.818655	0.236862
0.660661	16.890725	0.247825
0.675676	16.966113	0.259436
0.690691	17.045011	0.271761
0.705706	17.127635	0.284876
0.720721	17.214221	0.298870
0.735736	17.305031	0.313843
0.750751	17.400356	0.329912
0.765766	17.500521	0.347213
0.780781	17.605891	0.365904
0.795796	17.716874	0.386171
0.810811	17.833931	0.408237
0.825826	17.957585	0.432366
0.840841	18.088431	0.458874
0.855856	18.227151	0.488148
0.870871	18.374527	0.520660
0.885886	18.531464	0.556993
0.900901	18.699014	0.597876
0.915916	18.878405	0.644235
0.930931	19.071079	0.697250
0.945946	19.278736	0.758461
0.960961	19.503387	0.829900
0.975976	19.747409	0.914293
0.990991	20.013598	1.015374
1.006006	20.305200	1.138353
1.021021	20.625840	1.290657
1.036036	20.979240	1.483099
1.051051	21.368338	1.731724
1.066066	21.793009	2.060643
1.081081	22.244416	2.505849
1.096096	22.691753	3.118165
1.111111	23.054618	3.955665
1.126126	23.164021	5.033875
1.141141	22.786648	6.187347
1.156156	21.900721	6.975192
1.171171	20.995322	7.098660
1.186186	20.561257	6.899967
1.201201	20.501753	6.893330
1.216216	20.391904	7.202869
1.231231	19.949723	7.509973
1.246246	19.401152	7.410997
1.261261	19.229282	7.006986
1.276276	19.528143	6.755476
1.291291	20.025339	6.955941
1.306306	20.342786	7.657973
1.321321	20.090604	8.632171
1.336336	19.153243	9.285224
1.351351	18.095932	9.124603
1.366366	17.627802	8.472036
1.381381	17.775993	8.005741
1.396396	18.100904	8.063728
1.411411	18.094262	8.566121
1.426426	17.439627	9.016388
1.441441	16.442148	8.770666
1.456456	15.862784	7.820879
1.471471	16.007650	6.750453
1.486486	16.665690	5.972813
1.501502	17.574251	5.591754
1.516517	18.573433	5.601879
1.531532	19.558754	6.005350
1.546547	20.401453	6.830617
1.561562	20.875503	8.069684
1.576577	20.677590	9.508714
1.591592	19.720973	10.620401
1.606607	18.444547	10.935409
1.621622	17.502462	10.536397
1.636637	17.177103	9.973870
1.651652	17.171838	9.699769
1.666667	17.036304	9.624590
1.681682	16.767881	9.323582
1.696697	16.802606	8.735210
1.711712	17.317947	8.266094
1.726727	18.065221	8.238784
1.741742	18.659988	8.676208
1.756757	18.791992	9.281209
1.771772	18.553756	9.537045
1.786787	18.524401	9.288714
1.801802	19.078993	8.987729
1.816817	20.075820	9.108799
1.831832	21.174403	9.871413
1.846847	21.976521	11.309932
1.861862	22.033872	13.199841
1.876877	21.131420	14.931314
1.891892	19.668681	15.908650
1.906907	18.281814	16.129761
1.921922	17.239515	15.953365
1.936937	16.515353	15.608850
1.951952	16.093051	15.237630
1.966967	15.827258	14.954139
1.981982	15.648520	14.621683
1.996997	15.773206	14.262616
2.012012	16.210086	14.205469
2.027027	16.614275	14.633385
2.042042	16.619079	15.346015
2.057057	16.172661	15.925023
2.072072	15.574771	16.090890
2.087087	15.185826	15.922312
2.102102	15.116484	15.678949
2.117117	15.302419	15.500993
2.132132	15.752671	15.434704
2.147147	16.526299	15.674838
2.162162	17.417434	16.531050
2.177177	17.961867	18.022697
2.192192	17.879067	19.806175
2.207207	17.200254	21.584384
2.222222	15.941126	23.156030
2.237237	14.279055	24.201925
2.252252	12.636237	24.699171
2.267267	11.203196	24.897799
2.282282	9.992024	25.004408
2.297297	8.893722	25.200189
2.312312	7.702661	25.491104
2.327327	6.348224	25.749525
2.342342	4.863808	25.933897
2.357357	3.167317	26.082396
2.372372	1.053487	26.005005
2.387387	-1.369424	25.275259
2.402402	-3.641450	23.712967
2.417417	-5.338893	21.493980
2.432432	-6.217343	18.956625
2.447447	-6.226640	16.541155
2.462462	-5.611556	14.646647
2.477477	-4.780355	13.403768
2.492492	-4.059042	12.692013
2.507508	-3.613302	12.310052
2.522523	-3.516409	12.036767
2.537538	-3.694661	11.622510
2.552553	-3.909949	10.976725
2.567568	-4.020427	10.219178
2.582583	-4.038303	9.448902
2.597598	-4.013717	8.703157
2.612613	-4.004784	7.943356
2.627628	-3.976471	7.079434
2.642643	-3.805328	6.105463
2.657658	-3.412970	5.131752
2.672673	-2.833007	4.280734
2.687688	-2.156172	3.606060
2.702703	-1.462160	3.098535
2.717718	-0.798061	2.723360
2.732733	-0.185554	2.442185
2.747748	0.372804	2.219833
2.762763	0.889549	2.034034
2.777778	1.375595	1.879965
2.792793	1.830849	1.755001
2.807808	2.255425	1.649254
2.822823	2.658093	1.554794
2.837838	3.047239	1.473997
2.852853	3.422266	1.411785
2.867868	3.777634	1.367296
2.882883	4.109974	1.332976
2.897898	4.423528	1.299363
2.912913	4.728652	1.263599
2.927928	5.032118	1.231733
2.942943	5.331328	1.209513
2.957958	5.622005	1.194190
2.972973	5.907568	1.180581
2.987988	6.194042	1.170154
3.003003	6.483275	1.166531
3.018018	6.776431	1.172636
3.033033	7.072765	1.192871
3.048048	7.368142	1.228865
3.063063	7.661301	1.277487
3.078078	7.956897	1.338745
3.093093	8.256566	1.418802
3.108108	8.558254	1.521366
3.123123	8.863904	1.651824
3.138138	9.169022	1.825279
3.153153	9.452663	2.050640
3.168168	9.696512	2.318884
3.183183	9.895517	2.625547
3.198198	10.027879	2.977143
3.213213	10.052405	3.351707
3.228228	9.946266	3.696060
3.243243	9.712075	3.933841
3.258258	9.426037	3.977731
3.273273	9.232231	3.829843
3.288288	9.225072	3.610412
3.303303	9.366934	3.460199
3.318318	9.539309	3.421417
3.333333	9.663613	3.423917
3.348348	9.779300	3.388604
3.363363	9.958236	3.342838
3.378378	10.190815	3.351953
3.393393	10.433446	3.435036
3.408408	10.651372	3.594426
3.423423	10.794536	3.815437
3.438438	10.833070	4.035727
3.453453	10.792447	4.198792
3.468468	10.705716	4.273157
3.483483	10.629734	4.231717
3.498498	10.640647	4.099252
3.513514	10.774047	3.952665
3.528529	10.992811	3.860599
3.543544	11.245977	3.822537
3.558559	11.534116	3.825802
3.573574	11.857266	3.894672
3.588589	12.186560	4.052813
3.603604	12.473610	4.308754
3.618619	12.652445	4.627512
3.633634	12.709312	4.910084
3.648649	12.727592	5.101764
3.663664	12.756750	5.243220
3.678679	12.773964	5.336913
3.693694	12.818589	5.323162
3.708709	13.009912	5.225227
3.723724	13.401239	5.173861
3.738739	13.935995	5.290438
3.753754	14.512389	5.628470
3.768769	15.032774	6.188097
3.783784	15.415589	6.935760
3.798799	15.604626	7.821573
3.813814	15.539600	8.801804
3.828829	15.127406	9.763772
3.843844	14.394374	10.480572
3.858859	13.554636	10.827911
3.873874	12.798663	10.865366
3.888889	12.217983	10.704851
3.903904	11.839246	10.467217
3.918919	11.614752	10.257035
3.933934	11.448280	10.105808
3.948949	11.270183	9.951219
3.963964	11.121854	9.697292
3.978979	11.137037	9.349224
3.993994	11.385334	9.048011
4.009009	11.801857	8.932041
4.024024	12.257401	9.064774
4.039039	12.612831	9.411189
4.054054	12.807950	9.877312
4.069069	12.815623	10.397525
4.084084	12.612665	10.861992
4.099099	12.285890	11.141711
4.114114	12.011848	11.233434
4.129129	11.866068	11.299968
4.144144	11.700963	11.436589
4.159159	11.414710	11.468136
4.174174	11.220881	11.246095
4.189189	11.351631	10.956526
4.204204	11.741428	10.887722
4.219219	12.130138	11.118390
4.234234	12.372444	11.477654
4.249249	12.578126	11.856556
4.264264	12.799688	12.387458
4.279279	12.848006	13.150320
4.294294	12.522306	13.976372
4.309309	11.837562	14.547160
4.324324	11.119764	14.655840
4.339339	10.734238	14.498789
4.354354	10.689723	14.447947
4.369369	10.756069	14.691753
4.384384	10.676986	15.220827
4.399399	10.264686	15.854924
4.414414	9.523475	16.338230
4.429429	8.607544	16.510251
4.444444	7.716996	16.335539
4.459459	7.011937	15.914153
4.474474	6.518048	15.376316
4.489489	6.228703	14.776067
4.504505	6.157096	14.180616
4.519520	6.270155	13.654777
4.534535	6.544285	13.222927
4.549550	6.974667	12.940043
4.564565	7.500405	12.877490
4.579580	8.027819	13.050924
4.594595	8.488716	13.442677
4.609610	8.821023	14.035563
4.624625	8.945077	14.802421
4.639640	8.747036	15.648686
4.654655	8.211884	16.337950
4.669670	7.588754	16.707643
4.684685	7.119020	16.939620
4.699700	6.686008	17.269464
4.714715	6.083495	17.609477
4.729730	5.392648	17.759390
4.744745	4.832486	17.806862
4.759760	4.303540	18.012891
4.774775	3.475000	18.309395
4.789790	2.272187	18.309339
4.804805	1.032595	17.692925
4.819820	0.291424	16.592691
4.834835	0.205172	15.574911
4.849850	0.388488	15.022609
4.864865	0.394837	14.827583
4.879880	0.097351	14.633573
4.894895	-0.320111	14.187626
4.909910	-0.595784	13.482313
4.924925	-0.562145	12.682192
4.939940	-0.220310	12.023182
4.954955	0.254720	11.652882
4.969970	0.660157	11.543087
4.984985	0.893033	11.538528
5.000000	1.021325	11.485873
5.015015	1.184687	11.384109
5.030030	1.438606	11.339010
5.045045	1.730677	11.472860
5.060060	1.881102	11.838075
5.075075	1.687603	12.271090
5.090090	1.192553	12.449496
5.105105	0.725924	12.235784
5.120120	0.573782	11.844152
5.135135	0.695317	11.609747
5.150150	0.814199	11.637397
5.165165	0.768556	11.777982
5.180180	0.570639	11.920802
5.195195	0.199829	11.994263
5.210210	-0.284502	11.836818
5.225225	-0.653442	11.411313
5.240240	-0.761388	10.900500
5.255255	-0.669855	10.485875
5.270270	-0.500260	10.211514
5.285285	-0.314224	10.051998
5.300300	-0.128338	10.010601
5.315315	-0.014818	10.123774
5.330330	-0.116010	10.331477
5.345345	-0.482955	10.421902
5.360360	-0.936129	10.202529
5.375375	-1.210098	9.730976
5.390390	-1.233238	9.227938
5.405405	-1.104306	8.817035
5.420420	-0.902665	8.503961
5.435435	-0.651592	8.292551
5.450450	-0.398663	8.223949
5.465465	-0.269037	8.278600
5.480480	-0.311735	8.289508
5.495495	-0.378600	8.157906
5.510511	-0.376173	7.977138
5.525526	-0.351277	7.790199
5.540541	-0.291339	7.557983
5.555556	-0.134565	7.312038
5.570571	0.119288	7.127012
5.585586	0.428928	7.056069
5.600601	0.720905	7.132690
5.615616	0.893759	7.326838
5.630631	0.891654	7.524611
5.645646	0.783040	7.593738
5.660661	0.734887	7.541691
5.675676	0.780456	7.537918
5.690691	0.756506	7.644825
5.705706	0.554851	7.718263
5.720721	0.259150	7.592730
5.735736	0.053483	7.249564
5.750751	0.044965	6.811531
5.765766	0.221460	6.393278
5.780781	0.543003	6.054901
5.795796	0.971616	5.833054
5.810811	1.475093	5.763333
5.825826	1.993229	5.894149
5.840841	2.412758	6.235651
5.855856	2.620305	6.705440
5.870871	2.592575	7.158745
5.885886	2.396509	7.489891
5.900901	2.126303	7.644330
5.915916	1.904023	7.631956
5.930931	1.800941	7.552551
5.945946	1.784765	7.502553
5.960961	1.785213	7.499221
5.975976	1.776099	7.511570
5.990991	1.764691	7.527857
6.006006	1.749319	7.549907
6.021021	1.724917	7.573420
6.036036	1.690369	7.588824
6.051051	1.658066	7.586433
6.066066	1.646359	7.578257
6.081081	1.646853	7.589841
6.096096	1.629269	7.620041
6.111111	1.577885	7.635688
6.126126	1.526344	7.589077
6.141141	1.559815	7.501998
6.156156	1.694170	7.477565
6.171171	1.849293	7.587791
6.186186	1.912353	7.814724
6.201201	1.829277	8.048232
6.216216	1.670680	8.188040
6.231231	1.545382	8.258506
6.246246	1.465018	8.352118
6.261261	1.369454	8.512689
6.276276	1.190005	8.735523
6.291291	0.857946	8.970234
6.306306	0.335080	9.102743
6.321321	-0.305260	8.977942
6.336336	-0.861922	8.546811
6.351351	-1.172317	7.923895
6.366366	-1.187049	7.277875
6.381381	-0.964266	6.768101
6.396396	-0.640505	6.471587
6.411411	-0.349070	6.365970
6.426426	-0.170342	6.360810
6.441441	-0.094009	6.345047
6.456456	-0.032329	6.277906
6.471471	0.064209	6.218887
6.486486	0.145264	6.210719
6.501502	0.168761	6.202797
6.516517	0.175557	6.148281
6.531532	0.213336	6.060334
6.546547	0.307185	5.974858
6.561562	0.452525	5.949232
6.576577	0.584992	6.026694
6.591592	0.616144	6.170885
6.606607	0.533760	6.274290
6.621622	0.433889	6.286389
6.636637	0.378209	6.281763
6.651652	0.302950	6.321953
6.666667	0.131908	6.348301
6.681682	-0.098645	6.257604
6.696697	-0.277233	6.040298
6.711712	-0.353423	5.780351
6.726727	-0.372019	5.531725
6.741742	-0.361116	5.261826
6.756757	-0.271015	4.955457
6.771772	-0.063649	4.666973
6.786787	0.246862	4.462338
6.801802	0.610496	4.387391
6.816817	0.962269	4.451689
6.831832	1.250145	4.636726
6.846847	1.427205	4.919634
6.861862	1.434033	5.241664
6.876877	1.266502	5.484723
6.891892	1.022984	5.559019
6.906907	0.832650	5.484947
6.921922	0.745679	5.365368
6.936937	0.714020	5.271238
6.951952	0.686677	5.194175
6.966967	0.656235	5.112544
6.981982	0.620419	5.013236
6.996997	0.590552	4.869915
7.012012	0.617051	4.673483
7.027027	0.747707	4.480133
7.042042	0.952766	4.370934
7.057057	1.148410	4.359160
7.072072	1.296823	4.386448
7.087087	1.431227	4.426547
7.102102	1.549073	4.512727
7.117117	1.595064	4.630232
7.132132	1.565870	4.705112
7.147147	1.529088	4.702391
7.162162	1.538730	4.657999
7.177177	1.597382	4.621676
7.192192	1.673774	4.621425
7.207207	1.732290	4.641279
7.222222	1.787559	4.643633
7.237237	1.888807	4.650429
7.252252	2.016457	4.732874
7.267267	2.084502	4.897185
7.282282	2.046803	5.069539
7.297297	1.937519	5.178250
7.312312	1.818833	5.213091
7.327327	1.724209	5.200418
7.342342	1.661510	5.170357
7.357357	1.614174	5.145251
7.372372	1.559191	5.116541
7.387387	1.501389	5.058247
7.402402	1.474930	4.965344
7.417417	1.501971	4.871076
7.432432	1.571899	4.809615
7.447447	1.656838	4.806506
7.462462	1.706911	4.859664
7.477477	1.692791	4.926436
7.492492	1.620666	4.962767
7.507508	1.516908	4.930946
7.522523	1.442930	4.812481
7.537538	1.462305	4.655256
7.552553	1.571154	4.536026
7.567568	1.725306	4.494847
7.582583	1.874664	4.548041
7.597598	1.955683	4.679258
7.612613	1.931174	4.824877
7.627628	1.820129	4.915999
7.642643	1.674216	4.919508
7.657658	1.546452	4.831483
7.672673	1.493348	4.682984
7.687688	1.523612	4.543049
7.702703	1.596896	4.443170
7.717718	1.691597	4.382924
7.732733	1.786540	4.365590
7.747748	1.870764	4.370227
7.762763	1.965407	4.406423
7.777778	2.037896	4.517273
7.792793	2.009500	4.683964
7.807808	1.840052	4.815557
7.822823	1.578172	4.808291
7.837838	1.340496	4.628543
7.852853	1.222992	4.339547
7.867868	1.240693	4.029443
7.882883	1.371241	3.753765
7.897898	1.582847	3.553016
7.912913	1.823354	3.451532
7.927928	2.032146	3.432680
7.942943	2.182302	3.440613
7.957958	2.301965	3.426743
7.972973	2.438172	3.393442
7.987988	2.606083	3.374747
8.003003	2.790583	3.398964
8.018018	2.958029	3.475913
8.033033	3.074401	3.582795
8.048048	3.137170	3.677176
8.063063	3.171222	3.733526
8.078078	3.202836	3.740150
8.093093	3.275945	3.695116
8.108108	3.435712	3.644453
8.123123	3.672697	3.663577
8.138138	3.918083	3.798882
8.153153	4.084469	4.025076
8.168168	4.143984	4.248230
8.183183	4.172540	4.409546
8.198198	4.230917	4.567754
8.213213	4.260509	4.777719
8.228228	4.199320	4.967089
8.243243	4.131310	5.054028
8.258258	4.157845	5.114657
8.273273	4.237969	5.260403
8.288288	4.266342	5.503850
8.303303	4.181221	5.769181
8.318318	4.008586	5.972285
8.333333	3.825510	6.087078
8.348348	3.694651	6.172613
8.363363	3.574540	6.313009
8.378378	3.367013	6.498543
8.393393	3.016809	6.637602
8.408408	2.562307	6.594281
8.423423	2.177139	6.311250
8.438438	2.005214	5.914156
8.453453	2.027420	5.565839
8.468468	2.138469	5.336838
8.483483	2.246417	5.208523
8.498498	2.308561	5.126629
8.513514	2.322122	5.032130
8.528529	2.325412	4.873071
8.543544	2.400403	4.642006
8.558559	2.609071	4.417482
8.573574	2.917789	4.295104
8.588589	3.245707	4.302107
8.603604	3.537018	4.411101
8.618619	3.777522	4.589883
8.633634	3.961014	4.836065
8.648649	4.041320	5.149203
8.663664	3.952220	5.458227
8.678679	3.725179	5.614369
8.693694	3.543427	5.563054
8.708709	3.541493	5.445387
8.723724	3.674305	5.430290
8.738739	3.794461	5.575916
8.753754	3.774424	5.802310
8.768769	3.604924	5.975609
8.783784	3.351519	6.014304
8.798799	3.107198	5.865897
8.813814	3.027392	5.555463
8.828829	3.201707	5.257497
8.843844	3.538914	5.152458
8.858859	3.850499	5.284399
8.873874	3.986420	5.543008
8.888889	3.941871	5.758282
8.903904	3.817538	5.833071
8.918919	3.743842	5.752472
8.933934	3.838311	5.611181
8.948949	4.095883	5.570281
8.963964	4.389574	5.726913
8.978979	4.558127	6.047539
8.993994	4.534984	6.373614
9.009009	4.421308	6.585577
9.024024	4.330967	6.713582
9.039039	4.281369	6.839749
9.054054	4.215982	6.999228
9.069069	4.094423	7.154966
9.084084	3.922214	7.266570
9.099099	3.721782	7.293672
9.114114	3.567318	7.216478
9.129129	3.524041	7.103557
9.144144	3.559758	7.036649
9.159159	3.612379	7.007400
9.174174	3.709523	6.981512
9.189189	3.885453	7.026087
9.204204	4.066501	7.205702
9.219219	4.171309	7.494401
9.234234	4.162336	7.853416
9.249249	3.989076	8.229041
9.264264	3.651631	8.505716
9.279279	3.246781	8.605418
9.294294	2.886821	8.539558
9.309309	2.633726	8.385898
9.324324	2.476731	8.211736
9.339339	2.394232	8.052977
9.354354	2.337614	7.933133
9.369369	2.261323	7.798536
9.384384	2.230047	7.591336
9.399399	2.311753	7.369157
9.414414	2.491912	7.186154
9.429429	2.773987	7.075395
9.444444	3.126295	7.116097
9.459459	3.433623	7.335756
9.474474	3.602567	7.651468
9.489489	3.649153	7.947166
9.504505	3.672912	8.196395
9.519520	3.699141	8.478661
9.534535	3.656035	8.806565
9.549550	3.524309	9.119485
9.564565	3.333624	9.379389
9.579580	3.127193	9.573300
9.594595	2.951466	9.727969
9.609610	2.805951	9.900005
9.624625	2.649573	10.112481
9.639640	2.451677	10.356699
9.654655	2.195289	10.626210
9.669670	1.837390	10.919401
9.684685	1.310533	11.167162
9.699700	0.631598	11.221863
9.714715	-0.040032	10.978177
9.729730	-0.491105	10.496652
9.744745	-0.624311	9.995368
9.759760	-0.547907	9.681351
9.774775	-0.461783	9.595353
9.789790	-0.501789	9.643644
9.804805	-0.706956	9.687499
9.819820	-1.000018	9.594435
9.834835	-1.221404	9.370786
9.849850	-1.337829	9.148779
9.864865	-1.434841	8.958965
9.879880	-1.518067	8.748678
9.894895	-1.545685	8.521739
9.909910	-1.494124	8.308040
9.924925	-1.350007	8.173895
9.939940	-1.187251	8.206713
9.954955	-1.157306	8.387732
9.969970	-1.328078	8.557772
9.984985	-1.593217	8.595104
10.000000	-1.844705	8.538653
10.015015	-2.089970	8.442168
10.030030	-2.342926	8.288766
10.045045	-2.575246	8.066884
10.060060	-2.764110	7.787224
10.075075	-2.890185	7.465577
10.090090	-2.944998	7.127664
10.105105	-2.934562	6.792383
10.120120	-2.860551	6.466407
10.135135	-2.712305	6.164100
10.150150	-2.485536	5.923066
10.165165	-2.215155	5.791171
10.180180	-1.973741	5.770463
10.195195	-1.793897	5.804480
10.210210	-1.647337	5.873615
10.225225	-1.558831	6.009559
10.240240	-1.599004	6.156643
10.255255	-1.717016	6.210599
10.270270	-1.815521	6.203818
10.285285	-1.928461	6.198841
10.300300	-2.096153	6.136352
10.315315	-2.239464	5.969087
10.330330	-2.296508	5.763628
10.345345	-2.294367	5.576732
10.360360	-2.262240	5.422070
10.375375	-2.241341	5.304277
10.390390	-2.267709	5.163717
10.405405	-2.270438	4.930615
10.420420	-2.144955	4.665412
10.435435	-1.906864	4.490736
10.450450	-1.660083	4.454271
10.465465	-1.498639	4.506237
10.480480	-1.435254	4.544089
10.495495	-1.387682	4.512998
10.510511	-1.286236	4.467307
10.525526	-1.160414	4.475706
10.540541	-1.070970	4.530132
10.555556	-1.024702	4.585582
10.570571	-0.997770	4.633127
10.585586	-0.987851	4.683272
10.600601	-1.008598	4.740218
10.615616	-1.087076	4.783419
10.630631	-1.215538	4.754235
10.645646	-1.325745	4.623219
10.660661	-1.352156	4.428331
10.675676	-1.279195	4.238925
10.690691	-1.143845	4.109778
10.705706	-1.003224	4.045878
10.720721	-0.883936	4.014147
10.735736	-0.777997	3.993796
10.750751	-0.682980	3.980132
10.765766	-0.591949	3.960646
10.780781	-0.485416	3.937435
10.795796	-0.353506	3.928100
10.810811	-0.197268	3.955565
10.825826	-0.037549	4.049729
10.840841	0.071177	4.220297
10.855856	0.068771	4.424718
10.870871	-0.060421	4.564690
10.885886	-0.223961	4.545842
10.900901	-0.273343	4.406144
10.915916	-0.170136	4.291720
10.930931	-0.003551	4.299913
10.945946	0.116759	4.421114
10.960961	0.138721	4.583797
10.975976	0.069472	4.719007
10.990991	-0.050311	4.782693
11.006006	-0.167825	4.766778
11.021021	-0.239627	4.691308
11.036036	-0.238916	4.601714
11.051051	-0.185948	4.555676
11.066066	-0.142457	4.562774
11.081081	-0.136179	4.574222
11.096096	-0.133469	4.554464
11.111111	-0.091688	4.523712
11.126126	-0.012490	4.532557
11.141141	0.056273	4.605517
11.156156	0.068765	4.720625
11.171171	0.003931	4.835047
11.186186	-0.128577	4.895977
11.201201	-0.283744	4.871039
11.216216	-0.415239	4.759990
11.231231	-0.477510	4.576167
11.246246	-0.427703	4.368959
11.261261	-0.272102	4.210705
11.276276	-0.057152	4.146141
11.291291	0.159983	4.189073
11.306306	0.319857	4.316609
11.321321	0.398301	4.466612
11.336336	0.431127	4.590397
11.351351	0.466432	4.698164
11.366366	0.510655	4.831041
11.381381	0.530640	5.016500
11.396396	0.471368	5.245477
11.411411	0.295478	5.452499
11.426426	0.041444	5.557663
11.441441	-0.210940	5.549927
11.456456	-0.418481	5.460026
11.471471	-0.551712	5.321154
11.486486	-0.605855	5.191508
11.501502	-0.628952	5.107312
11.516517	-0.664608	5.043266
11.531532	-0.695900	4.962128
11.546547	-0.687251	4.888598
11.561562	-0.669100	4.867317
11.576577	-0.696396	4.879534
11.591592	-0.777450	4.873686
11.606607	-0.885434	4.816232
11.621622	-0.982175	4.695530
11.636637	-1.024116	4.528357
11.651652	-0.993425	4.366218
11.666667	-0.925808	4.253936
11.681682	-0.875153	4.180945
11.696697	-0.852355	4.096278
11.711712	-0.814366	3.973668
11.726727	-0.723339	3.840251
11.741742	-0.580023	3.737324
11.756757	-0.412720	3.690150
11.771772	-0.255018	3.697664
11.786787	-0.132318	3.740529
11.801802	-0.049436	3.780084
11.816817	0.032980	3.792458
11.831832	0.149377	3.810296
11.846847	0.281594	3.873520
11.861862	0.391741	3.986390
11.876877	0.453984	4.125802
11.891892	0.470527	4.255994
11.906907	0.477385	4.369007
11.921922	0.477454	4.505244
11.936937	0.416209	4.665074
11.951952	0.276083	4.786910
11.966967	0.096435	4.825489
11.981982	-0.068636	4.774593
11.996997	-0.181681	4.662983
12.012012	-0.234273	4.512911
12.027027	-0.196762	4.340959
12.042042	-0.049051	4.218951
12.057057	0.145243	4.220846
12.072072	0.287005	4.338818
12.087087	0.322618	4.500690
12.102102	0.262199	4.628762
12.117117	0.159447	4.676376
12.132132	0.080904	4.648097
12.147147	0.063106	4.591823
12.162162	0.091705	4.557690
12.177177	0.126423	4.554361
12.192192	0.153058	4.554610
12.207207	0.199271	4.543189
12.222222	0.293877	4.557665
12.237237	0.400792	4.655372
12.252252	0.437327	4.827719
12.267267	0.367443	4.993392
12.282282	0.239881	5.080906
12.297297	0.130922	5.096614
12.312312	0.058756	5.092446
12.327327	0.003082	5.082200
12.342342	-0.026960	5.062425
12.357357	-0.023650	5.062786
12.372372	-0.017870	5.107739
12.387387	-0.047965	5.187985
12.402402	-0.138140	5.268227
12.417417	-0.277358	5.298473
12.432432	-0.414232	5.255234
12.447447	-0.500739	5.166844
12.462462	-0.536260	5.083275
12.477477	-0.557520	5.018830
12.492492	-0.574394	4.945726
12.507508	-0.552990	4.858500
12.522523	-0.473715	4.802119
12.537538	-0.376609	4.827364
12.552553	-0.340763	4.924889
12.567568	-0.401258	5.009944
12.582583	-0.494861	5.012247
12.597598	-0.540535	4.957007
12.612613	-0.525736	4.911659
12.627628	-0.488767	4.911963
12.642643	-0.467477	4.953761
12.657658	-0.485501	5.016283
12.672673	-0.548162	5.065146
12.687688	-0.632645	5.075912
12.702703	-0.716034	5.043360
12.717718	-0.766018	4.965929
12.732733	-0.745410	4.883592
12.747748	-0.677342	4.860005
12.762763	-0.627640	4.901070
12.777778	-0.624778	4.960264
12.792793	-0.644884	5.000876
12.807808	-0.648221	5.035253
12.822823	-0.641735	5.113428
12.837838	-0.688869	5.244462
12.852853	-0.828857	5.369387
12.867868	-1.037550	5.426373
12.882883	-1.264808	5.391392
12.897898	-1.459044	5.270949
12.912913	-1.586671	5.107046
12.927928	-1.662319	4.937455
12.942943	-1.696584	4.758047
12.957958	-1.667070	4.582616
12.972973	-1.582420	4.459106
12.987988	-1.494495	4.408188
13.003003	-1.450730	4.403679
13.018018	-1.465468	4.394929
13.033033	-1.510748	4.332422
13.048048	-1.520822	4.206071
13.063063	-1.447283	4.072657
13.078078	-1.314392	4.002778
13.093093	-1.186257	4.015147
13.108108	-1.113674	4.079691
13.123123	-1.110685	4.140900
13.138138	-1.144066	4.151911
13.153153	-1.155906	4.112410
13.168168	-1.118043	4.071693
13.183183	-1.058370	4.073203
13.198198	-1.023439	4.117737
13.213213	-1.045590	4.167384
13.228228	-1.106703	4.163451
13.243243	-1.138966	4.097642
13.258258	-1.109852	4.024069
13.273273	-1.047086	3.987284
13.288288	-0.991888	3.980570
13.303303	-0.944114	3.971180
13.318318	-0.871007	3.959555
13.333333	-0.764081	3.984946
13.348348	-0.657597	4.079704
13.363363	-0.605812	4.238053
13.378378	-0.642617	4.410858
13.393393	-0.755416	4.542671
13.408408	-0.903517	4.602264
13.423423	-1.033724	4.591214
13.438438	-1.113735	4.554978
13.453453	-1.166317	4.536765
13.468468	-1.227789	4.533727
13.483483	-1.306682	4.521200
13.498498	-1.390286	4.486224
13.513514	-1.469947	4.427281
13.528529	-1.530946	4.335923
13.543544	-1.540081	4.229077
13.558559	-1.499265	4.154968
13.573574	-1.446776	4.136002
13.588589	-1.418011	4.166341
13.603604	-1.441334	4.225460
13.618619	-1.533259	4.274373
13.633634	-1.677950	4.265019
13.648649	-1.829145	4.173478
13.663664	-1.940351	4.009182
13.678679	-1.979195	3.803432
13.693694	-1.937727	3.599359
13.708709	-1.831342	3.432478
13.723724	-1.688728	3.326142
13.738739	-1.550257	3.281796
13.753754	-1.441239	3.270450
13.768769	-1.353444	3.265447
13.783784	-1.272923	3.264656
13.798799	-1.200532	3.271596
13.813814	-1.137549	3.278040
13.828829	-1.071195	3.280684
13.843844	-0.995587	3.293136
13.858859	-0.922915	3.323693
13.873874	-0.862577	3.362737
13.888889	-0.807868	3.401735
13.903904	-0.750626	3.443514
13.918919	-0.685290	3.497882
13.933934	-0.620107	3.585345
13.948949	-0.590221	3.710357
13.963964	-0.622791	3.837056
13.978979	-0.701016	3.919773
13.993994	-0.780941	3.948493
14.009009	-0.838730	3.943720
14.024024	-0.866395	3.919981
14.039039	-0.856113	3.898454
14.054054	-0.821231	3.901066
14.069069	-0.776689	3.930474
14.084084	-0.732012	3.991733
14.099099	-0.704196	4.080651
14.114114	-0.691906	4.187314
14.129129	-0.697342	4.326183
14.144144	-0.754803	4.503013
14.159159	-0.901446	4.685523
14.174174	-1.145368	4.812090
14.189189	-1.442352	4.818613
14.204204	-1.704198	4.690655
14.219219	-1.858388	4.483451
14.234234	-1.893587	4.282182
14.249249	-1.856858	4.149920
14.264264	-1.819417	4.094039
14.279279	-1.822153	4.068734
14.294294	-1.849439	4.030717
14.309309	-1.872802	3.978786
14.324324	-1.886998	3.926175
14.339339	-1.896664	3.877543
14.354354	-1.906639	3.830775
14.369369	-1.914681	3.778843
14.384384	-1.910740	3.722063
14.399399	-1.888701	3.671217
14.414414	-1.855104	3.638967
14.429429	-1.821186	3.624620
14.444444	-1.784145	3.626787
14.459459	-1.748015	3.663479
14.474474	-1.748618	3.743947
14.489489	-1.824400	3.832822
14.504505	-1.968033	3.869453
14.519520	-2.126206	3.821529
14.534535	-2.244053	3.708048
14.549550	-2.306629	3.575160
14.564565	-2.333499	3.446566
14.579580	-2.333017	3.321638
14.594595	-2.304432	3.209967
14.609610	-2.260982	3.121314
14.624625	-2.215050	3.050589
14.639640	-2.167936	2.992109
14.654655	-2.122114	2.947306
14.669670	-2.085991	2.910848
14.684685	-2.056989	2.871706
14.699700	-2.029817	2.827625
14.714715	-1.999932	2.770885
14.729730	-1.944601	2.700397
14.744745	-1.846900	2.646603
14.759760	-1.729116	2.644704
14.774775	-1.632146	2.694548
14.789790	-1.576289	2.768747
14.804805	-1.554864	2.844775
14.819820	-1.560252	2.920584
14.834835	-1.598106	2.991206
14.849850	-1.669149	3.042507
14.864865	-1.767047	3.056402
14.879880	-1.865851	3.017549
14.894895	-1.934344	2.939520
14.909910	-1.964808	2.849142
14.924925	-1.965314	2.764998
14.939940	-1.948383	2.694358
14.954955	-1.922782	2.637988
14.969970	-1.897563	2.595500
14.984985	-1.881636	2.557739
15.000000	-1.870085	2.509191
