 &plot nbnd=  35, nks=   261 /
            0.000000  0.000000  0.000000
  -77.903  -49.115  -49.074  -49.074  -25.111  -25.039  -22.238  -20.851  -14.480  -11.908
   -9.888   -9.200   -9.200   -9.125   -9.125   -8.909   -8.909   -7.906   -7.617   -7.617
   -5.616   -3.224   -3.223   -3.093   -3.092   -0.349   -0.010    2.257    2.283    2.467
    3.784    3.855    3.855    3.892    3.892
            0.003333  0.005774  0.000000
  -77.903  -49.115  -49.074  -49.074  -25.110  -25.039  -22.237  -20.851  -14.480  -11.908
   -9.888   -9.202   -9.201   -9.128   -9.126   -8.910   -8.909   -7.907   -7.617   -7.616
   -5.616   -3.224   -3.224   -3.094   -3.093   -0.347   -0.009    2.258    2.284    2.468
    3.767    3.857    3.865    3.893    3.894
            0.006667  0.011547  0.000000
  -77.903  -49.115  -49.074  -49.074  -25.108  -25.037  -22.236  -20.850  -14.478  -11.907
   -9.888   -9.208   -9.202   -9.138   -9.128   -8.914   -8.908   -7.909   -7.619   -7.614
   -5.617   -3.226   -3.222   -3.097   -3.094   -0.342   -0.004    2.261    2.286    2.473
    3.733    3.861    3.864    3.898    3.915
            0.010000  0.017321  0.000000
  -77.903  -49.115  -49.075  -49.074  -25.105  -25.034  -22.233  -20.848  -14.476  -11.906
   -9.888   -9.218   -9.204   -9.154   -9.131   -8.921   -8.907   -7.914   -7.623   -7.610
   -5.619   -3.229   -3.219   -3.102   -3.096   -0.333    0.004    2.265    2.290    2.481
    3.694    3.847    3.870    3.905    3.949
            0.013333  0.023094  0.000000
  -77.903  -49.115  -49.075  -49.074  -25.101  -25.030  -22.230  -20.846  -14.472  -11.904
   -9.888   -9.231   -9.209   -9.174   -9.136   -8.931   -8.905   -7.920   -7.628   -7.605
   -5.621   -3.234   -3.214   -3.109   -3.099   -0.320    0.015    2.270    2.296    2.492
    3.653    3.822    3.881    3.916    3.984
            0.016667  0.028868  0.000000
  -77.903  -49.115  -49.077  -49.074  -25.095  -25.024  -22.225  -20.844  -14.467  -11.902
   -9.889   -9.248   -9.219   -9.196   -9.143   -8.942   -8.903   -7.927   -7.634   -7.599
   -5.624   -3.239   -3.208   -3.118   -3.103   -0.304    0.028    2.277    2.303    2.506
    3.611    3.791    3.895    3.930    4.020
            0.020000  0.034641  0.000000
  -77.902  -49.115  -49.078  -49.075  -25.088  -25.017  -22.219  -20.841  -14.461  -11.899
   -9.890   -9.269   -9.244   -9.208   -9.151   -8.956   -8.900   -7.936   -7.642   -7.592
   -5.628   -3.246   -3.202   -3.128   -3.107   -0.284    0.045    2.285    2.311    2.524
    3.568    3.755    3.912    3.946    4.057
            0.023333  0.040415  0.000000
  -77.902  -49.114  -49.080  -49.075  -25.080  -25.009  -22.213  -20.837  -14.454  -11.896
   -9.892   -9.294   -9.280   -9.216   -9.162   -8.972   -8.897   -7.946   -7.652   -7.584
   -5.632   -3.253   -3.194   -3.140   -3.112   -0.262    0.064    2.293    2.319    2.545
    3.524    3.714    3.932    3.966    4.094
            0.026667  0.046188  0.000000
  -77.902  -49.114  -49.081  -49.075  -25.071  -25.000  -22.205  -20.832  -14.445  -11.892
   -9.896   -9.331   -9.312   -9.223   -9.174   -8.989   -8.893   -7.957   -7.663   -7.576
   -5.638   -3.262   -3.185   -3.153   -3.118   -0.237    0.085    2.303    2.329    2.569
    3.480    3.671    3.955    3.988    4.131
            0.030000  0.051962  0.000000
  -77.902  -49.114  -49.083  -49.076  -25.060  -24.990  -22.196  -20.828  -14.436  -11.888
   -9.901   -9.378   -9.341   -9.232   -9.188   -9.007   -8.889   -7.969   -7.675   -7.568
   -5.644   -3.271   -3.176   -3.167   -3.124   -0.209    0.108    2.312    2.339    2.596
    3.436    3.625    3.980    4.014    4.169
            0.033333  0.057735  0.000000
  -77.901  -49.113  -49.086  -49.076  -25.048  -24.978  -22.187  -20.822  -14.426  -11.883
   -9.908   -9.431   -9.371   -9.241   -9.205   -9.026   -8.884   -7.982   -7.690   -7.560
   -5.651   -3.281   -3.184   -3.166   -3.129   -0.179    0.134    2.322    2.349    2.626
    3.392    3.578    4.008    4.042    4.208
            0.036667  0.063509  0.000000
  -77.901  -49.113  -49.088  -49.077  -25.035  -24.965  -22.176  -20.816  -14.415  -11.878
   -9.918   -9.489   -9.400   -9.252   -9.223   -9.047   -8.878   -7.996   -7.706   -7.552
   -5.660   -3.291   -3.200   -3.160   -3.130   -0.147    0.161    2.332    2.360    2.659
    3.349    3.529    4.037    4.073    4.248
            0.040000  0.069282  0.000000
  -77.901  -49.112  -49.091  -49.078  -25.021  -24.951  -22.164  -20.810  -14.403  -11.872
   -9.933   -9.551   -9.429   -9.265   -9.244   -9.067   -8.871   -8.010   -7.724   -7.545
   -5.669   -3.302   -3.217   -3.162   -3.123   -0.113    0.190    2.340    2.369    2.695
    3.307    3.481    4.068    4.108    4.290
            0.043333  0.075056  0.000000
  -77.900  -49.112  -49.094  -49.078  -25.005  -24.936  -22.152  -20.802  -14.389  -11.866
   -9.952   -9.617   -9.457   -9.281   -9.265   -9.088   -8.863   -8.025   -7.743   -7.538
   -5.679   -3.314   -3.234   -3.170   -3.111   -0.078    0.220    2.348    2.378    2.733
    3.267    3.434    4.099    4.146    4.334
            0.046667  0.080829  0.000000
  -77.900  -49.111  -49.097  -49.079  -24.988  -24.919  -22.138  -20.795  -14.375  -11.859
   -9.978   -9.686   -9.481   -9.301   -9.285   -9.110   -8.855   -8.040   -7.765   -7.532
   -5.691   -3.325   -3.251   -3.180   -3.096   -0.041    0.250    2.354    2.385    2.773
    3.230    3.388    4.130    4.188    4.380
            0.050000  0.086603  0.000000
  -77.899  -49.110  -49.100  -49.080  -24.970  -24.901  -22.124  -20.787  -14.360  -11.852
  -10.010   -9.758   -9.502   -9.326   -9.304   -9.132   -8.845   -8.056   -7.788   -7.526
   -5.704   -3.337   -3.269   -3.191   -3.079   -0.004    0.282    2.358    2.390    2.814
    3.197    3.344    4.161    4.232    4.430
            0.053333  0.092376  0.000000
  -77.899  -49.110  -49.104  -49.081  -24.951  -24.882  -22.108  -20.778  -14.344  -11.845
  -10.049   -9.833   -9.519   -9.355   -9.323   -9.154   -8.835   -8.073   -7.814   -7.522
   -5.718   -3.349   -3.285   -3.204   -3.061    0.034    0.314    2.359    2.392    2.857
    3.167    3.304    4.191    4.280    4.482
            0.056667  0.098150  0.000000
  -77.898  -49.109  -49.108  -49.082  -24.931  -24.862  -22.092  -20.769  -14.327  -11.838
  -10.096   -9.911   -9.533   -9.385   -9.343   -9.177   -8.824   -8.089   -7.841   -7.518
   -5.733   -3.362   -3.302   -3.217   -3.042    0.073    0.346    2.357    2.390    2.901
    3.143    3.269    4.220    4.331    4.538
            0.060000  0.103923  0.000000
  -77.898  -49.112  -49.108  -49.082  -24.909  -24.841  -22.075  -20.759  -14.309  -11.830
  -10.149   -9.991   -9.544   -9.415   -9.365   -9.200   -8.812   -8.106   -7.870   -7.515
   -5.750   -3.374   -3.317   -3.231   -3.022    0.111    0.378    2.351    2.385    2.945
    3.124    3.239    4.248    4.383    4.597
            0.063333  0.109697  0.000000
  -77.897  -49.116  -49.108  -49.084  -24.886  -24.819  -22.057  -20.749  -14.291  -11.821
  -10.209  -10.074   -9.555   -9.444   -9.388   -9.224   -8.799   -8.122   -7.901   -7.513
   -5.767   -3.388   -3.331   -3.246   -3.001    0.150    0.410    2.342    2.375    2.988
    3.112    3.216    4.274    4.438    4.660
            0.066667  0.115470  0.000000
  -77.896  -49.120  -49.107  -49.085  -24.862  -24.795  -22.038  -20.738  -14.271  -11.813
  -10.273  -10.158   -9.569   -9.468   -9.413   -9.248   -8.785   -8.139   -7.934   -7.511
   -5.786   -3.401   -3.343   -3.262   -2.979    0.188    0.441    2.328    2.360    3.029
    3.107    3.202    4.298    4.494    4.726
            0.070000  0.121244  0.000000
  -77.896  -49.124  -49.106  -49.086  -24.837  -24.770  -22.018  -20.727  -14.251  -11.804
  -10.342  -10.244   -9.591   -9.483   -9.440   -9.273   -8.771   -8.155   -7.969   -7.511
   -5.806   -3.416   -3.354   -3.278   -2.956    0.224    0.471    2.310    2.342    3.062
    3.108    3.201    4.321    4.551    4.796
            0.073333  0.127017  0.000000
  -77.895  -49.129  -49.105  -49.087  -24.811  -24.744  -21.997  -20.715  -14.230  -11.795
  -10.415  -10.332   -9.622   -9.489   -9.468   -9.298   -8.756   -8.172   -8.006   -7.511
   -5.827   -3.430   -3.364   -3.295   -2.933    0.260    0.500    2.289    2.320    3.085
    3.116    3.215    4.343    4.609    4.869
            0.076667  0.132791  0.000000
  -77.894  -49.134  -49.104  -49.088  -24.783  -24.717  -21.976  -20.703  -14.209  -11.786
  -10.491  -10.421   -9.660   -9.498   -9.487   -9.324   -8.740   -8.188   -8.045   -7.513
   -5.850   -3.445   -3.372   -3.312   -2.909    0.295    0.528    2.265    2.295    3.098
    3.129    3.245    4.362    4.666    4.945
            0.080000  0.138564  0.000000
  -77.894  -49.139  -49.103  -49.089  -24.755  -24.689  -21.953  -20.691  -14.187  -11.777
  -10.570  -10.511   -9.701   -9.530   -9.483   -9.350   -8.724   -8.204   -8.085   -7.515
   -5.873   -3.460   -3.378   -3.330   -2.884    0.327    0.553    2.239    2.267    3.109
    3.146    3.284    4.380    4.723    5.023
            0.083333  0.144338  0.000000
  -77.893  -49.144  -49.102  -49.091  -24.725  -24.660  -21.930  -20.678  -14.164  -11.768
  -10.651  -10.602   -9.745   -9.563   -9.477   -9.375   -8.708   -8.219   -8.127   -7.518
   -5.897   -3.475   -3.384   -3.348   -2.859    0.358    0.577    2.211    2.239    3.119
    3.166    3.327    4.397    4.778    5.104
            0.086667  0.150111  0.000000
  -77.892  -49.149  -49.101  -49.092  -24.694  -24.629  -21.907  -20.665  -14.141  -11.759
  -10.734  -10.694   -9.792   -9.598   -9.472   -9.397   -8.691   -8.234   -8.170   -7.522
   -5.923   -3.490   -3.389   -3.366   -2.834    0.386    0.598    2.184    2.210    3.131
    3.189    3.372    4.411    4.831    5.186
            0.090000  0.155885  0.000000
  -77.892  -49.154  -49.100  -49.094  -24.662  -24.598  -21.882  -20.651  -14.117  -11.750
  -10.819  -10.786   -9.840   -9.635   -9.477   -9.410   -8.673   -8.249   -8.215   -7.527
   -5.949   -3.505   -3.395   -3.381   -2.808    0.412    0.617    2.156    2.182    3.143
    3.215    3.418    4.425    4.882    5.270
            0.093333  0.161658  0.000000
  -77.891  -49.159  -49.099  -49.095  -24.629  -24.565  -21.857  -20.637  -14.093  -11.742
  -10.905  -10.878   -9.889   -9.673   -9.494   -9.409   -8.656   -8.269   -8.255   -7.533
   -5.975   -3.519   -3.409   -3.388   -2.782    0.434    0.633    2.130    2.155    3.157
    3.244    3.464    4.436    4.931    5.355
            0.096667  0.167432  0.000000
  -77.890  -49.165  -49.098  -49.097  -24.595  -24.531  -21.831  -20.623  -14.069  -11.735
  -10.991  -10.970   -9.940   -9.714   -9.520   -9.400   -8.639   -8.312   -8.273   -7.540
   -6.003   -3.534   -3.427   -3.390   -2.755    0.453    0.646    2.106    2.131    3.172
    3.276    3.511    4.447    4.978    5.440
            0.100000  0.173205  0.000000
  -77.889  -49.170  -49.098  -49.097  -24.559  -24.497  -21.805  -20.608  -14.045  -11.730
  -11.079  -11.060   -9.992   -9.756   -9.550   -9.387   -8.622   -8.359   -8.286   -7.547
   -6.031   -3.549   -3.445   -3.390   -2.729    0.469    0.655    2.084    2.109    3.187
    3.309    3.557    4.456    5.022    5.525
            0.103333  0.178979  0.000000
  -77.888  -49.176  -49.100  -49.096  -24.523  -24.461  -21.777  -20.593  -14.020  -11.727
  -11.166  -11.148  -10.045   -9.799   -9.582   -9.371   -8.606   -8.407   -8.297   -7.555
   -6.059   -3.564   -3.464   -3.388   -2.702    0.480    0.661    2.066    2.090    3.203
    3.343    3.603    4.464    5.066    5.608
            0.106667  0.184752  0.000000
  -77.887  -49.182  -49.102  -49.095  -24.486  -24.424  -21.750  -20.578  -13.996  -11.728
  -11.254  -11.233  -10.099   -9.844   -9.615   -9.355   -8.594   -8.453   -8.308   -7.564
   -6.088   -3.579   -3.482   -3.386   -2.675    0.488    0.663    2.050    2.075    3.217
    3.379    3.648    4.471    5.108    5.691
            0.110000  0.190526  0.000000
  -77.887  -49.188  -49.104  -49.093  -24.447  -24.386  -21.722  -20.562  -13.971  -11.735
  -11.343  -11.311  -10.153   -9.891   -9.649   -9.338   -8.591   -8.491   -8.318   -7.574
   -6.117   -3.594   -3.500   -3.383   -2.648    0.492    0.662    2.039    2.064    3.231
    3.416    3.694    4.478    5.150    5.770
            0.113333  0.196299  0.000000
  -77.886  -49.193  -49.106  -49.092  -24.408  -24.347  -21.693  -20.546  -13.947  -11.753
  -11.431  -11.377  -10.209   -9.940   -9.684   -9.320   -8.610   -8.508   -8.326   -7.585
   -6.146   -3.610   -3.517   -3.378   -2.622    0.491    0.658    2.031    2.056    3.244
    3.453    3.740    4.484    5.190    5.846
            0.116667  0.202073  0.000000
  -77.885  -49.199  -49.108  -49.091  -24.367  -24.307  -21.663  -20.530  -13.923  -11.786
  -11.519  -11.429  -10.265   -9.990   -9.719   -9.301   -8.651   -8.504   -8.333   -7.596
   -6.176   -3.627   -3.533   -3.373   -2.595    0.487    0.650    2.027    2.052    3.256
    3.491    3.786    4.490    5.231    5.918
            0.120000  0.207846  0.000000
  -77.884  -49.205  -49.110  -49.090  -24.326  -24.266  -21.634  -20.514  -13.900  -11.836
  -11.606  -11.463  -10.322  -10.042   -9.756   -9.283   -8.701   -8.493   -8.339   -7.609
   -6.205   -3.644   -3.548   -3.367   -2.569    0.478    0.638    2.028    2.051    3.266
    3.529    3.833    4.496    5.270    5.984
            0.123333  0.213620  0.000000
  -77.883  -49.211  -49.112  -49.089  -24.283  -24.225  -21.604  -20.497  -13.877  -11.902
  -11.692  -11.482  -10.380  -10.095   -9.792   -9.264   -8.755   -8.480   -8.342   -7.622
   -6.234   -3.662   -3.562   -3.360   -2.543    0.466    0.624    2.032    2.054    3.274
    3.567    3.880    4.503    5.309    6.043
            0.126667  0.219393  0.000000
  -77.882  -49.217  -49.114  -49.087  -24.240  -24.182  -21.573  -20.481  -13.855  -11.978
  -11.776  -11.490  -10.438  -10.149   -9.830   -9.246   -8.810   -8.468   -8.344   -7.636
   -6.263   -3.680   -3.576   -3.352   -2.518    0.451    0.607    2.040    2.060    3.281
    3.605    3.929    4.511    5.348    6.095
            0.130000  0.225167  0.000000
  -77.881  -49.223  -49.116  -49.086  -24.195  -24.138  -21.542  -20.464  -13.835  -12.061
  -11.860  -11.490  -10.497  -10.205   -9.867   -9.227   -8.866   -8.456   -8.344   -7.650
   -6.291   -3.699   -3.589   -3.343   -2.493    0.433    0.588    2.052    2.070    3.286
    3.642    3.978    4.520    5.385    6.138
            0.133333  0.230940  0.000000
  -77.880  -49.229  -49.118  -49.085  -24.150  -24.094  -21.511  -20.447  -13.816  -12.148
  -11.941  -11.486  -10.557  -10.263   -9.905   -9.209   -8.922   -8.447   -8.340   -7.665
   -6.319   -3.718   -3.601   -3.334   -2.469    0.413    0.567    2.066    2.081    3.289
    3.678    4.027    4.531    5.420    6.171
            0.136667  0.236714  0.000000
  -77.879  -49.235  -49.120  -49.083  -24.104  -24.048  -21.480  -20.430  -13.798  -12.237
  -12.020  -11.479  -10.617  -10.321   -9.943   -9.193   -8.977   -8.440   -8.334   -7.681
   -6.346   -3.736   -3.613   -3.324   -2.445    0.390    0.544    2.083    2.096    3.291
    3.713    4.078    4.544    5.453    6.195
            0.140000  0.242487  0.000000
  -77.878  -49.241  -49.123  -49.082  -24.057  -24.002  -21.448  -20.413  -13.783  -12.327
  -12.096  -11.471  -10.677  -10.381   -9.981   -9.181   -9.028   -8.436   -8.326   -7.698
   -6.372   -3.755   -3.625   -3.314   -2.422    0.365    0.519    2.102    2.112    3.291
    3.746    4.130    4.560    5.484    6.212
            0.143333  0.248261  0.000000
  -77.877  -49.247  -49.125  -49.081  -24.009  -23.955  -21.416  -20.395  -13.770  -12.418
  -12.169  -11.461  -10.739  -10.442  -10.019   -9.179   -9.070   -8.433   -8.315   -7.716
   -6.398   -3.773   -3.637   -3.302   -2.400    0.340    0.494    2.123    2.130    3.291
    3.778    4.183    4.579    5.510    6.221
            0.146667  0.254034  0.000000
  -77.876  -49.253  -49.127  -49.080  -23.961  -23.907  -21.384  -20.378  -13.760  -12.509
  -12.239  -11.450  -10.800  -10.504  -10.057   -9.201   -9.087   -8.431   -8.303   -7.734
   -6.422   -3.790   -3.648   -3.291   -2.379    0.313    0.467    2.144    2.150    3.290
    3.808    4.237    4.602    5.531    6.226
            0.150000  0.259808  0.000000
  -77.875  -49.258  -49.130  -49.078  -23.911  -23.859  -21.352  -20.361  -13.753  -12.600
  -12.304  -11.438  -10.862  -10.567  -10.095   -9.246   -9.083   -8.431   -8.291   -7.753
   -6.446   -3.807   -3.660   -3.279   -2.358    0.285    0.440    2.167    2.172    3.289
    3.835    4.292    4.629    5.548    6.228
            0.153333  0.265581  0.000000
  -77.874  -49.264  -49.132  -49.077  -23.861  -23.809  -21.320  -20.344  -13.751  -12.690
  -12.365  -11.427  -10.925  -10.630  -10.132   -9.299   -9.070   -8.430   -8.279   -7.772
   -6.468   -3.823   -3.671   -3.266   -2.339    0.257    0.412    2.189    2.195    3.287
    3.861    4.347    4.659    5.558    6.229
            0.156667  0.271355  0.000000
  -77.874  -49.270  -49.135  -49.076  -23.810  -23.759  -21.288  -20.327  -13.752  -12.780
  -12.421  -11.415  -10.987  -10.694  -10.170   -9.355   -9.054   -8.431   -8.266   -7.792
   -6.489   -3.838   -3.683   -3.253   -2.321    0.229    0.384    2.212    2.219    3.286
    3.884    4.403    4.694    5.562    6.229
            0.160000  0.277128  0.000000
  -77.873  -49.275  -49.138  -49.074  -23.759  -23.708  -21.256  -20.310  -13.758  -12.869
  -12.471  -11.404  -11.051  -10.758  -10.207   -9.412   -9.037   -8.432   -8.253   -7.813
   -6.509   -3.853   -3.695   -3.240   -2.304    0.201    0.356    2.235    2.242    3.286
    3.905    4.459    4.734    5.560    6.230
            0.163333  0.282902  0.000000
  -77.872  -49.281  -49.140  -49.073  -23.707  -23.657  -21.223  -20.293  -13.769  -12.957
  -12.515  -11.394  -11.114  -10.822  -10.243   -9.470   -9.020   -8.434   -8.241   -7.834
   -6.527   -3.866   -3.707   -3.227   -2.288    0.173    0.328    2.258    2.266    3.287
    3.924    4.514    4.777    5.553    6.230
            0.166667  0.288675  0.000000
  -77.871  -49.286  -49.143  -49.072  -23.654  -23.605  -21.192  -20.276  -13.786  -13.044
  -12.553  -11.386  -11.177  -10.885  -10.280   -9.528   -9.003   -8.437   -8.229   -7.856
   -6.543   -3.879   -3.719   -3.213   -2.273    0.146    0.300    2.280    2.289    3.289
    3.942    4.570    4.824    5.542    6.228
            0.170000  0.294449  0.000000
  -77.870  -49.292  -49.146  -49.071  -23.601  -23.552  -21.160  -20.260  -13.808  -13.129
  -12.584  -11.380  -11.240  -10.947  -10.315   -9.586   -8.985   -8.441   -8.217   -7.878
   -6.558   -3.890   -3.732   -3.199   -2.259    0.118    0.273    2.301    2.313    3.294
    3.959    4.624    4.875    5.529    6.220
            0.173333  0.300222  0.000000
  -77.869  -49.297  -49.149  -49.069  -23.547  -23.499  -21.128  -20.244  -13.835  -13.214
  -12.609  -11.380  -11.301  -11.005  -10.350   -9.643   -8.969   -8.445   -8.206   -7.901
   -6.571   -3.900   -3.745   -3.185   -2.247    0.092    0.245    2.320    2.337    3.301
    3.975    4.676    4.929    5.515    6.193
            0.176667  0.305996  0.000000
  -77.868  -49.302  -49.152  -49.068  -23.492  -23.446  -21.097  -20.228  -13.868  -13.297
  -12.628  -11.399  -11.350  -11.058  -10.384   -9.699   -8.952   -8.452   -8.195   -7.924
   -6.582   -3.910   -3.758   -3.170   -2.236    0.066    0.219    2.337    2.361    3.310
    3.991    4.726    4.985    5.501    6.136
            0.180000  0.311769  0.000000
  -77.867  -49.307  -49.155  -49.067  -23.437  -23.392  -21.066  -20.212  -13.905  -13.378
  -12.641  -11.449  -11.376  -11.103  -10.418   -9.755   -8.936   -8.460   -8.183   -7.947
   -6.591   -3.918   -3.771   -3.156   -2.226    0.041    0.193    2.351    2.386    3.322
    4.006    4.771    5.044    5.490    6.070
            0.183333  0.317543  0.000000
  -77.866  -49.312  -49.158  -49.066  -23.382  -23.337  -21.036  -20.197  -13.946  -13.458
  -12.649  -11.511  -11.404  -11.135  -10.450   -9.811   -8.920   -8.470   -8.172   -7.969
   -6.598   -3.925   -3.784   -3.141   -2.218    0.016    0.167    2.363    2.411    3.337
    4.022    4.811    5.105    5.483    6.005
            0.186667  0.323316  0.000000
  -77.865  -49.316  -49.161  -49.065  -23.326  -23.283  -21.006  -20.181  -13.990  -13.536
  -12.653  -11.576  -11.443  -11.154  -10.482   -9.865   -8.905   -8.482   -8.162   -7.992
   -6.604   -3.932   -3.798   -3.127   -2.210   -0.007    0.142    2.372    2.435    3.355
    4.038    4.845    5.166    5.481    5.942
            0.190000  0.329090  0.000000
  -77.864  -49.321  -49.164  -49.063  -23.270  -23.227  -20.976  -20.167  -14.037  -13.613
  -12.652  -11.641  -11.494  -11.161  -10.513   -9.918   -8.890   -8.496   -8.152   -8.013
   -6.607   -3.938   -3.810   -3.112   -2.205   -0.030    0.118    2.379    2.460    3.377
    4.054    4.870    5.227    5.484    5.885
            0.193333  0.334863  0.000000
  -77.863  -49.325  -49.167  -49.062  -23.214  -23.172  -20.947  -20.152  -14.086  -13.688
  -12.648  -11.707  -11.552  -11.161  -10.544   -9.970   -8.876   -8.512   -8.144   -8.033
   -6.608   -3.944   -3.822   -3.098   -2.200   -0.053    0.095    2.383    2.484    3.401
    4.072    4.888    5.286    5.493    5.836
            0.196667  0.340637  0.000000
  -77.863  -49.329  -49.170  -49.061  -23.157  -23.117  -20.918  -20.139  -14.136  -13.761
  -12.641  -11.773  -11.615  -11.157  -10.573  -10.021   -8.863   -8.531   -8.139   -8.048
   -6.608   -3.950   -3.833   -3.083   -2.196   -0.075    0.073    2.385    2.508    3.428
    4.090    4.897    5.338    5.504    5.801
            0.200000  0.346410  0.000000
  -77.862  -49.333  -49.173  -49.060  -23.101  -23.061  -20.890  -20.125  -14.188  -13.831
  -12.632  -11.839  -11.681  -11.150  -10.602  -10.070   -8.851   -8.551   -8.142   -8.056
   -6.605   -3.958   -3.842   -3.069   -2.194   -0.096    0.052    2.385    2.532    3.457
    4.109    4.899    5.373    5.519    5.785
            0.203333  0.352184  0.000000
  -77.861  -49.337  -49.177  -49.059  -23.044  -23.005  -20.863  -20.112  -14.240  -13.900
  -12.621  -11.905  -11.749  -11.142  -10.629  -10.117   -8.841   -8.574   -8.153   -8.055
   -6.601   -3.967   -3.848   -3.055   -2.193   -0.116    0.032    2.383    2.555    3.489
    4.130    4.895    5.380    5.543    5.793
            0.206667  0.357957  0.000000
  -77.860  -49.341  -49.180  -49.058  -22.987  -22.949  -20.837  -20.100  -14.291  -13.967
  -12.609  -11.971  -11.819  -11.133  -10.656  -10.162   -8.832   -8.598   -8.170   -8.047
   -6.595   -3.978   -3.852   -3.041   -2.193   -0.137    0.013    2.380    2.579    3.523
    4.152    4.887    5.360    5.573    5.822
            0.210000  0.363731  0.000000
  -77.859  -49.344  -49.183  -49.057  -22.931  -22.893  -20.811  -20.088  -14.343  -14.032
  -12.596  -12.036  -11.889  -11.125  -10.682  -10.204   -8.826   -8.623   -8.190   -8.036
   -6.587   -3.992   -3.852   -3.027   -2.194   -0.156   -0.004    2.375    2.602    3.559
    4.175    4.876    5.325    5.598    5.866
            0.213333  0.369504  0.000000
  -77.859  -49.348  -49.187  -49.056  -22.874  -22.838  -20.786  -20.076  -14.394  -14.094
  -12.582  -12.099  -11.960  -11.117  -10.707  -10.244   -8.823   -8.647   -8.211   -8.022
   -6.578   -4.007   -3.850   -3.014   -2.195   -0.176   -0.021    2.369    2.624    3.597
    4.199    4.862    5.282    5.612    5.922
            0.216667  0.375278  0.000000
  -77.858  -49.351  -49.190  -49.055  -22.817  -22.782  -20.762  -20.065  -14.444  -14.154
  -12.570  -12.161  -12.031  -11.111  -10.730  -10.281   -8.826   -8.670   -8.233   -8.007
   -6.567   -4.025   -3.845   -3.001   -2.198   -0.195   -0.036    2.363    2.646    3.636
    4.224    4.846    5.238    5.614    5.987
            0.220000  0.381051  0.000000
  -77.857  -49.354  -49.193  -49.054  -22.761  -22.727  -20.739  -20.055  -14.493  -14.211
  -12.560  -12.219  -12.103  -11.107  -10.753  -10.314   -8.837   -8.689   -8.253   -7.991
   -6.555   -4.044   -3.838   -2.988   -2.201   -0.214   -0.050    2.356    2.668    3.676
    4.251    4.829    5.194    5.606    6.055
            0.223333  0.386825  0.000000
  -77.856  -49.357  -49.197  -49.053  -22.705  -22.672  -20.717  -20.046  -14.540  -14.266
  -12.554  -12.272  -12.174  -11.104  -10.775  -10.344   -8.856   -8.703   -8.273   -7.974
   -6.541   -4.064   -3.829   -2.976   -2.205   -0.233   -0.062    2.348    2.689    3.717
    4.279    4.809    5.153    5.589    6.126
            0.226667  0.392598  0.000000
  -77.856  -49.359  -49.200  -49.052  -22.650  -22.618  -20.695  -20.036  -14.586  -14.318
  -12.559  -12.313  -12.245  -11.105  -10.796  -10.369   -8.883   -8.713   -8.292   -7.957
   -6.527   -4.085   -3.819   -2.964   -2.209   -0.251   -0.074    2.340    2.709    3.759
    4.308    4.788    5.116    5.567    6.189
            0.230000  0.398372  0.000000
  -77.855  -49.361  -49.204  -49.051  -22.594  -22.564  -20.675  -20.028  -14.629  -14.368
  -12.579  -12.340  -12.316  -11.109  -10.816  -10.389   -8.917   -8.722   -8.308   -7.940
   -6.511   -4.107   -3.807   -2.952   -2.214   -0.269   -0.084    2.332    2.729    3.801
    4.339    4.764    5.084    5.542    6.229
            0.233333  0.404145  0.000000
  -77.854  -49.364  -49.208  -49.050  -22.540  -22.510  -20.655  -20.020  -14.671  -14.415
  -12.615  -12.389  -12.346  -11.116  -10.834  -10.405   -8.955   -8.730   -8.322   -7.923
   -6.494   -4.130   -3.794   -2.941   -2.219   -0.287   -0.094    2.324    2.748    3.843
    4.370    4.738    5.057    5.515    6.240
            0.236667  0.409919  0.000000
  -77.854  -49.365  -49.211  -49.049  -22.486  -22.458  -20.637  -20.013  -14.711  -14.459
  -12.663  -12.460  -12.341  -11.126  -10.852  -10.416   -8.997   -8.740   -8.333   -7.905
   -6.477   -4.154   -3.779   -2.931   -2.225   -0.305   -0.102    2.317    2.766    3.885
    4.402    4.709    5.036    5.487    6.238
            0.240000  0.415692  0.000000
  -77.853  -49.367  -49.215  -49.048  -22.433  -22.406  -20.620  -20.006  -14.748  -14.501
  -12.719  -12.531  -12.327  -11.139  -10.869  -10.423   -9.041   -8.752   -8.341   -7.887
   -6.458   -4.178   -3.764   -2.921   -2.230   -0.322   -0.109    2.310    2.783    3.927
    4.436    4.678    5.021    5.459    6.231
            0.243333  0.421466  0.000000
  -77.852  -49.369  -49.219  -49.047  -22.381  -22.354  -20.604  -20.000  -14.783  -14.539
  -12.780  -12.601  -12.308  -11.155  -10.885  -10.424   -9.088   -8.767   -8.346   -7.870
   -6.439   -4.202   -3.748   -2.912   -2.236   -0.339   -0.116    2.303    2.799    3.969
    4.470    4.646    5.009    5.432    6.223
            0.246667  0.427239  0.000000
  -77.852  -49.370  -49.222  -49.046  -22.329  -22.304  -20.588  -19.995  -14.816  -14.574
  -12.842  -12.671  -12.286  -11.174  -10.901  -10.421   -9.136   -8.785   -8.348   -7.853
   -6.420   -4.227   -3.731   -2.903   -2.241   -0.356   -0.121    2.297    2.813    4.011
    4.505    4.614    5.002    5.408    6.215
            0.250000  0.433013  0.000000
  -77.851  -49.371  -49.226  -49.046  -22.279  -22.255  -20.574  -19.990  -14.846  -14.607
  -12.906  -12.741  -12.261  -11.194  -10.916  -10.415   -9.186   -8.806   -8.347   -7.835
   -6.400   -4.253   -3.714   -2.896   -2.246   -0.372   -0.126    2.292    2.827    4.052
    4.541    4.582    4.997    5.386    6.205
            0.253333  0.438786  0.000000
  -77.851  -49.372  -49.230  -49.045  -22.230  -22.207  -20.561  -19.986  -14.873  -14.636
  -12.970  -12.811  -12.235  -11.216  -10.930  -10.404   -9.236   -8.830   -8.344   -7.819
   -6.380   -4.278   -3.696   -2.889   -2.251   -0.388   -0.130    2.287    2.838    4.092
    4.550    4.578    4.993    5.368    6.196
            0.256667  0.444560  0.000000
  -77.850  -49.372  -49.233  -49.044  -22.182  -22.160  -20.549  -19.982  -14.897  -14.662
  -13.034  -12.880  -12.207  -11.239  -10.944  -10.391   -9.288   -8.855   -8.339   -7.802
   -6.359   -4.304   -3.677   -2.883   -2.256   -0.403   -0.133    2.283    2.848    4.131
    4.520    4.615    4.989    5.354    6.186
            0.260000  0.450333  0.000000
  -77.850  -49.373  -49.237  -49.044  -22.135  -22.115  -20.537  -19.979  -14.918  -14.685
  -13.099  -12.948  -12.178  -11.263  -10.957  -10.375   -9.341   -8.883   -8.333   -7.786
   -6.339   -4.329   -3.658   -2.878   -2.260   -0.418   -0.136    2.280    2.857    4.169
    4.492    4.652    4.986    5.346    6.175
            0.263333  0.456107  0.000000
  -77.849  -49.373  -49.241  -49.043  -22.090  -22.071  -20.527  -19.976  -14.937  -14.705
  -13.164  -13.017  -12.148  -11.287  -10.969  -10.358   -9.394   -8.912   -8.325   -7.770
   -6.318   -4.355   -3.638   -2.873   -2.264   -0.432   -0.138    2.278    2.863    4.206
    4.465    4.691    4.981    5.343    6.165
            0.266667  0.461880  0.000000
  -77.849  -49.373  -49.245  -49.042  -22.046  -22.028  -20.518  -19.973  -14.952  -14.721
  -13.228  -13.084  -12.117  -11.311  -10.981  -10.338   -9.448   -8.943   -8.317   -7.755
   -6.297   -4.380   -3.618   -2.870   -2.267   -0.446   -0.139    2.277    2.867    4.241
    4.441    4.729    4.977    5.345    6.154
            0.270000  0.467654  0.000000
  -77.848  -49.373  -49.248  -49.042  -22.004  -21.987  -20.509  -19.971  -14.964  -14.734
  -13.292  -13.151  -12.085  -11.334  -10.991  -10.317   -9.501   -8.974   -8.308   -7.740
   -6.277   -4.405   -3.598   -2.868   -2.270   -0.459   -0.140    2.276    2.870    4.274
    4.419    4.768    4.972    5.353    6.142
            0.273333  0.473427  0.000000
  -77.848  -49.373  -49.252  -49.041  -21.964  -21.948  -20.502  -19.970  -14.973  -14.744
  -13.356  -13.218  -12.052  -11.358  -11.000  -10.295   -9.555   -9.007   -8.299   -7.726
   -6.257   -4.430   -3.578   -2.867   -2.272   -0.471   -0.140    2.277    2.870    4.304
    4.399    4.807    4.968    5.366    6.130
            0.276667  0.479201  0.000000
  -77.848  -49.372  -49.256  -49.041  -21.926  -21.911  -20.495  -19.968  -14.979  -14.750
  -13.419  -13.284  -12.019  -11.380  -11.009  -10.273   -9.608   -9.040   -8.290   -7.712
   -6.237   -4.455   -3.558   -2.867   -2.273   -0.483   -0.139    2.277    2.869    4.330
    4.384    4.845    4.966    5.382    6.118
            0.280000  0.484974  0.000000
  -77.847  -49.371  -49.260  -49.040  -21.890  -21.875  -20.489  -19.967  -14.982  -14.753
  -13.482  -13.349  -11.986  -11.402  -11.015  -10.252   -9.660   -9.073   -8.280   -7.699
   -6.217   -4.479   -3.537   -2.868   -2.274   -0.494   -0.138    2.279    2.866    4.342
    4.381    4.882    4.969    5.401    6.104
            0.283333  0.490748  0.000000
  -77.847  -49.370  -49.263  -49.040  -21.855  -21.842  -20.484  -19.966  -14.982  -14.752
  -13.544  -13.414  -11.953  -11.422  -11.020  -10.231   -9.710   -9.107   -8.271   -7.687
   -6.198   -4.502   -3.517   -2.870   -2.274   -0.504   -0.137    2.281    2.861    4.336
    4.396    4.915    4.980    5.422    6.090
            0.286667  0.496521  0.000000
  -77.847  -49.369  -49.267  -49.040  -21.823  -21.810  -20.479  -19.966  -14.978  -14.748
  -13.605  -13.478  -11.919  -11.442  -11.023  -10.213   -9.758   -9.141   -8.263   -7.676
   -6.179   -4.525   -3.497   -2.873   -2.274   -0.514   -0.135    2.284    2.855    4.323
    4.415    4.940    5.003    5.444    6.075
            0.290000  0.502295  0.000000
  -77.846  -49.368  -49.271  -49.039  -21.793  -21.781  -20.475  -19.965  -14.972  -14.741
  -13.665  -13.541  -11.887  -11.461  -11.024  -10.198   -9.801   -9.175   -8.254   -7.665
   -6.162   -4.546   -3.477   -2.877   -2.273   -0.522   -0.133    2.287    2.847    4.310
    4.433    4.959    5.036    5.466    6.058
            0.293333  0.508068  0.000000
  -77.846  -49.367  -49.274  -49.039  -21.766  -21.754  -20.471  -19.965  -14.962  -14.729
  -13.724  -13.604  -11.855  -11.478  -11.022  -10.191   -9.837   -9.209   -8.246   -7.655
   -6.145   -4.567   -3.457   -2.882   -2.271   -0.530   -0.130    2.290    2.838    4.298
    4.449    4.978    5.074    5.489    6.041
            0.296667  0.513842  0.000000
  -77.846  -49.365  -49.278  -49.039  -21.740  -21.729  -20.468  -19.964  -14.950  -14.715
  -13.783  -13.666  -11.824  -11.494  -11.017  -10.192   -9.863   -9.242   -8.239   -7.645
   -6.129   -4.586   -3.438   -2.888   -2.269   -0.537   -0.127    2.294    2.829    4.286
    4.463    4.998    5.116    5.510    6.021
            0.300000  0.519615  0.000000
  -77.846  -49.363  -49.281  -49.038  -21.717  -21.706  -20.465  -19.964  -14.934  -14.697
  -13.840  -13.727  -11.795  -11.510  -11.009  -10.206   -9.878   -9.275   -8.233   -7.637
   -6.114   -4.605   -3.419   -2.894   -2.267   -0.543   -0.124    2.297    2.818    4.274
    4.475    5.020    5.158    5.530    6.000
            0.303333  0.525389  0.000000
  -77.846  -49.361  -49.285  -49.038  -21.697  -21.685  -20.463  -19.964  -14.916  -14.676
  -13.895  -13.788  -11.767  -11.523  -10.997  -10.231   -9.880   -9.308   -8.227   -7.629
   -6.100   -4.622   -3.401   -2.901   -2.265   -0.548   -0.121    2.300    2.808    4.263
    4.486    5.044    5.201    5.548    5.977
            0.306667  0.531162  0.000000
  -77.845  -49.360  -49.288  -49.038  -21.679  -21.667  -20.461  -19.963  -14.896  -14.651
  -13.949  -13.847  -11.742  -11.536  -10.981  -10.266   -9.873   -9.339   -8.222   -7.623
   -6.087   -4.637   -3.384   -2.908   -2.262   -0.553   -0.118    2.303    2.798    4.253
    4.497    5.071    5.245    5.564    5.951
            0.310000  0.536936  0.000000
  -77.845  -49.358  -49.291  -49.038  -21.663  -21.651  -20.459  -19.963  -14.874  -14.624
  -14.001  -13.906  -11.720  -11.547  -10.961  -10.308   -9.859   -9.370   -8.217   -7.617
   -6.076   -4.651   -3.369   -2.915   -2.259   -0.556   -0.114    2.306    2.787    4.243
    4.506    5.098    5.289    5.577    5.923
            0.313333  0.542709  0.000000
  -77.845  -49.356  -49.294  -49.037  -21.649  -21.637  -20.457  -19.963  -14.850  -14.593
  -14.050  -13.963  -11.700  -11.558  -10.936  -10.354   -9.841   -9.399   -8.213   -7.611
   -6.066   -4.663   -3.354   -2.922   -2.257   -0.559   -0.111    2.308    2.778    4.235
    4.515    5.125    5.333    5.588    5.892
            0.316667  0.548483  0.000000
  -77.845  -49.354  -49.297  -49.037  -21.638  -21.626  -20.456  -19.963  -14.825  -14.559
  -14.095  -14.019  -11.683  -11.567  -10.907  -10.403   -9.822   -9.427   -8.210   -7.607
   -6.057   -4.674   -3.342   -2.929   -2.255   -0.561   -0.108    2.310    2.769    4.228
    4.523    5.152    5.378    5.596    5.857
            0.320000  0.554256  0.000000
  -77.845  -49.352  -49.300  -49.037  -21.629  -21.617  -20.455  -19.962  -14.801  -14.524
  -14.136  -14.073  -11.669  -11.575  -10.875  -10.452   -9.803   -9.452   -8.208   -7.604
   -6.050   -4.682   -3.331   -2.935   -2.253   -0.562   -0.105    2.312    2.761    4.222
    4.529    5.176    5.423    5.603    5.820
            0.323333  0.560030  0.000000
  -77.845  -49.351  -49.302  -49.037  -21.622  -21.609  -20.454  -19.962  -14.779  -14.487
  -14.172  -14.124  -11.658  -11.582  -10.839  -10.501   -9.785   -9.473   -8.206   -7.601
   -6.044   -4.689   -3.322   -2.940   -2.251   -0.563   -0.102    2.312    2.755    4.217
    4.535    5.198    5.467    5.609    5.778
            0.326667  0.565803  0.000000
  -77.845  -49.349  -49.303  -49.037  -21.617  -21.605  -20.454  -19.962  -14.760  -14.450
  -14.200  -14.170  -11.650  -11.588  -10.802  -10.547   -9.770   -9.490   -8.204   -7.599
   -6.040   -4.694   -3.316   -2.943   -2.250   -0.563   -0.100    2.313    2.750    4.214
    4.540    5.214    5.511    5.614    5.734
            0.330000  0.571577  0.000000
  -77.845  -49.348  -49.304  -49.037  -21.614  -21.602  -20.453  -19.962  -14.748  -14.420
  -14.219  -14.206  -11.644  -11.591  -10.769  -10.586   -9.761   -9.501   -8.204   -7.598
   -6.038   -4.697   -3.312   -2.946   -2.249   -0.563   -0.099    2.313    2.747    4.212
    4.543    5.225    5.554    5.615    5.693
            0.333333  0.577350  0.000000
  -77.845  -49.348  -49.305  -49.037  -21.613  -21.601  -20.453  -19.962  -14.743  -14.407
  -14.227  -14.219  -11.643  -11.593  -10.753  -10.603   -9.757   -9.505   -8.203   -7.598
   -6.037   -4.698   -3.310   -2.947   -2.249   -0.563   -0.099    2.313    2.746    4.211
    4.544    5.229    5.592    5.597    5.673
            0.336111  0.572539  0.000000
  -77.845  -49.348  -49.304  -49.037  -21.614  -21.601  -20.453  -19.962  -14.746  -14.417
  -14.220  -14.210  -11.644  -11.592  -10.765  -10.590   -9.760   -9.502   -8.204   -7.598
   -6.038   -4.697   -3.311   -2.946   -2.249   -0.563   -0.099    2.313    2.747    4.212
    4.543    5.226    5.554    5.624    5.683
            0.338889  0.567728  0.000000
  -77.845  -49.349  -49.304  -49.037  -21.616  -21.603  -20.453  -19.962  -14.756  -14.442
  -14.205  -14.183  -11.647  -11.589  -10.793  -10.558   -9.766   -9.495   -8.204   -7.599
   -6.039   -4.695   -3.314   -2.944   -2.249   -0.564   -0.100    2.313    2.749    4.213
    4.540    5.219    5.504    5.650    5.707
            0.341667  0.562917  0.000000
  -77.845  -49.350  -49.302  -49.037  -21.619  -21.606  -20.454  -19.962  -14.772  -14.475
  -14.182  -14.144  -11.651  -11.586  -10.828  -10.517   -9.776   -9.484   -8.205   -7.600
   -6.042   -4.692   -3.318   -2.942   -2.250   -0.564   -0.102    2.314    2.753    4.214
    4.536    5.207    5.449    5.674    5.736
            0.344444  0.558105  0.000000
  -77.845  -49.351  -49.301  -49.037  -21.623  -21.610  -20.455  -19.963  -14.793  -14.511
  -14.152  -14.099  -11.657  -11.582  -10.867  -10.471   -9.788   -9.470   -8.206   -7.601
   -6.045   -4.688   -3.324   -2.938   -2.252   -0.565   -0.105    2.315    2.759    4.216
    4.528    5.191    5.391    5.697    5.769
            0.347222  0.553294  0.000000
  -77.845  -49.353  -49.299  -49.037  -21.628  -21.615  -20.455  -19.963  -14.818  -14.549
  -14.115  -14.050  -11.663  -11.577  -10.906  -10.422   -9.802   -9.455   -8.207   -7.603
   -6.050   -4.682   -3.332   -2.934   -2.254   -0.567   -0.109    2.316    2.766    4.217
    4.519    5.173    5.330    5.720    5.804
            0.350000  0.548483  0.000000
  -77.845  -49.355  -49.296  -49.037  -21.634  -21.622  -20.457  -19.964  -14.845  -14.588
  -14.074  -13.998  -11.670  -11.572  -10.946  -10.370   -9.816   -9.437   -8.208   -7.606
   -6.055   -4.676   -3.340   -2.929   -2.256   -0.570   -0.114    2.319    2.776    4.218
    4.506    5.150    5.268    5.745    5.838
            0.352778  0.543672  0.000000
  -77.845  -49.357  -49.294  -49.037  -21.641  -21.628  -20.458  -19.964  -14.875  -14.627
  -14.028  -13.943  -11.678  -11.566  -10.985  -10.318   -9.831   -9.419   -8.210   -7.609
   -6.061   -4.668   -3.350   -2.923   -2.259   -0.574   -0.120    2.322    2.787    4.217
    4.492    5.121    5.211    5.769    5.873
            0.355556  0.538860  0.000000
  -77.845  -49.359  -49.291  -49.037  -21.648  -21.636  -20.459  -19.965  -14.907  -14.665
  -13.978  -13.886  -11.686  -11.560  -11.024  -10.264   -9.846   -9.401   -8.211   -7.612
   -6.068   -4.660   -3.361   -2.917   -2.262   -0.579   -0.127    2.327    2.800    4.214
    4.475    5.078    5.166    5.794    5.908
            0.358333  0.534049  0.000000
  -77.845  -49.361  -49.288  -49.038  -21.657  -21.645  -20.461  -19.967  -14.939  -14.704
  -13.926  -13.827  -11.694  -11.554  -11.062  -10.210   -9.859   -9.382   -8.213   -7.616
   -6.076   -4.651   -3.373   -2.910   -2.266   -0.585   -0.136    2.333    2.814    4.207
    4.457    5.018    5.137    5.818    5.942
            0.361111  0.529238  0.000000
  -77.845  -49.363  -49.285  -49.038  -21.666  -21.654  -20.463  -19.968  -14.972  -14.742
  -13.870  -13.767  -11.702  -11.548  -11.100  -10.157   -9.871   -9.363   -8.215   -7.620
   -6.084   -4.641   -3.385   -2.904   -2.270   -0.593   -0.147    2.340    2.831    4.195
    4.439    4.948    5.118    5.842    5.975
            0.363889  0.524426  0.000000
  -77.845  -49.366  -49.282  -49.038  -21.676  -21.664  -20.465  -19.969  -15.005  -14.779
  -13.813  -13.705  -11.711  -11.541  -11.136  -10.105   -9.881   -9.344   -8.216   -7.624
   -6.093   -4.630   -3.399   -2.896   -2.274   -0.602   -0.159    2.349    2.849    4.177
    4.424    4.873    5.105    5.865    6.008
            0.366667  0.519615  0.000000
  -77.846  -49.368  -49.278  -49.038  -21.686  -21.674  -20.468  -19.971  -15.038  -14.817
  -13.753  -13.641  -11.721  -11.535  -11.171  -10.057   -9.885   -9.324   -8.218   -7.628
   -6.102   -4.619   -3.412   -2.889   -2.279   -0.613   -0.173    2.360    2.869    4.150
    4.411    4.797    5.095    5.888    6.040
            0.369444  0.514804  0.000000
  -77.846  -49.370  -49.275  -49.038  -21.697  -21.685  -20.471  -19.973  -15.072  -14.853
  -13.692  -13.576  -11.730  -11.528  -11.205  -10.020   -9.878   -9.305   -8.220   -7.633
   -6.112   -4.607   -3.427   -2.882   -2.285   -0.626   -0.189    2.373    2.891    4.116
    4.402    4.719    5.088    5.909    6.071
            0.372222  0.509993  0.000000
  -77.846  -49.373  -49.271  -49.038  -21.708  -21.697  -20.474  -19.975  -15.105  -14.889
  -13.629  -13.510  -11.740  -11.522  -11.237   -9.999   -9.855   -9.286   -8.222   -7.638
   -6.122   -4.595   -3.441   -2.874   -2.290   -0.640   -0.207    2.388    2.914    4.075
    4.395    4.642    5.084    5.929    6.102
            0.375000  0.505181  0.000000
  -77.846  -49.375  -49.268  -49.038  -21.720  -21.708  -20.477  -19.977  -15.138  -14.924
  -13.565  -13.443  -11.750  -11.516  -11.268   -9.993   -9.815   -9.266   -8.224   -7.643
   -6.132   -4.582   -3.456   -2.866   -2.297   -0.656   -0.227    2.405    2.939    4.027
    4.387    4.567    5.082    5.947    6.131
            0.377778  0.500370  0.000000
  -77.846  -49.378  -49.264  -49.039  -21.732  -21.720  -20.480  -19.980  -15.171  -14.959
  -13.500  -13.374  -11.760  -11.511  -11.296   -9.995   -9.768   -9.245   -8.226   -7.649
   -6.143   -4.569   -3.472   -2.858   -2.304   -0.675   -0.249    2.423    2.965    3.976
    4.370    4.503    5.082    5.963    6.160
            0.380556  0.495559  0.000000
  -77.846  -49.380  -49.261  -49.039  -21.744  -21.733  -20.484  -19.982  -15.203  -14.993
  -13.434  -13.305  -11.770  -11.508  -11.321  -10.000   -9.718   -9.224   -8.228   -7.654
   -6.154   -4.556   -3.487   -2.849   -2.311   -0.695   -0.273    2.443    2.993    3.921
    4.332    4.463    5.084    5.978    6.188
            0.383333  0.490748  0.000000
  -77.846  -49.382  -49.257  -49.039  -21.757  -21.746  -20.487  -19.985  -15.235  -15.026
  -13.368  -13.235  -11.780  -11.505  -11.343  -10.007   -9.667   -9.202   -8.229   -7.660
   -6.165   -4.542   -3.503   -2.841   -2.319   -0.717   -0.299    2.465    3.021    3.864
    4.269    4.449    5.086    5.990    6.214
            0.386111  0.485936  0.000000
  -77.846  -49.385  -49.253  -49.039  -21.769  -21.758  -20.491  -19.988  -15.267  -15.059
  -13.301  -13.165  -11.790  -11.506  -11.361  -10.013   -9.618   -9.177   -8.231   -7.666
   -6.176   -4.529   -3.519   -2.832   -2.327   -0.741   -0.328    2.487    3.050    3.806
    4.195    4.448    5.090    6.000    6.240
            0.388889  0.481125  0.000000
  -77.847  -49.387  -49.250  -49.039  -21.782  -21.771  -20.496  -19.991  -15.297  -15.091
  -13.234  -13.094  -11.801  -11.509  -11.374  -10.019   -9.570   -9.151   -8.233   -7.673
   -6.187   -4.515   -3.535   -2.823   -2.336   -0.767   -0.358    2.511    3.079    3.748
    4.118    4.451    5.095    6.008    6.265
            0.391667  0.476314  0.000000
  -77.847  -49.390  -49.246  -49.040  -21.795  -21.784  -20.500  -19.995  -15.328  -15.122
  -13.168  -13.023  -11.810  -11.515  -11.383  -10.025   -9.526   -9.121   -8.235   -7.679
   -6.198   -4.502   -3.551   -2.814   -2.345   -0.794   -0.391    2.534    3.109    3.691
    4.041    4.458    5.101    6.014    6.288
            0.394444  0.471503  0.000000
  -77.847  -49.392  -49.242  -49.040  -21.809  -21.798  -20.504  -19.998  -15.358  -15.152
  -13.101  -12.952  -11.820  -11.524  -11.386  -10.030   -9.486   -9.088   -8.237   -7.686
   -6.210   -4.488   -3.567   -2.804   -2.355   -0.824   -0.426    2.556    3.138    3.637
    3.965    4.466    5.107    6.018    6.310
            0.397222  0.466691  0.000000
  -77.847  -49.394  -49.238  -49.040  -21.822  -21.811  -20.509  -20.002  -15.387  -15.182
  -13.036  -12.881  -11.829  -11.534  -11.387  -10.033   -9.450   -9.051   -8.239   -7.693
   -6.221   -4.475   -3.583   -2.794   -2.366   -0.855   -0.463    2.577    3.166    3.587
    3.891    4.476    5.113    6.019    6.331
            0.400000  0.461880  0.000000
  -77.847  -49.396  -49.235  -49.040  -21.835  -21.824  -20.514  -20.005  -15.415  -15.211
  -12.971  -12.810  -11.836  -11.545  -11.385  -10.036   -9.419   -9.010   -8.241   -7.700
   -6.233   -4.462   -3.599   -2.784   -2.377   -0.888   -0.502    2.594    3.192    3.542
    3.821    4.487    5.120    6.018    6.351
            0.402778  0.457069  0.000000
  -77.847  -49.398  -49.231  -49.041  -21.848  -21.837  -20.518  -20.009  -15.443  -15.240
  -12.908  -12.740  -11.842  -11.555  -11.381  -10.038   -9.393   -8.966   -8.243   -7.707
   -6.244   -4.448   -3.616   -2.773   -2.389   -0.923   -0.542    2.606    3.214    3.503
    3.756    4.499    5.126    6.015    6.369
            0.405556  0.452258  0.000000
  -77.848  -49.401  -49.228  -49.041  -21.862  -21.850  -20.523  -20.013  -15.470  -15.267
  -12.848  -12.672  -11.846  -11.565  -11.376  -10.039   -9.370   -8.918   -8.245   -7.714
   -6.255   -4.435   -3.632   -2.762   -2.401   -0.959   -0.584    2.613    3.231    3.472
    3.700    4.513    5.133    6.010    6.386
            0.408333  0.447446  0.000000
  -77.848  -49.403  -49.224  -49.041  -21.875  -21.863  -20.528  -20.017  -15.497  -15.294
  -12.790  -12.605  -11.848  -11.572  -11.370  -10.039   -9.351   -8.868   -8.247   -7.722
   -6.267   -4.423   -3.648   -2.750   -2.414   -0.997   -0.627    2.612    3.238    3.450
    3.655    4.528    5.140    6.002    6.402
            0.411111  0.442635  0.000000
  -77.848  -49.405  -49.220  -49.041  -21.888  -21.876  -20.533  -20.021  -15.523  -15.320
  -12.735  -12.539  -11.846  -11.578  -11.364  -10.038   -9.335   -8.816   -8.249   -7.729
   -6.278   -4.410   -3.664   -2.739   -2.428   -1.036   -0.672    2.603    3.233    3.437
    3.625    4.545    5.147    5.994    6.416
            0.413889  0.437824  0.000000
  -77.848  -49.407  -49.217  -49.041  -21.900  -21.889  -20.538  -20.025  -15.548  -15.346
  -12.685  -12.477  -11.840  -11.581  -11.357  -10.036   -9.321   -8.763   -8.251   -7.737
   -6.289   -4.398   -3.680   -2.727   -2.442   -1.077   -0.717    2.585    3.213    3.433
    3.614    4.563    5.153    5.983    6.430
            0.416667  0.433013  0.000000
  -77.848  -49.409  -49.214  -49.042  -21.913  -21.901  -20.543  -20.029  -15.572  -15.370
  -12.639  -12.417  -11.828  -11.582  -11.349  -10.033   -9.309   -8.709   -8.252   -7.744
   -6.300   -4.386   -3.696   -2.715   -2.457   -1.119   -0.762    2.559    3.180    3.438
    3.619    4.583    5.160    5.971    6.441
            0.419444  0.428201  0.000000
  -77.848  -49.410  -49.210  -49.042  -21.925  -21.914  -20.548  -20.033  -15.596  -15.394
  -12.599  -12.361  -11.812  -11.579  -11.341  -10.029   -9.299   -8.656   -8.254   -7.752
   -6.311   -4.375   -3.711   -2.703   -2.471   -1.162   -0.808    2.526    3.136    3.451
    3.637    4.605    5.166    5.958    6.452
            0.422222  0.423390  0.000000
  -77.849  -49.412  -49.207  -49.042  -21.938  -21.926  -20.553  -20.037  -15.619  -15.417
  -12.565  -12.310  -11.788  -11.574  -11.332  -10.024   -9.290   -8.602   -8.255   -7.760
   -6.322   -4.364   -3.727   -2.692   -2.487   -1.207   -0.855    2.488    3.087    3.469
    3.665    4.629    5.173    5.944    6.461
            0.425000  0.418579  0.000000
  -77.849  -49.414  -49.204  -49.042  -21.949  -21.938  -20.558  -20.041  -15.641  -15.440
  -12.537  -12.263  -11.759  -11.565  -11.322  -10.019   -9.282   -8.550   -8.255   -7.767
   -6.333   -4.353   -3.742   -2.681   -2.501   -1.252   -0.901    2.446    3.034    3.490
    3.699    4.655    5.179    5.929    6.469
            0.427778  0.413768  0.000000
  -77.849  -49.416  -49.201  -49.043  -21.961  -21.949  -20.563  -20.045  -15.663  -15.461
  -12.516  -12.220  -11.725  -11.553  -11.311  -10.012   -9.275   -8.500   -8.254   -7.775
   -6.344   -4.342   -3.758   -2.672   -2.515   -1.298   -0.946    2.402    2.980    3.513
    3.739    4.682    5.186    5.914    6.476
            0.430556  0.408956  0.000000
  -77.849  -49.418  -49.197  -49.043  -21.973  -21.960  -20.568  -20.049  -15.684  -15.482
  -12.500  -12.183  -11.686  -11.537  -11.298  -10.006   -9.269   -8.453   -8.250   -7.782
   -6.355   -4.332   -3.772   -2.665   -2.527   -1.345   -0.991    2.355    2.926    3.536
    3.783    4.712    5.193    5.897    6.481
            0.433333  0.404145  0.000000
  -77.849  -49.419  -49.194  -49.043  -21.984  -21.971  -20.573  -20.053  -15.704  -15.502
  -12.490  -12.151  -11.646  -11.516  -11.282   -9.998   -9.263   -8.411   -8.242   -7.788
   -6.366   -4.323   -3.787   -2.663   -2.535   -1.393   -1.035    2.308    2.873    3.559
    3.831    4.744    5.200    5.881    6.486
            0.436111  0.399334  0.000000
  -77.849  -49.421  -49.192  -49.043  -21.994  -21.982  -20.578  -20.057  -15.723  -15.521
  -12.484  -12.124  -11.606  -11.489  -11.264   -9.991   -9.257   -8.378   -8.228   -7.794
   -6.377   -4.314   -3.801   -2.666   -2.539   -1.441   -1.079    2.260    2.822    3.580
    3.881    4.777    5.207    5.864    6.489
            0.438889  0.394523  0.000000
  -77.850  -49.422  -49.189  -49.043  -22.005  -21.992  -20.583  -20.061  -15.741  -15.540
  -12.482  -12.101  -11.570  -11.454  -11.243   -9.983   -9.252   -8.356   -8.205   -7.799
   -6.388   -4.305   -3.816   -2.675   -2.537   -1.489   -1.121    2.213    2.772    3.600
    3.934    4.812    5.215    5.848    6.491
            0.441667  0.389711  0.000000
  -77.850  -49.424  -49.186  -49.044  -22.015  -22.002  -20.587  -20.065  -15.759  -15.557
  -12.482  -12.083  -11.541  -11.413  -11.218   -9.974   -9.247   -8.343   -8.175   -7.803
   -6.399   -4.297   -3.829   -2.689   -2.531   -1.536   -1.161    2.166    2.723    3.618
    3.988    4.848    5.224    5.831    6.492
            0.444444  0.384900  0.000000
  -77.850  -49.425  -49.183  -49.044  -22.024  -22.012  -20.592  -20.069  -15.776  -15.574
  -12.485  -12.067  -11.518  -11.365  -11.189   -9.966   -9.242   -8.337   -8.142   -7.804
   -6.410   -4.289   -3.843   -2.706   -2.522   -1.584   -1.201    2.120    2.677    3.634
    4.042    4.886    5.234    5.815    6.491
            0.447222  0.380089  0.000000
  -77.850  -49.426  -49.181  -49.044  -22.034  -22.021  -20.596  -20.072  -15.792  -15.590
  -12.490  -12.055  -11.499  -11.313  -11.157   -9.957   -9.237   -8.335   -8.109   -7.803
   -6.421   -4.282   -3.856   -2.726   -2.512   -1.630   -1.239    2.076    2.633    3.648
    4.097    4.924    5.245    5.800    6.490
            0.450000  0.375278  0.000000
  -77.850  -49.428  -49.178  -49.044  -22.043  -22.030  -20.600  -20.076  -15.807  -15.605
  -12.495  -12.045  -11.485  -11.260  -11.122   -9.949   -9.232   -8.336   -8.078   -7.799
   -6.432   -4.275   -3.868   -2.748   -2.501   -1.675   -1.275    2.033    2.591    3.661
    4.150    4.964    5.257    5.785    6.488
            0.452778  0.370466  0.000000
  -77.850  -49.429  -49.176  -49.044  -22.051  -22.038  -20.604  -20.079  -15.822  -15.620
  -12.502  -12.038  -11.474  -11.206  -11.085   -9.940   -9.228   -8.337   -8.052   -7.789
   -6.443   -4.269   -3.880   -2.770   -2.490   -1.718   -1.310    1.992    2.551    3.672
    4.203    5.003    5.270    5.771    6.484
            0.455556  0.365655  0.000000
  -77.850  -49.430  -49.174  -49.044  -22.059  -22.046  -20.608  -20.082  -15.835  -15.633
  -12.509  -12.032  -11.465  -11.153  -11.046   -9.932   -9.223   -8.340   -8.032   -7.775
   -6.453   -4.263   -3.892   -2.793   -2.479   -1.760   -1.343    1.952    2.513    3.682
    4.253    5.043    5.285    5.759    6.480
            0.458333  0.360844  0.000000
  -77.850  -49.431  -49.172  -49.045  -22.067  -22.054  -20.612  -20.085  -15.848  -15.646
  -12.517  -12.027  -11.457  -11.101  -11.007   -9.923   -9.218   -8.343   -8.018   -7.756
   -6.464   -4.257   -3.903   -2.816   -2.469   -1.799   -1.374    1.915    2.478    3.691
    4.301    5.083    5.302    5.747    6.475
            0.461111  0.356033  0.000000
  -77.851  -49.432  -49.170  -49.045  -22.074  -22.061  -20.615  -20.088  -15.860  -15.658
  -12.524  -12.024  -11.452  -11.050  -10.967   -9.915   -9.213   -8.347   -8.009   -7.732
   -6.475   -4.252   -3.914   -2.839   -2.460   -1.835   -1.404    1.880    2.445    3.699
    4.346    5.122    5.321    5.737    6.469
            0.463889  0.351221  0.000000
  -77.851  -49.433  -49.168  -49.045  -22.081  -22.068  -20.618  -20.091  -15.872  -15.669
  -12.532  -12.021  -11.447  -11.002  -10.928   -9.908   -9.208   -8.351   -8.005   -7.706
   -6.485   -4.248   -3.924   -2.862   -2.453   -1.868   -1.432    1.846    2.414    3.705
    4.388    5.161    5.341    5.729    6.462
            0.466667  0.346410  0.000000
  -77.851  -49.434  -49.166  -49.045  -22.087  -22.074  -20.621  -20.093  -15.882  -15.679
  -12.539  -12.020  -11.443  -10.956  -10.889   -9.901   -9.203   -8.355   -8.003   -7.678
   -6.495   -4.243   -3.934   -2.884   -2.447   -1.898   -1.458    1.815    2.386    3.711
    4.426    5.197    5.363    5.723    6.455
            0.469444  0.341599  0.000000
  -77.851  -49.435  -49.165  -49.045  -22.093  -22.079  -20.624  -20.096  -15.892  -15.689
  -12.546  -12.018  -11.440  -10.913  -10.852   -9.894   -9.199   -8.359   -8.003   -7.650
   -6.505   -4.239   -3.943   -2.905   -2.444   -1.924   -1.483    1.787    2.359    3.716
    4.461    5.232    5.387    5.719    6.447
            0.472222  0.336788  0.000000
  -77.851  -49.435  -49.163  -49.045  -22.098  -22.085  -20.627  -20.098  -15.900  -15.698
  -12.553  -12.017  -11.438  -10.873  -10.817   -9.888   -9.194   -8.363   -8.005   -7.623
   -6.515   -4.236   -3.951   -2.926   -2.442   -1.946   -1.506    1.760    2.335    3.720
    4.492    5.265    5.411    5.718    6.439
            0.475000  0.331976  0.000000
  -77.851  -49.436  -49.162  -49.045  -22.103  -22.089  -20.629  -20.100  -15.908  -15.706
  -12.559  -12.017  -11.436  -10.836  -10.784   -9.882   -9.189   -8.367   -8.008   -7.597
   -6.524   -4.233   -3.959   -2.945   -2.442   -1.964   -1.527    1.736    2.314    3.724
    4.518    5.294    5.435    5.720    6.430
            0.477778  0.327165  0.000000
  -77.851  -49.436  -49.161  -49.045  -22.107  -22.094  -20.631  -20.102  -15.915  -15.713
  -12.565  -12.016  -11.435  -10.802  -10.753   -9.877   -9.185   -8.371   -8.011   -7.572
   -6.533   -4.230   -3.966   -2.962   -2.443   -1.978   -1.546    1.715    2.294    3.727
    4.541    5.320    5.460    5.724    6.421
            0.480556  0.322354  0.000000
  -77.851  -49.437  -49.160  -49.045  -22.111  -22.097  -20.633  -20.103  -15.922  -15.719
  -12.570  -12.016  -11.434  -10.772  -10.726   -9.873   -9.181   -8.374   -8.014   -7.549
   -6.541   -4.227   -3.973   -2.978   -2.446   -1.989   -1.564    1.696    2.277    3.729
    4.561    5.342    5.483    5.731    6.412
            0.483333  0.317543  0.000000
  -77.851  -49.437  -49.159  -49.046  -22.114  -22.101  -20.635  -20.105  -15.927  -15.724
  -12.575  -12.016  -11.433  -10.746  -10.701   -9.869   -9.178   -8.377   -8.017   -7.529
   -6.548   -4.225   -3.978   -2.992   -2.450   -1.997   -1.579    1.679    2.263    3.731
    4.577    5.361    5.505    5.740    6.404
            0.486111  0.312731  0.000000
  -77.851  -49.438  -49.158  -49.046  -22.117  -22.104  -20.636  -20.106  -15.932  -15.729
  -12.579  -12.016  -11.432  -10.724  -10.680   -9.866   -9.174   -8.380   -8.020   -7.511
   -6.555   -4.223   -3.983   -3.005   -2.455   -2.003   -1.592    1.665    2.250    3.733
    4.591    5.375    5.525    5.751    6.396
            0.488889  0.307920  0.000000
  -77.851  -49.438  -49.158  -49.046  -22.119  -22.106  -20.637  -20.107  -15.935  -15.732
  -12.582  -12.016  -11.431  -10.705  -10.662   -9.863   -9.172   -8.382   -8.022   -7.497
   -6.560   -4.222   -3.987   -3.015   -2.459   -2.006   -1.603    1.654    2.240    3.734
    4.601    5.387    5.542    5.761    6.389
            0.491667  0.303109  0.000000
  -77.851  -49.438  -49.157  -49.046  -22.121  -22.108  -20.638  -20.108  -15.938  -15.735
  -12.584  -12.016  -11.431  -10.691  -10.648   -9.861   -9.170   -8.384   -8.024   -7.485
   -6.565   -4.221   -3.990   -3.023   -2.463   -2.009   -1.612    1.645    2.232    3.735
    4.609    5.395    5.556    5.771    6.384
            0.494444  0.298298  0.000000
  -77.851  -49.439  -49.157  -49.046  -22.122  -22.109  -20.639  -20.108  -15.940  -15.737
  -12.586  -12.016  -11.431  -10.681  -10.637   -9.860   -9.168   -8.385   -8.026   -7.477
   -6.568   -4.220   -3.993   -3.029   -2.466   -2.010   -1.618    1.638    2.226    3.736
    4.615    5.401    5.566    5.779    6.379
            0.497222  0.293486  0.000000
  -77.851  -49.439  -49.157  -49.046  -22.123  -22.110  -20.639  -20.109  -15.942  -15.739
  -12.587  -12.016  -11.431  -10.674  -10.631   -9.859   -9.167   -8.386   -8.027   -7.471
   -6.570   -4.219   -3.994   -3.032   -2.468   -2.010   -1.622    1.634    2.223    3.736
    4.618    5.404    5.573    5.784    6.377
            0.500000  0.288675  0.000000
  -77.851  -49.439  -49.156  -49.046  -22.123  -22.110  -20.640  -20.109  -15.942  -15.739
  -12.588  -12.016  -11.431  -10.672  -10.629   -9.858   -9.167   -8.386   -8.027   -7.470
   -6.570   -4.219   -3.994   -3.033   -2.468   -2.011   -1.623    1.633    2.222    3.737
    4.619    5.405    5.575    5.786    6.376
            0.495000  0.285788  0.000000
  -77.851  -49.439  -49.156  -49.046  -22.125  -22.111  -20.640  -20.109  -15.941  -15.738
  -12.588  -12.016  -11.430  -10.672  -10.629   -9.858   -9.166   -8.387   -8.027   -7.470
   -6.571   -4.219   -3.994   -3.033   -2.467   -2.011   -1.623    1.633    2.222    3.736
    4.618    5.404    5.575    5.786    6.376
            0.490000  0.282902  0.000000
  -77.851  -49.438  -49.156  -49.046  -22.129  -22.116  -20.640  -20.108  -15.936  -15.733
  -12.589  -12.013  -11.429  -10.671  -10.628   -9.858   -9.166   -8.389   -8.027   -7.471
   -6.571   -4.218   -3.994   -3.031   -2.464   -2.011   -1.622    1.635    2.224    3.736
    4.615    5.401    5.576    5.787    6.376
            0.485000  0.280015  0.000000
  -77.851  -49.438  -49.156  -49.046  -22.137  -22.123  -20.640  -20.107  -15.928  -15.725
  -12.591  -12.009  -11.427  -10.669  -10.627   -9.857   -9.164   -8.393   -8.027   -7.473
   -6.572   -4.217   -3.993   -3.029   -2.458   -2.012   -1.621    1.638    2.227    3.735
    4.609    5.395    5.577    5.788    6.376
            0.480000  0.277128  0.000000
  -77.851  -49.437  -49.156  -49.046  -22.147  -22.133  -20.641  -20.106  -15.917  -15.714
  -12.593  -12.003  -11.425  -10.667  -10.625   -9.855   -9.162   -8.398   -8.026   -7.476
   -6.573   -4.216   -3.992   -3.025   -2.449   -2.013   -1.619    1.642    2.232    3.733
    4.602    5.388    5.578    5.791    6.377
            0.475000  0.274241  0.000000
  -77.852  -49.437  -49.156  -49.046  -22.161  -22.146  -20.642  -20.105  -15.902  -15.699
  -12.597  -11.995  -11.422  -10.665  -10.622   -9.854   -9.159   -8.405   -8.026   -7.480
   -6.574   -4.214   -3.990   -3.021   -2.439   -2.015   -1.617    1.647    2.237    3.731
    4.592    5.379    5.580    5.794    6.377
            0.470000  0.271355  0.000000
  -77.852  -49.436  -49.156  -49.046  -22.177  -22.161  -20.644  -20.103  -15.885  -15.682
  -12.600  -11.985  -11.418  -10.661  -10.619   -9.851   -9.156   -8.412   -8.026   -7.484
   -6.575   -4.211   -3.989   -3.015   -2.426   -2.017   -1.614    1.653    2.244    3.729
    4.581    5.368    5.582    5.797    6.378
            0.465000  0.268468  0.000000
  -77.852  -49.434  -49.155  -49.047  -22.195  -22.179  -20.645  -20.101  -15.865  -15.662
  -12.605  -11.975  -11.413  -10.657  -10.615   -9.849   -9.152   -8.421   -8.025   -7.489
   -6.577   -4.208   -3.987   -3.009   -2.410   -2.019   -1.610    1.660    2.252    3.726
    4.567    5.356    5.585    5.801    6.379
            0.460000  0.265581  0.000000
  -77.852  -49.433  -49.155  -49.047  -22.217  -22.199  -20.648  -20.100  -15.841  -15.638
  -12.610  -11.962  -11.408  -10.653  -10.610   -9.846   -9.148   -8.431   -8.025   -7.495
   -6.579   -4.205   -3.984   -3.002   -2.393   -2.022   -1.606    1.668    2.261    3.723
    4.551    5.342    5.587    5.806    6.380
            0.455000  0.262694  0.000000
  -77.852  -49.432  -49.155  -49.047  -22.240  -22.222  -20.650  -20.098  -15.815  -15.612
  -12.615  -11.949  -11.402  -10.647  -10.605   -9.842   -9.143   -8.442   -8.025   -7.502
   -6.581   -4.201   -3.981   -2.995   -2.373   -2.025   -1.601    1.678    2.271    3.719
    4.532    5.326    5.590    5.811    6.381
            0.450000  0.259808  0.000000
  -77.853  -49.430  -49.154  -49.047  -22.266  -22.247  -20.654  -20.096  -15.785  -15.582
  -12.621  -11.933  -11.395  -10.642  -10.600   -9.838   -9.137   -8.454   -8.025   -7.509
   -6.584   -4.196   -3.978   -2.986   -2.351   -2.028   -1.595    1.688    2.282    3.714
    4.512    5.310    5.593    5.817    6.382
            0.445000  0.256921  0.000000
  -77.853  -49.428  -49.154  -49.048  -22.295  -22.275  -20.658  -20.094  -15.753  -15.550
  -12.628  -11.917  -11.388  -10.635  -10.593   -9.833   -9.131   -8.467   -8.025   -7.517
   -6.586   -4.192   -3.975   -2.978   -2.327   -2.032   -1.588    1.700    2.295    3.709
    4.490    5.293    5.597    5.823    6.383
            0.440000  0.254034  0.000000
  -77.853  -49.426  -49.154  -49.048  -22.325  -22.304  -20.663  -20.093  -15.718  -15.514
  -12.635  -11.900  -11.381  -10.628  -10.587   -9.828   -9.124   -8.481   -8.025   -7.526
   -6.589   -4.186   -3.971   -2.969   -2.301   -2.036   -1.581    1.712    2.308    3.703
    4.465    5.275    5.600    5.830    6.384
            0.435000  0.251147  0.000000
  -77.853  -49.424  -49.153  -49.049  -22.357  -22.335  -20.668  -20.092  -15.680  -15.476
  -12.642  -11.881  -11.373  -10.621  -10.579   -9.822   -9.117   -8.495   -8.024   -7.536
   -6.592   -4.181   -3.967   -2.960   -2.272   -2.041   -1.572    1.726    2.323    3.696
    4.439    5.257    5.604    5.837    6.385
            0.430000  0.248261  0.000000
  -77.854  -49.422  -49.153  -49.049  -22.391  -22.368  -20.674  -20.091  -15.640  -15.435
  -12.650  -11.862  -11.364  -10.612  -10.571   -9.816   -9.109   -8.510   -8.024   -7.546
   -6.595   -4.174   -3.963   -2.951   -2.242   -2.046   -1.562    1.740    2.338    3.688
    4.410    5.238    5.608    5.845    6.386
            0.425000  0.245374  0.000000
  -77.854  -49.419  -49.152  -49.050  -22.427  -22.402  -20.682  -20.091  -15.596  -15.392
  -12.658  -11.841  -11.355  -10.604  -10.563   -9.808   -9.100   -8.526   -8.025   -7.558
   -6.598   -4.168   -3.958   -2.942   -2.210   -2.051   -1.551    1.756    2.355    3.680
    4.379    5.220    5.612    5.853    6.387
            0.420000  0.242487  0.000000
  -77.854  -49.417  -49.151  -49.050  -22.464  -22.438  -20.690  -20.090  -15.551  -15.345
  -12.667  -11.820  -11.345  -10.594  -10.554   -9.800   -9.091   -8.542   -8.025   -7.569
   -6.601   -4.161   -3.954   -2.933   -2.175   -2.056   -1.538    1.773    2.372    3.670
    4.347    5.202    5.616    5.861    6.388
            0.415000  0.239600  0.000000
  -77.855  -49.414  -49.151  -49.051  -22.502  -22.476  -20.699  -20.091  -15.503  -15.296
  -12.676  -11.798  -11.335  -10.584  -10.544   -9.791   -9.082   -8.559   -8.025   -7.582
   -6.605   -4.153   -3.949   -2.925   -2.139   -2.062   -1.524    1.790    2.390    3.660
    4.313    5.184    5.620    5.869    6.388
            0.410000  0.236714  0.000000
  -77.855  -49.411  -49.150  -49.051  -22.542  -22.515  -20.709  -20.092  -15.453  -15.245
  -12.685  -11.776  -11.325  -10.574  -10.534   -9.781   -9.071   -8.576   -8.025   -7.595
   -6.608   -4.145   -3.943   -2.917   -2.101   -2.069   -1.509    1.809    2.409    3.649
    4.277    5.167    5.625    5.878    6.389
            0.405000  0.233827  0.000000
  -77.856  -49.408  -49.149  -49.052  -22.583  -22.554  -20.719  -20.093  -15.400  -15.191
  -12.695  -11.753  -11.314  -10.563  -10.523   -9.771   -9.061   -8.593   -8.025   -7.609
   -6.611   -4.137   -3.938   -2.910   -2.075   -2.062   -1.491    1.828    2.429    3.636
    4.239    5.150    5.630    5.887    6.389
            0.400000  0.230940  0.000000
  -77.856  -49.405  -49.149  -49.052  -22.625  -22.595  -20.731  -20.095  -15.345  -15.134
  -12.705  -11.730  -11.302  -10.551  -10.512   -9.759   -9.049   -8.610   -8.025   -7.623
   -6.614   -4.128   -3.932   -2.903   -2.082   -2.020   -1.473    1.848    2.449    3.623
    4.200    5.134    5.635    5.896    6.389
            0.395000  0.228053  0.000000
  -77.857  -49.401  -49.148  -49.053  -22.668  -22.637  -20.744  -20.098  -15.289  -15.076
  -12.715  -11.707  -11.290  -10.539  -10.500   -9.747   -9.038   -8.627   -8.025   -7.638
   -6.617   -4.119   -3.926   -2.897   -2.090   -1.977   -1.452    1.869    2.470    3.609
    4.160    5.120    5.640    5.906    6.389
            0.390000  0.225167  0.000000
  -77.857  -49.398  -49.147  -49.054  -22.711  -22.680  -20.758  -20.101  -15.230  -15.015
  -12.725  -11.683  -11.277  -10.526  -10.488   -9.733   -9.025   -8.645   -8.024   -7.654
   -6.620   -4.109   -3.920   -2.892   -2.098   -1.933   -1.430    1.891    2.491    3.594
    4.118    5.106    5.646    5.915    6.389
            0.385000  0.222280  0.000000
  -77.858  -49.394  -49.146  -49.054  -22.756  -22.723  -20.773  -20.105  -15.170  -14.952
  -12.736  -11.660  -11.264  -10.513  -10.475   -9.718   -9.012   -8.663   -8.024   -7.670
   -6.622   -4.099   -3.913   -2.888   -2.106   -1.887   -1.406    1.913    2.512    3.578
    4.075    5.094    5.652    5.924    6.388
            0.380000  0.219393  0.000000
  -77.858  -49.390  -49.145  -49.055  -22.801  -22.767  -20.788  -20.110  -15.108  -14.886
  -12.747  -11.638  -11.250  -10.499  -10.462   -9.703   -8.999   -8.680   -8.024   -7.687
   -6.624   -4.089   -3.907   -2.885   -2.114   -1.840   -1.379    1.936    2.533    3.561
    4.032    5.083    5.659    5.933    6.386
            0.375000  0.216506  0.000000
  -77.859  -49.386  -49.144  -49.056  -22.847  -22.812  -20.805  -20.115  -15.044  -14.819
  -12.758  -11.616  -11.234  -10.485  -10.448   -9.686   -8.985   -8.698   -8.023   -7.704
   -6.626   -4.078   -3.900   -2.884   -2.123   -1.791   -1.351    1.960    2.555    3.544
    3.987    5.073    5.666    5.942    6.384
            0.370000  0.213620  0.000000
  -77.859  -49.382  -49.143  -49.057  -22.893  -22.857  -20.822  -20.121  -14.979  -14.750
  -12.769  -11.594  -11.218  -10.470  -10.434   -9.668   -8.971   -8.716   -8.022   -7.722
   -6.627   -4.067   -3.893   -2.883   -2.133   -1.741   -1.321    1.984    2.576    3.526
    3.942    5.065    5.673    5.950    6.382
            0.365000  0.210733  0.000000
  -77.860  -49.378  -49.143  -49.058  -22.939  -22.903  -20.840  -20.127  -14.913  -14.679
  -12.779  -11.574  -11.201  -10.454  -10.419   -9.649   -8.956   -8.733   -8.021   -7.740
   -6.628   -4.055   -3.886   -2.884   -2.142   -1.690   -1.290    2.008    2.597    3.508
    3.896    5.057    5.680    5.958    6.379
            0.360000  0.207846  0.000000
  -77.861  -49.374  -49.142  -49.058  -22.986  -22.949  -20.860  -20.134  -14.846  -14.606
  -12.790  -11.555  -11.182  -10.438  -10.404   -9.628   -8.940   -8.751   -8.020   -7.759
   -6.628   -4.043   -3.879   -2.885   -2.152   -1.638   -1.256    2.033    2.617    3.489
    3.850    5.052    5.689    5.966    6.375
            0.355000  0.204959  0.000000
  -77.861  -49.369  -49.141  -49.059  -23.033  -22.995  -20.879  -20.141  -14.778  -14.532
  -12.801  -11.538  -11.161  -10.422  -10.388   -9.607   -8.925   -8.768   -8.018   -7.778
   -6.628   -4.030   -3.871   -2.888   -2.163   -1.585   -1.220    2.057    2.636    3.471
    3.804    5.047    5.697    5.973    6.370
            0.350000  0.202073  0.000000
  -77.862  -49.365  -49.139  -49.060  -23.081  -23.042  -20.900  -20.149  -14.710  -14.455
  -12.811  -11.522  -11.139  -10.405  -10.372   -9.585   -8.908   -8.785   -8.016   -7.797
   -6.627   -4.018   -3.864   -2.893   -2.174   -1.531   -1.183    2.082    2.654    3.453
    3.758    5.043    5.706    5.979    6.364
            0.345000  0.199186  0.000000
  -77.863  -49.360  -49.138  -49.061  -23.128  -23.088  -20.921  -20.158  -14.641  -14.378
  -12.821  -11.508  -11.115  -10.388  -10.355   -9.561   -8.891   -8.802   -8.014   -7.817
   -6.625   -4.005   -3.856   -2.898   -2.185   -1.476   -1.143    2.106    2.670    3.437
    3.712    5.041    5.715    5.984    6.357
            0.340000  0.196299  0.000000
  -77.863  -49.355  -49.137  -49.062  -23.176  -23.135  -20.944  -20.167  -14.572  -14.298
  -12.830  -11.496  -11.090  -10.370  -10.338   -9.537   -8.874   -8.819   -8.012   -7.838
   -6.622   -3.991   -3.849   -2.904   -2.197   -1.420   -1.102    2.130    2.684    3.421
    3.667    5.040    5.725    5.989    6.350
            0.335000  0.193412  0.000000
  -77.864  -49.351  -49.136  -49.063  -23.223  -23.182  -20.966  -20.177  -14.503  -14.218
  -12.838  -11.486  -11.063  -10.352  -10.320   -9.511   -8.856   -8.836   -8.009   -7.858
   -6.619   -3.977   -3.841   -2.912   -2.209   -1.363   -1.060    2.154    2.696    3.406
    3.622    5.039    5.735    5.992    6.341
            0.330000  0.190526  0.000000
  -77.865  -49.346  -49.135  -49.064  -23.271  -23.229  -20.989  -20.187  -14.434  -14.136
  -12.844  -11.477  -11.034  -10.333  -10.302   -9.485   -8.853   -8.838   -8.005   -7.879
   -6.615   -3.963   -3.834   -2.920   -2.221   -1.306   -1.015    2.177    2.706    3.394
    3.578    5.039    5.745    5.994    6.330
            0.325000  0.187639  0.000000
  -77.865  -49.341  -49.134  -49.065  -23.318  -23.275  -21.013  -20.198  -14.367  -14.052
  -12.850  -11.470  -11.004  -10.314  -10.284   -9.458   -8.869   -8.820   -8.002   -7.901
   -6.609   -3.949   -3.826   -2.930   -2.234   -1.248   -0.970    2.198    2.712    3.383
    3.536    5.039    5.755    5.995    6.318
            0.320000  0.184752  0.000000
  -77.866  -49.335  -49.133  -49.066  -23.366  -23.322  -21.038  -20.209  -14.301  -13.968
  -12.853  -11.465  -10.972  -10.295  -10.265   -9.430   -8.886   -8.801   -7.998   -7.922
   -6.603   -3.934   -3.818   -2.940   -2.247   -1.189   -0.923    2.219    2.714    3.374
    3.496    5.040    5.765    5.994    6.305
            0.315000  0.181865  0.000000
  -77.867  -49.330  -49.132  -49.067  -23.413  -23.368  -21.062  -20.220  -14.236  -13.882
  -12.854  -11.461  -10.939  -10.275  -10.246   -9.401   -8.902   -8.782   -7.993   -7.944
   -6.596   -3.919   -3.810   -2.951   -2.260   -1.129   -0.874    2.237    2.714    3.365
    3.460    5.040    5.775    5.992    6.290
            0.310000  0.178979  0.000000
  -77.868  -49.325  -49.130  -49.068  -23.460  -23.414  -21.088  -20.232  -14.174  -13.795
  -12.852  -11.459  -10.905  -10.255  -10.227   -9.372   -8.917   -8.762   -7.988   -7.966
   -6.588   -3.903   -3.802   -2.963   -2.274   -1.070   -0.825    2.254    2.709    3.354
    3.430    5.041    5.785    5.988    6.274
            0.305000  0.176092  0.000000
  -77.868  -49.320  -49.129  -49.069  -23.507  -23.460  -21.113  -20.244  -14.115  -13.708
  -12.846  -11.458  -10.870  -10.234  -10.207   -9.342   -8.932   -8.742   -7.989   -7.983
   -6.578   -3.888   -3.795   -2.976   -2.289   -1.009   -0.774    2.269    2.702    3.336
    3.412    5.040    5.793    5.982    6.256
            0.300000  0.173205  0.000000
  -77.869  -49.314  -49.128  -49.070  -23.553  -23.506  -21.139  -20.257  -14.060  -13.619
  -12.836  -11.458  -10.834  -10.213  -10.187   -9.312   -8.947   -8.721   -8.011   -7.977
   -6.568   -3.872   -3.787   -2.990   -2.303   -0.949   -0.723    2.281    2.691    3.311
    3.406    5.039    5.801    5.975    6.235
            0.295000  0.170318  0.000000
  -77.870  -49.309  -49.127  -49.071  -23.599  -23.552  -21.165  -20.270  -14.010  -13.530
  -12.821  -11.459  -10.797  -10.192  -10.166   -9.283   -8.960   -8.701   -8.034   -7.970
   -6.557   -3.855   -3.779   -3.003   -2.318   -0.888   -0.670    2.290    2.676    3.283
    3.407    5.036    5.807    5.965    6.213
            0.290000  0.167432  0.000000
  -77.871  -49.303  -49.125  -49.072  -23.645  -23.597  -21.192  -20.283  -13.964  -13.440
  -12.801  -11.461  -10.759  -10.170  -10.145   -9.254   -8.973   -8.680   -8.056   -7.963
   -6.544   -3.839   -3.771   -3.018   -2.333   -0.826   -0.617    2.296    2.660    3.256
    3.412    5.031    5.810    5.953    6.189
            0.285000  0.164545  0.000000
  -77.872  -49.298  -49.124  -49.073  -23.691  -23.641  -21.219  -20.296  -13.924  -13.349
  -12.775  -11.464  -10.721  -10.148  -10.124   -9.227   -8.983   -8.658   -8.079   -7.956
   -6.531   -3.822   -3.763   -3.033   -2.349   -0.765   -0.563    2.299    2.641    3.230
    3.420    5.025    5.811    5.938    6.163
            0.280000  0.161658  0.000000
  -77.872  -49.292  -49.123  -49.074  -23.736  -23.686  -21.246  -20.310  -13.890  -13.257
  -12.743  -11.467  -10.682  -10.126  -10.103   -9.203   -8.990   -8.637   -8.102   -7.948
   -6.516   -3.806   -3.755   -3.048   -2.365   -0.704   -0.508    2.299    2.619    3.207
    3.429    5.015    5.809    5.922    6.134
            0.275000  0.158771  0.000000
  -77.873  -49.287  -49.122  -49.075  -23.780  -23.730  -21.273  -20.324  -13.862  -13.165
  -12.704  -11.472  -10.642  -10.103  -10.081   -9.183   -8.993   -8.615   -8.125   -7.939
   -6.500   -3.789   -3.747   -3.064   -2.382   -0.642   -0.454    2.295    2.596    3.187
    3.439    5.003    5.802    5.902    6.104
            0.270000  0.155885  0.000000
  -77.874  -49.281  -49.120  -49.076  -23.825  -23.773  -21.300  -20.337  -13.840  -13.073
  -12.659  -11.477  -10.602  -10.081  -10.060   -9.169   -8.988   -8.593   -8.148   -7.930
   -6.484   -3.771   -3.739   -3.079   -2.398   -0.581   -0.399    2.287    2.572    3.170
    3.449    4.987    5.791    5.881    6.071
            0.265000  0.152998  0.000000
  -77.875  -49.275  -49.119  -49.077  -23.868  -23.816  -21.327  -20.351  -13.824  -12.980
  -12.608  -11.482  -10.561  -10.058  -10.037   -9.164   -8.976   -8.570   -8.170   -7.921
   -6.466   -3.754   -3.731   -3.095   -2.415   -0.520   -0.343    2.277    2.546    3.156
    3.459    4.968    5.773    5.857    6.036
            0.260000  0.150111  0.000000
  -77.876  -49.270  -49.118  -49.078  -23.911  -23.859  -21.355  -20.366  -13.814  -12.887
  -12.551  -11.488  -10.520  -10.034  -10.015   -9.164   -8.957   -8.548   -8.193   -7.911
   -6.448   -3.737   -3.722   -3.111   -2.432   -0.459   -0.288    2.264    2.519    3.145
    3.469    4.945    5.751    5.830    5.999
            0.255000  0.147224  0.000000
  -77.876  -49.264  -49.116  -49.080  -23.954  -23.901  -21.382  -20.380  -13.809  -12.794
  -12.489  -11.494  -10.479  -10.011   -9.993   -9.171   -8.933   -8.526   -8.216   -7.900
   -6.428   -3.719   -3.714   -3.127   -2.450   -0.398   -0.233    2.248    2.491    3.136
    3.477    4.917    5.722    5.800    5.959
            0.250000  0.144338  0.000000
  -77.877  -49.258  -49.115  -49.081  -23.996  -23.942  -21.409  -20.394  -13.808  -12.700
  -12.422  -11.500  -10.438   -9.987   -9.970   -9.180   -8.906   -8.503   -8.238   -7.889
   -6.408   -3.706   -3.701   -3.143   -2.468   -0.339   -0.179    2.231    2.463    3.129
    3.484    4.885    5.688    5.769    5.918
            0.245000  0.141451  0.000000
  -77.878  -49.252  -49.114  -49.082  -24.038  -23.983  -21.437  -20.409  -13.811  -12.607
  -12.351  -11.506  -10.396   -9.964   -9.947   -9.193   -8.876   -8.481   -8.259   -7.878
   -6.387   -3.697   -3.684   -3.159   -2.486   -0.280   -0.125    2.212    2.434    3.124
    3.490    4.850    5.650    5.734    5.874
            0.240000  0.138564  0.000000
  -77.879  -49.247  -49.113  -49.083  -24.078  -24.023  -21.464  -20.423  -13.817  -12.515
  -12.277  -11.513  -10.354   -9.940   -9.924   -9.206   -8.845   -8.459   -8.280   -7.865
   -6.365   -3.689   -3.666   -3.175   -2.505   -0.222   -0.071    2.193    2.404    3.120
    3.494    4.810    5.609    5.697    5.829
            0.235000  0.135677  0.000000
  -77.880  -49.241  -49.111  -49.084  -24.119  -24.063  -21.491  -20.438  -13.826  -12.422
  -12.200  -11.518  -10.312   -9.916   -9.901   -9.221   -8.813   -8.439   -8.299   -7.853
   -6.342   -3.680   -3.648   -3.190   -2.523   -0.165   -0.019    2.173    2.376    3.118
    3.496    4.766    5.565    5.658    5.782
            0.230000  0.132791  0.000000
  -77.880  -49.235  -49.110  -49.085  -24.158  -24.102  -21.518  -20.452  -13.837  -12.331
  -12.121  -11.524  -10.270   -9.892   -9.878   -9.236   -8.780   -8.421   -8.316   -7.840
   -6.319   -3.671   -3.630   -3.205   -2.542   -0.110    0.032    2.153    2.347    3.115
    3.496    4.719    5.519    5.617    5.733
            0.225000  0.129904  0.000000
  -77.881  -49.229  -49.109  -49.086  -24.197  -24.140  -21.545  -20.466  -13.851  -12.241
  -12.040  -11.528  -10.228   -9.868   -9.855   -9.251   -8.748   -8.410   -8.325   -7.827
   -6.295   -3.662   -3.612   -3.219   -2.561   -0.056    0.082    2.134    2.319    3.113
    3.494    4.668    5.471    5.574    5.682
            0.220000  0.127017  0.000000
  -77.882  -49.224  -49.107  -49.087  -24.236  -24.178  -21.571  -20.481  -13.866  -12.153
  -11.957  -11.530  -10.186   -9.844   -9.831   -9.267   -8.716   -8.410   -8.323   -7.813
   -6.271   -3.653   -3.594   -3.234   -2.581   -0.005    0.130    2.116    2.292    3.110
    3.490    4.614    5.423    5.529    5.630
            0.215000  0.124130  0.000000
  -77.883  -49.218  -49.106  -49.088  -24.273  -24.215  -21.598  -20.495  -13.882  -12.068
  -11.872  -11.530  -10.144   -9.820   -9.808   -9.283   -8.684   -8.421   -8.310   -7.799
   -6.247   -3.644   -3.576   -3.247   -2.600    0.045    0.177    2.100    2.267    3.107
    3.483    4.558    5.375    5.482    5.577
            0.210000  0.121244  0.000000
  -77.884  -49.213  -49.105  -49.089  -24.310  -24.251  -21.624  -20.509  -13.900  -11.988
  -11.787  -11.526  -10.102   -9.796   -9.784   -9.299   -8.652   -8.437   -8.292   -7.784
   -6.222   -3.634   -3.558   -3.260   -2.620    0.091    0.221    2.086    2.243    3.104
    3.475    4.500    5.327    5.433    5.523
            0.205000  0.118357  0.000000
  -77.884  -49.207  -49.104  -49.090  -24.346  -24.287  -21.649  -20.523  -13.918  -11.915
  -11.701  -11.515  -10.060   -9.772   -9.761   -9.315   -8.621   -8.456   -8.270   -7.770
   -6.197   -3.624   -3.540   -3.273   -2.639    0.135    0.263    2.073    2.222    3.100
    3.464    4.439    5.279    5.383    5.468
            0.200000  0.115470  0.000000
  -77.885  -49.201  -49.102  -49.091  -24.382  -24.322  -21.675  -20.537  -13.937  -11.852
  -11.614  -11.493  -10.018   -9.748   -9.737   -9.331   -8.590   -8.475   -8.248   -7.755
   -6.171   -3.614   -3.523   -3.284   -2.659    0.174    0.302    2.064    2.203    3.095
    3.451    4.377    5.232    5.332    5.411
            0.195000  0.112583  0.000000
  -77.886  -49.196  -49.101  -49.092  -24.417  -24.356  -21.700  -20.551  -13.957  -11.804
  -11.527  -11.458   -9.977   -9.725   -9.714   -9.346   -8.560   -8.495   -8.225   -7.740
   -6.146   -3.604   -3.505   -3.295   -2.679    0.210    0.338    2.057    2.186    3.089
    3.435    4.313    5.186    5.279    5.355
            0.190000  0.109697  0.000000
  -77.887  -49.191  -49.100  -49.094  -24.451  -24.390  -21.725  -20.564  -13.977  -11.771
  -11.440  -11.407   -9.936   -9.701   -9.690   -9.362   -8.531   -8.515   -8.202   -7.725
   -6.120   -3.593   -3.487   -3.305   -2.700    0.242    0.371    2.054    2.172    3.082
    3.418    4.249    5.141    5.226    5.297
            0.185000  0.106810  0.000000
  -77.887  -49.185  -49.099  -49.095  -24.484  -24.423  -21.749  -20.578  -13.998  -11.753
  -11.355  -11.342   -9.895   -9.678   -9.667   -9.377   -8.534   -8.502   -8.178   -7.710
   -6.095   -3.582   -3.470   -3.315   -2.720    0.268    0.401    2.055    2.162    3.075
    3.399    4.184    5.097    5.172    5.240
            0.180000  0.103923  0.000000
  -77.888  -49.180  -49.097  -49.096  -24.517  -24.454  -21.773  -20.591  -14.018  -11.743
  -11.276  -11.262   -9.854   -9.656   -9.643   -9.392   -8.554   -8.473   -8.155   -7.695
   -6.070   -3.571   -3.453   -3.323   -2.740    0.290    0.428    2.058    2.155    3.066
    3.379    4.119    5.053    5.118    5.182
            0.175000  0.101036  0.000000
  -77.889  -49.175  -49.096  -49.096  -24.548  -24.486  -21.797  -20.604  -14.039  -11.740
  -11.198  -11.176   -9.814   -9.633   -9.620   -9.406   -8.573   -8.446   -8.131   -7.681
   -6.045   -3.559   -3.436   -3.331   -2.760    0.307    0.450    2.066    2.152    3.057
    3.357    4.053    5.011    5.063    5.124
            0.170000  0.098150  0.000000
  -77.890  -49.170  -49.097  -49.095  -24.579  -24.516  -21.820  -20.617  -14.060  -11.741
  -11.118  -11.089   -9.774   -9.611   -9.597   -9.420   -8.592   -8.419   -8.108   -7.667
   -6.020   -3.547   -3.419   -3.337   -2.780    0.318    0.469    2.077    2.153    3.048
    3.334    3.988    4.970    5.008    5.066
            0.165000  0.095263  0.000000
  -77.890  -49.165  -49.098  -49.094  -24.609  -24.546  -21.842  -20.629  -14.081  -11.744
  -11.037  -11.002   -9.736   -9.589   -9.574   -9.433   -8.610   -8.393   -8.084   -7.653
   -5.995   -3.535   -3.403   -3.343   -2.800    0.325    0.483    2.091    2.157    3.038
    3.310    3.924    4.930    4.953    5.009
            0.160000  0.092376  0.000000
  -77.891  -49.160  -49.099  -49.093  -24.639  -24.575  -21.864  -20.641  -14.101  -11.749
  -10.956  -10.915   -9.698   -9.567   -9.551   -9.444   -8.628   -8.367   -8.061   -7.640
   -5.971   -3.522   -3.386   -3.347   -2.820    0.326    0.493    2.108    2.166    3.028
    3.286    3.860    4.891    4.898    4.951
            0.155000  0.089489  0.000000
  -77.892  -49.155  -49.100  -49.092  -24.667  -24.603  -21.886  -20.653  -14.122  -11.755
  -10.875  -10.829   -9.661   -9.546   -9.528   -9.455   -8.646   -8.342   -8.038   -7.627
   -5.948   -3.510   -3.370   -3.350   -2.840    0.323    0.499    2.127    2.178    3.017
    3.262    3.797    4.844    4.853    4.895
            0.150000  0.086603  0.000000
  -77.892  -49.150  -49.101  -49.091  -24.695  -24.630  -21.907  -20.665  -14.142  -11.762
  -10.796  -10.744   -9.626   -9.525   -9.506   -9.464   -8.663   -8.318   -8.016   -7.615
   -5.925   -3.496   -3.355   -3.353   -2.860    0.315    0.501    2.148    2.194    3.007
    3.238    3.736    4.790    4.815    4.839
            0.145000  0.083716  0.000000
  -77.893  -49.145  -49.102  -49.090  -24.721  -24.656  -21.928  -20.677  -14.162  -11.769
  -10.717  -10.659   -9.594   -9.505   -9.484   -9.469   -8.680   -8.294   -7.993   -7.604
   -5.903   -3.483   -3.354   -3.339   -2.880    0.303    0.499    2.170    2.213    2.997
    3.215    3.677    4.736    4.779    4.784
            0.140000  0.080829  0.000000
  -77.894  -49.141  -49.103  -49.089  -24.747  -24.682  -21.948  -20.688  -14.182  -11.776
  -10.640  -10.575   -9.568   -9.485   -9.468   -9.463   -8.696   -8.271   -7.971   -7.593
   -5.881   -3.469   -3.354   -3.324   -2.899    0.288    0.493    2.193    2.234    2.988
    3.193    3.621    4.684    4.730    4.743
            0.135000  0.077942  0.000000
  -77.894  -49.136  -49.104  -49.088  -24.773  -24.707  -21.967  -20.699  -14.201  -11.784
  -10.565  -10.493   -9.552   -9.466   -9.457   -9.442   -8.712   -8.249   -7.950   -7.584
   -5.861   -3.455   -3.352   -3.309   -2.918    0.269    0.484    2.216    2.257    2.979
    3.173    3.567    4.632    4.676    4.707
            0.130000  0.075056  0.000000
  -77.895  -49.132  -49.105  -49.087  -24.797  -24.730  -21.986  -20.709  -14.219  -11.791
  -10.492  -10.411   -9.545   -9.447   -9.436   -9.421   -8.727   -8.227   -7.928   -7.575
   -5.841   -3.441   -3.350   -3.295   -2.937    0.248    0.471    2.239    2.280    2.970
    3.156    3.517    4.581    4.624    4.672
            0.125000  0.072169  0.000000
  -77.895  -49.128  -49.105  -49.086  -24.820  -24.753  -22.004  -20.720  -14.238  -11.799
  -10.422  -10.330   -9.544   -9.428   -9.409   -9.401   -8.742   -8.206   -7.907   -7.567
   -5.821   -3.427   -3.346   -3.281   -2.955    0.224    0.455    2.260    2.302    2.960
    3.143    3.472    4.531    4.573    4.638
            0.120000  0.069282  0.000000
  -77.896  -49.124  -49.106  -49.085  -24.843  -24.776  -22.022  -20.730  -14.256  -11.806
  -10.355  -10.251   -9.545   -9.410   -9.381   -9.379   -8.756   -8.185   -7.887   -7.560
   -5.803   -3.413   -3.341   -3.267   -2.974    0.197    0.437    2.281    2.322    2.949
    3.134    3.432    4.482    4.524    4.604
            0.115000  0.066395  0.000000
  -77.897  -49.120  -49.107  -49.084  -24.864  -24.797  -22.039  -20.739  -14.273  -11.814
  -10.291  -10.174   -9.546   -9.393   -9.362   -9.348   -8.770   -8.166   -7.867   -7.555
   -5.786   -3.400   -3.334   -3.254   -2.991    0.170    0.417    2.300    2.340    2.936
    3.130    3.400    4.435    4.476    4.570
            0.110000  0.063509  0.000000
  -77.897  -49.116  -49.108  -49.083  -24.885  -24.817  -22.056  -20.748  -14.290  -11.821
  -10.232  -10.098   -9.545   -9.376   -9.343   -9.317   -8.783   -8.146   -7.848   -7.550
   -5.769   -3.387   -3.326   -3.241   -3.009    0.140    0.395    2.316    2.355    2.920
    3.132    3.375    4.389    4.429    4.536
            0.105000  0.060622  0.000000
  -77.898  -49.113  -49.108  -49.082  -24.905  -24.837  -22.071  -20.757  -14.306  -11.828
  -10.176  -10.023   -9.542   -9.360   -9.325   -9.286   -8.795   -8.128   -7.829   -7.547
   -5.753   -3.374   -3.316   -3.229   -3.026    0.110    0.372    2.329    2.367    2.900
    3.140    3.360    4.344    4.384    4.503
            0.100000  0.057735  0.000000
  -77.898  -49.109  -49.109  -49.082  -24.924  -24.856  -22.087  -20.766  -14.321  -11.835
  -10.125   -9.951   -9.537   -9.345   -9.308   -9.256   -8.807   -8.110   -7.810   -7.545
   -5.739   -3.363   -3.305   -3.217   -3.042    0.079    0.347    2.339    2.376    2.877
    3.152    3.355    4.301    4.340    4.470
            0.095000  0.054848  0.000000
  -77.899  -49.109  -49.106  -49.081  -24.942  -24.873  -22.101  -20.774  -14.336  -11.842
  -10.079   -9.881   -9.528   -9.331   -9.291   -9.226   -8.818   -8.092   -7.793   -7.543
   -5.725   -3.352   -3.292   -3.206   -3.058    0.047    0.322    2.345    2.381    2.851
    3.170    3.359    4.260    4.298    4.438
            0.090000  0.051962  0.000000
  -77.899  -49.110  -49.103  -49.080  -24.959  -24.890  -22.115  -20.782  -14.351  -11.848
  -10.039   -9.812   -9.517   -9.317   -9.275   -9.198   -8.828   -8.075   -7.776   -7.543
   -5.712   -3.341   -3.278   -3.196   -3.073    0.015    0.296    2.349    2.383    2.821
    3.191    3.372    4.220    4.258    4.405
            0.085000  0.049075  0.000000
  -77.899  -49.111  -49.099  -49.079  -24.976  -24.906  -22.128  -20.789  -14.364  -11.855
  -10.005   -9.747   -9.501   -9.303   -9.259   -9.170   -8.838   -8.059   -7.760   -7.544
   -5.700   -3.331   -3.264   -3.186   -3.087   -0.017    0.270    2.350    2.382    2.791
    3.216    3.393    4.182    4.220    4.373
            0.080000  0.046188  0.000000
  -77.900  -49.111  -49.097  -49.079  -24.991  -24.921  -22.140  -20.796  -14.377  -11.860
   -9.977   -9.683   -9.482   -9.291   -9.245   -9.144   -8.847   -8.044   -7.744   -7.546
   -5.689   -3.321   -3.249   -3.177   -3.101   -0.048    0.243    2.348    2.379    2.759
    3.243    3.420    4.146    4.184    4.341
            0.075000  0.043301  0.000000
  -77.900  -49.112  -49.094  -49.078  -25.005  -24.936  -22.152  -20.803  -14.389  -11.866
   -9.954   -9.622   -9.460   -9.280   -9.231   -9.118   -8.855   -8.029   -7.729   -7.549
   -5.679   -3.312   -3.234   -3.169   -3.113   -0.079    0.218    2.344    2.375    2.727
    3.274    3.451    4.112    4.149    4.309
            0.070000  0.040415  0.000000
  -77.901  -49.112  -49.091  -49.078  -25.019  -24.949  -22.163  -20.809  -14.401  -11.871
   -9.936   -9.564   -9.435   -9.269   -9.218   -9.093   -8.863   -8.015   -7.715   -7.552
   -5.670   -3.303   -3.219   -3.163   -3.123   -0.110    0.192    2.339    2.368    2.696
    3.307    3.487    4.080    4.117    4.277
            0.065000  0.037528  0.000000
  -77.901  -49.113  -49.089  -49.077  -25.032  -24.961  -22.173  -20.814  -14.412  -11.876
   -9.922   -9.509   -9.409   -9.259   -9.205   -9.070   -8.870   -8.001   -7.702   -7.557
   -5.662   -3.293   -3.205   -3.160   -3.129   -0.139    0.168    2.332    2.361    2.666
    3.341    3.524    4.049    4.086    4.246
            0.060000  0.034641  0.000000
  -77.901  -49.113  -49.087  -49.076  -25.043  -24.973  -22.183  -20.820  -14.422  -11.881
   -9.912   -9.458   -9.382   -9.250   -9.194   -9.048   -8.876   -7.989   -7.690   -7.562
   -5.654   -3.284   -3.190   -3.163   -3.130   -0.167    0.144    2.325    2.352    2.638
    3.377    3.564    4.021    4.058    4.214
            0.055000  0.031754  0.000000
  -77.901  -49.113  -49.085  -49.076  -25.054  -24.984  -22.191  -20.825  -14.431  -11.885
   -9.904   -9.410   -9.355   -9.241   -9.183   -9.027   -8.882   -7.976   -7.679   -7.567
   -5.648   -3.276   -3.176   -3.171   -3.126   -0.194    0.121    2.317    2.344    2.611
    3.414    3.603    3.995    4.032    4.183
            0.050000  0.028868  0.000000
  -77.902  -49.114  -49.083  -49.076  -25.064  -24.993  -22.199  -20.829  -14.440  -11.889
   -9.899   -9.366   -9.327   -9.234   -9.173   -9.008   -8.887   -7.965   -7.668   -7.573
   -5.642   -3.268   -3.179   -3.163   -3.121   -0.219    0.100    2.309    2.335    2.586
    3.452    3.642    3.971    4.008    4.151
            0.045000  0.025981  0.000000
  -77.902  -49.114  -49.081  -49.075  -25.073  -25.002  -22.207  -20.833  -14.447  -11.893
   -9.895   -9.328   -9.299   -9.227   -9.164   -8.990   -8.892   -7.955   -7.658   -7.579
   -5.637   -3.260   -3.187   -3.151   -3.116   -0.242    0.080    2.301    2.327    2.564
    3.489    3.681    3.949    3.986    4.120
            0.040000  0.023094  0.000000
  -77.902  -49.114  -49.079  -49.075  -25.081  -25.010  -22.213  -20.837  -14.454  -11.896
   -9.892   -9.298   -9.269   -9.221   -9.156   -8.974   -8.895   -7.945   -7.650   -7.585
   -5.632   -3.253   -3.194   -3.139   -3.112   -0.264    0.062    2.293    2.319    2.543
    3.527    3.718    3.930    3.966    4.089
            0.035000  0.020207  0.000000
  -77.902  -49.115  -49.078  -49.075  -25.088  -25.017  -22.219  -20.840  -14.460  -11.899
   -9.890   -9.273   -9.238   -9.216   -9.149   -8.959   -8.899   -7.936   -7.642   -7.592
   -5.628   -3.246   -3.201   -3.129   -3.107   -0.283    0.046    2.285    2.311    2.525
    3.565    3.752    3.912    3.949    4.058
            0.030000  0.017321  0.000000
  -77.902  -49.115  -49.077  -49.074  -25.094  -25.023  -22.224  -20.843  -14.466  -11.901
   -9.889   -9.254   -9.212   -9.210   -9.143   -8.946   -8.902   -7.929   -7.635   -7.598
   -5.625   -3.241   -3.207   -3.119   -3.103   -0.300    0.031    2.278    2.304    2.510
    3.603    3.784    3.897    3.934    4.027
            0.025000  0.014434  0.000000
  -77.903  -49.115  -49.076  -49.074  -25.099  -25.028  -22.228  -20.846  -14.470  -11.903
   -9.888   -9.237   -9.208   -9.184   -9.137   -8.935   -8.904   -7.922   -7.630   -7.603
   -5.622   -3.235   -3.212   -3.111   -3.100   -0.315    0.019    2.272    2.298    2.497
    3.639    3.812    3.884    3.921    3.995
            0.020000  0.011547  0.000000
  -77.903  -49.115  -49.075  -49.074  -25.103  -25.032  -22.232  -20.848  -14.474  -11.905
   -9.888   -9.224   -9.205   -9.163   -9.133   -8.925   -8.906   -7.916   -7.625   -7.608
   -5.620   -3.231   -3.216   -3.105   -3.097   -0.327    0.009    2.267    2.293    2.486
    3.675    3.836    3.874    3.911    3.965
            0.015000  0.008660  0.000000
  -77.903  -49.115  -49.074  -49.074  -25.107  -25.035  -22.234  -20.849  -14.477  -11.906
   -9.888   -9.213   -9.203   -9.147   -9.130   -8.918   -8.907   -7.912   -7.621   -7.612
   -5.618   -3.228   -3.220   -3.099   -3.095   -0.337    0.000    2.263    2.289    2.478
    3.710    3.855    3.866    3.902    3.935
            0.010000  0.005774  0.000000
  -77.903  -49.115  -49.074  -49.074  -25.109  -25.038  -22.236  -20.850  -14.479  -11.907
   -9.888   -9.206   -9.202   -9.135   -9.127   -8.913   -8.908   -7.908   -7.619   -7.615
   -5.617   -3.226   -3.222   -3.096   -3.094   -0.344   -0.005    2.260    2.286    2.472
    3.743    3.860    3.866    3.897    3.908
            0.005000  0.002887  0.000000
  -77.903  -49.115  -49.074  -49.074  -25.110  -25.039  -22.237  -20.851  -14.480  -11.908
   -9.888   -9.202   -9.201   -9.128   -9.126   -8.910   -8.909   -7.906   -7.617   -7.616
   -5.616   -3.224   -3.223   -3.093   -3.093   -0.348   -0.009    2.258    2.284    2.468
    3.770    3.856    3.863    3.893    3.893
            0.000000  0.000000  0.000000
  -77.903  -49.115  -49.074  -49.074  -25.111  -25.039  -22.238  -20.851  -14.480  -11.908
   -9.888   -9.200   -9.200   -9.125   -9.125   -8.909   -8.909   -7.906   -7.617   -7.617
   -5.616   -3.224   -3.223   -3.093   -3.092   -0.349   -0.010    2.257    2.283    2.467
    3.784    3.855    3.855    3.892    3.892
