 &plot nbnd=  35, nks=   261 /
            0.000000  0.000000  0.000000
  -77.813  -49.011  -49.011  -48.989  -24.672  -24.595  -21.877  -20.476  -14.105  -11.490
   -9.529   -9.211   -9.211   -9.157   -9.157   -8.826   -8.826   -7.580   -7.527   -7.526
   -5.402   -3.237   -3.236   -3.074   -3.074   -0.662   -0.350    2.029    2.089    2.158
    3.414    3.415    3.473    3.474    3.595
            0.003333  0.005774  0.000000
  -77.813  -49.011  -49.011  -48.989  -24.672  -24.594  -21.876  -20.475  -14.105  -11.490
   -9.529   -9.213   -9.212   -9.160   -9.158   -8.827   -8.825   -7.585   -7.527   -7.522
   -5.402   -3.237   -3.237   -3.075   -3.074   -0.660   -0.348    2.031    2.090    2.159
    3.406    3.416    3.466    3.475    3.607
            0.006667  0.011547  0.000000
  -77.813  -49.012  -49.011  -48.988  -24.670  -24.593  -21.875  -20.475  -14.103  -11.489
   -9.531   -9.217   -9.214   -9.169   -9.160   -8.830   -8.824   -7.598   -7.529   -7.510
   -5.403   -3.239   -3.235   -3.078   -3.075   -0.654   -0.343    2.035    2.093    2.161
    3.381    3.421    3.449    3.479    3.636
            0.010000  0.017321  0.000000
  -77.813  -49.012  -49.011  -48.988  -24.667  -24.590  -21.872  -20.473  -14.101  -11.488
   -9.535   -9.223   -9.216   -9.184   -9.163   -8.836   -8.823   -7.613   -7.532   -7.495
   -5.405   -3.242   -3.232   -3.082   -3.077   -0.644   -0.334    2.043    2.097    2.165
    3.345    3.427    3.431    3.487    3.672
            0.013333  0.023094  0.000000
  -77.813  -49.013  -49.012  -48.988  -24.663  -24.586  -21.869  -20.472  -14.097  -11.486
   -9.541   -9.232   -9.222   -9.203   -9.168   -8.845   -8.821   -7.629   -7.537   -7.480
   -5.408   -3.246   -3.227   -3.088   -3.080   -0.630   -0.322    2.054    2.102    2.170
    3.304    3.404    3.440    3.497    3.710
            0.016667  0.028868  0.000000
  -77.813  -49.014  -49.012  -48.988  -24.657  -24.580  -21.865  -20.469  -14.093  -11.484
   -9.549   -9.242   -9.237   -9.218   -9.174   -8.855   -8.818   -7.645   -7.543   -7.465
   -5.411   -3.251   -3.222   -3.096   -3.083   -0.612   -0.307    2.067    2.109    2.176
    3.259    3.374    3.453    3.511    3.750
            0.020000  0.034641  0.000000
  -77.813  -49.015  -49.012  -48.988  -24.651  -24.574  -21.860  -20.466  -14.087  -11.482
   -9.560   -9.269   -9.252   -9.226   -9.181   -8.867   -8.814   -7.662   -7.550   -7.450
   -5.415   -3.257   -3.216   -3.105   -3.088   -0.591   -0.288    2.082    2.118    2.185
    3.212    3.340    3.470    3.528    3.790
            0.023333  0.040415  0.000000
  -77.813  -49.016  -49.012  -48.988  -24.643  -24.566  -21.854  -20.463  -14.081  -11.479
   -9.575   -9.306   -9.262   -9.233   -9.191   -8.882   -8.810   -7.679   -7.559   -7.435
   -5.420   -3.265   -3.208   -3.116   -3.092   -0.567   -0.267    2.099    2.128    2.196
    3.163    3.303    3.490    3.547    3.831
            0.026667  0.046188  0.000000
  -77.812  -49.018  -49.013  -48.987  -24.634  -24.558  -21.847  -20.459  -14.074  -11.475
   -9.594   -9.348   -9.272   -9.240   -9.202   -8.898   -8.806   -7.697   -7.569   -7.421
   -5.426   -3.273   -3.199   -3.128   -3.098   -0.539   -0.242    2.116    2.139    2.209
    3.114    3.261    3.513    3.570    3.872
            0.030000  0.051962  0.000000
  -77.812  -49.019  -49.013  -48.987  -24.624  -24.548  -21.839  -20.455  -14.065  -11.471
   -9.619   -9.395   -9.281   -9.249   -9.214   -8.915   -8.800   -7.714   -7.580   -7.407
   -5.433   -3.281   -3.190   -3.140   -3.104   -0.508   -0.216    2.132    2.151    2.227
    3.064    3.218    3.539    3.596    3.913
            0.033333  0.057735  0.000000
  -77.812  -49.021  -49.013  -48.987  -24.613  -24.537  -21.830  -20.450  -14.056  -11.467
   -9.649   -9.447   -9.287   -9.259   -9.228   -8.934   -8.794   -7.731   -7.594   -7.395
   -5.441   -3.291   -3.180   -3.153   -3.110   -0.475   -0.186    2.147    2.164    2.249
    3.014    3.172    3.567    3.625    3.954
            0.036667  0.063509  0.000000
  -77.812  -49.023  -49.014  -48.986  -24.601  -24.525  -21.820  -20.445  -14.046  -11.462
   -9.684   -9.503   -9.293   -9.270   -9.243   -8.954   -8.788   -7.748   -7.608   -7.383
   -5.450   -3.300   -3.173   -3.165   -3.116   -0.439   -0.155    2.160    2.176    2.275
    2.965    3.126    3.598    3.657    3.996
            0.040000  0.069282  0.000000
  -77.811  -49.025  -49.014  -48.986  -24.587  -24.511  -21.810  -20.439  -14.035  -11.457
   -9.725   -9.563   -9.297   -9.283   -9.259   -8.975   -8.780   -7.766   -7.625   -7.372
   -5.460   -3.310   -3.184   -3.162   -3.119   -0.401   -0.122    2.172    2.187    2.305
    2.917    3.079    3.632    3.691    4.038
            0.043333  0.075056  0.000000
  -77.811  -49.028  -49.015  -48.986  -24.572  -24.497  -21.798  -20.433  -14.023  -11.452
   -9.772   -9.626   -9.304   -9.296   -9.272   -8.997   -8.772   -7.783   -7.643   -7.363
   -5.471   -3.320   -3.198   -3.160   -3.116   -0.361   -0.087    2.181    2.196    2.339
    2.870    3.034    3.669    3.729    4.080
            0.046667  0.080829  0.000000
  -77.811  -49.030  -49.016  -48.985  -24.557  -24.481  -21.786  -20.426  -14.010  -11.446
   -9.823   -9.693   -9.318   -9.312   -9.277   -9.020   -8.764   -7.800   -7.662   -7.354
   -5.484   -3.330   -3.213   -3.165   -3.106   -0.320   -0.051    2.187    2.204    2.376
    2.826    2.990    3.707    3.771    4.124
            0.050000  0.086603  0.000000
  -77.810  -49.033  -49.016  -48.985  -24.540  -24.464  -21.773  -20.419  -13.997  -11.440
   -9.878   -9.762   -9.340   -9.328   -9.276   -9.044   -8.754   -7.817   -7.684   -7.346
   -5.498   -3.341   -3.228   -3.174   -3.093   -0.277   -0.013    2.191    2.209    2.414
    2.786    2.949    3.747    3.815    4.168
            0.053333  0.092376  0.000000
  -77.810  -49.036  -49.017  -48.984  -24.521  -24.447  -21.759  -20.411  -13.982  -11.433
   -9.937   -9.835   -9.365   -9.346   -9.271   -9.068   -8.744   -7.835   -7.707   -7.340
   -5.512   -3.351   -3.243   -3.185   -3.076   -0.234    0.025    2.190    2.211    2.454
    2.750    2.913    3.789    3.862    4.214
            0.056667  0.098150  0.000000
  -77.810  -49.039  -49.018  -48.983  -24.502  -24.428  -21.744  -20.403  -13.967  -11.427
  -10.000   -9.910   -9.393   -9.365   -9.265   -9.092   -8.733   -7.852   -7.732   -7.334
   -5.528   -3.360   -3.257   -3.197   -3.059   -0.189    0.064    2.184    2.207    2.494
    2.722    2.882    3.831    3.912    4.261
            0.060000  0.103923  0.000000
  -77.809  -49.042  -49.019  -48.983  -24.482  -24.407  -21.728  -20.394  -13.951  -11.420
  -10.067   -9.987   -9.423   -9.386   -9.257   -9.117   -8.721   -7.868   -7.759   -7.330
   -5.546   -3.370   -3.271   -3.210   -3.040   -0.145    0.103    2.173    2.197    2.535
    2.702    2.859    3.873    3.965    4.310
            0.063333  0.109697  0.000000
  -77.809  -49.045  -49.019  -48.982  -24.460  -24.386  -21.712  -20.385  -13.934  -11.412
  -10.136  -10.067   -9.456   -9.408   -9.248   -9.142   -8.709   -7.885   -7.787   -7.326
   -5.564   -3.379   -3.285   -3.225   -3.020   -0.099    0.143    2.156    2.179    2.573
    2.690    2.845    3.916    4.021    4.361
            0.066667  0.115470  0.000000
  -77.808  -49.049  -49.020  -48.982  -24.437  -24.364  -21.695  -20.376  -13.917  -11.405
  -10.208  -10.148   -9.490   -9.432   -9.239   -9.166   -8.696   -7.902   -7.817   -7.324
   -5.584   -3.388   -3.298   -3.240   -2.999   -0.054    0.182    2.133    2.155    2.609
    2.688    2.842    3.957    4.080    4.415
            0.070000  0.121244  0.000000
  -77.808  -49.052  -49.021  -48.981  -24.414  -24.340  -21.677  -20.366  -13.899  -11.398
  -10.282  -10.231   -9.526   -9.458   -9.231   -9.189   -8.683   -7.918   -7.849   -7.323
   -5.604   -3.397   -3.310   -3.256   -2.977   -0.009    0.221    2.105    2.124    2.640
    2.694    2.850    3.997    4.140    4.472
            0.073333  0.127017  0.000000
  -77.807  -49.056  -49.022  -48.980  -24.389  -24.316  -21.658  -20.356  -13.881  -11.390
  -10.359  -10.315   -9.565   -9.485   -9.236   -9.198   -8.668   -7.934   -7.882   -7.323
   -5.626   -3.406   -3.321   -3.272   -2.955    0.035    0.260    2.071    2.089    2.667
    2.708    2.869    4.035    4.203    4.533
            0.076667  0.132791  0.000000
  -77.807  -49.060  -49.023  -48.979  -24.363  -24.290  -21.638  -20.346  -13.862  -11.383
  -10.437  -10.400   -9.605   -9.514   -9.257   -9.192   -8.654   -7.951   -7.916   -7.324
   -5.649   -3.414   -3.331   -3.289   -2.932    0.078    0.298    2.035    2.051    2.690
    2.726    2.898    4.071    4.267    4.597
            0.080000  0.138564  0.000000
  -77.806  -49.064  -49.024  -48.979  -24.336  -24.264  -21.618  -20.335  -13.842  -11.376
  -10.517  -10.485   -9.646   -9.544   -9.283   -9.180   -8.639   -7.972   -7.948   -7.325
   -5.673   -3.423   -3.340   -3.307   -2.908    0.121    0.335    1.995    2.010    2.712
    2.748    2.934    4.105    4.332    4.664
            0.083333  0.144338  0.000000
  -77.806  -49.068  -49.025  -48.978  -24.308  -24.236  -21.597  -20.323  -13.822  -11.370
  -10.598  -10.571   -9.690   -9.576   -9.311   -9.166   -8.623   -8.002   -7.971   -7.328
   -5.697   -3.431   -3.348   -3.324   -2.884    0.162    0.370    1.954    1.969    2.734
    2.772    2.975    4.136    4.397    4.734
            0.086667  0.150111  0.000000
  -77.805  -49.072  -49.026  -48.977  -24.278  -24.207  -21.576  -20.312  -13.802  -11.365
  -10.681  -10.657   -9.734   -9.609   -9.339   -9.152   -8.607   -8.039   -7.987   -7.332
   -5.723   -3.440   -3.354   -3.343   -2.859    0.201    0.404    1.912    1.927    2.756
    2.799    3.019    4.164    4.462    4.808
            0.090000  0.155885  0.000000
  -77.804  -49.077  -49.028  -48.976  -24.248  -24.177  -21.554  -20.300  -13.781  -11.361
  -10.764  -10.742   -9.780   -9.644   -9.368   -9.137   -8.591   -8.080   -8.001   -7.337
   -5.749   -3.449   -3.362   -3.358   -2.834    0.239    0.436    1.870    1.887    2.778
    2.828    3.065    4.190    4.526    4.885
            0.093333  0.161658  0.000000
  -77.804  -49.081  -49.029  -48.975  -24.217  -24.147  -21.531  -20.288  -13.761  -11.359
  -10.848  -10.824   -9.828   -9.680   -9.398   -9.121   -8.574   -8.122   -8.014   -7.342
   -5.776   -3.459   -3.380   -3.362   -2.809    0.274    0.466    1.830    1.848    2.800
    2.860    3.113    4.213    4.589    4.964
            0.096667  0.167432  0.000000
  -77.803  -49.085  -49.030  -48.975  -24.185  -24.115  -21.508  -20.275  -13.740  -11.362
  -10.933  -10.904   -9.876   -9.718   -9.429   -9.105   -8.558   -8.166   -8.027   -7.348
   -5.803   -3.470   -3.397   -3.364   -2.783    0.306    0.493    1.792    1.811    2.822
    2.893    3.160    4.234    4.649    5.046
            0.100000  0.173205  0.000000
  -77.803  -49.090  -49.032  -48.974  -24.151  -24.082  -21.484  -20.262  -13.719  -11.371
  -11.017  -10.977   -9.926   -9.758   -9.460   -9.088   -8.541   -8.211   -8.038   -7.356
   -5.831   -3.482   -3.415   -3.365   -2.757    0.335    0.517    1.756    1.776    2.844
    2.927    3.209    4.253    4.706    5.129
            0.103333  0.178979  0.000000
  -77.802  -49.095  -49.033  -48.973  -24.117  -24.048  -21.459  -20.249  -13.698  -11.390
  -11.101  -11.040   -9.977   -9.799   -9.491   -9.071   -8.525   -8.256   -8.049   -7.364
   -5.859   -3.496   -3.431   -3.365   -2.731    0.361    0.539    1.723    1.745    2.866
    2.963    3.257    4.270    4.761    5.213
            0.106667  0.184752  0.000000
  -77.801  -49.099  -49.034  -48.972  -24.082  -24.013  -21.434  -20.236  -13.678  -11.425
  -11.185  -11.089  -10.029   -9.842   -9.523   -9.054   -8.511   -8.301   -8.058   -7.372
   -5.887   -3.511   -3.446   -3.363   -2.705    0.383    0.557    1.695    1.717    2.887
    2.999    3.306    4.285    4.813    5.298
            0.110000  0.190526  0.000000
  -77.801  -49.104  -49.036  -48.971  -24.045  -23.978  -21.409  -20.222  -13.657  -11.476
  -11.268  -11.121  -10.081   -9.886   -9.555   -9.037   -8.499   -8.345   -8.067   -7.382
   -5.916   -3.528   -3.459   -3.360   -2.679    0.401    0.571    1.670    1.694    2.906
    3.037    3.354    4.299    4.862    5.383
            0.113333  0.196299  0.000000
  -77.800  -49.109  -49.037  -48.970  -24.008  -23.941  -21.383  -20.208  -13.638  -11.542
  -11.351  -11.138  -10.135   -9.932   -9.588   -9.019   -8.493   -8.383   -8.075   -7.392
   -5.944   -3.546   -3.472   -3.356   -2.653    0.414    0.581    1.651    1.674    2.925
    3.075    3.403    4.312    4.908    5.467
            0.116667  0.202073  0.000000
  -77.799  -49.113  -49.039  -48.969  -23.970  -23.903  -21.357  -20.195  -13.619  -11.617
  -11.433  -11.145  -10.190   -9.979   -9.621   -9.002   -8.505   -8.404   -8.082   -7.404
   -5.973   -3.565   -3.483   -3.351   -2.627    0.423    0.587    1.636    1.660    2.943
    3.113    3.453    4.324    4.952    5.549
            0.120000  0.207846  0.000000
  -77.799  -49.118  -49.041  -48.968  -23.931  -23.865  -21.330  -20.180  -13.600  -11.699
  -11.514  -11.146  -10.245  -10.027   -9.655   -8.984   -8.539   -8.406   -8.088   -7.415
   -6.001   -3.586   -3.494   -3.345   -2.601    0.427    0.590    1.627    1.650    2.959
    3.152    3.502    4.335    4.995    5.630
            0.123333  0.213620  0.000000
  -77.798  -49.123  -49.042  -48.967  -23.891  -23.825  -21.303  -20.166  -13.583  -11.784
  -11.593  -11.143  -10.301  -10.077   -9.689   -8.967   -8.583   -8.397   -8.092   -7.428
   -6.030   -3.606   -3.504   -3.338   -2.576    0.427    0.588    1.622    1.644    2.974
    3.190    3.552    4.346    5.035    5.707
            0.126667  0.219393  0.000000
  -77.797  -49.128  -49.044  -48.966  -23.850  -23.785  -21.276  -20.152  -13.568  -11.872
  -11.670  -11.137  -10.357  -10.128   -9.723   -8.950   -8.631   -8.385   -8.096   -7.441
   -6.057   -3.627   -3.514   -3.330   -2.551    0.422    0.582    1.622    1.644    2.987
    3.229    3.603    4.358    5.075    5.781
            0.130000  0.225167  0.000000
  -77.796  -49.133  -49.046  -48.965  -23.808  -23.744  -21.248  -20.138  -13.553  -11.960
  -11.746  -11.129  -10.415  -10.180   -9.757   -8.934   -8.681   -8.372   -8.098   -7.455
   -6.085   -3.649   -3.524   -3.322   -2.526    0.413    0.572    1.627    1.647    2.998
    3.267    3.654    4.369    5.113    5.851
            0.133333  0.230940  0.000000
  -77.796  -49.138  -49.048  -48.964  -23.766  -23.702  -21.220  -20.123  -13.541  -12.050
  -11.819  -11.121  -10.473  -10.234   -9.792   -8.920   -8.730   -8.359   -8.099   -7.470
   -6.112   -3.670   -3.534   -3.312   -2.502    0.401    0.560    1.637    1.655    3.008
    3.305    3.706    4.382    5.149    5.915
            0.136667  0.236714  0.000000
  -77.795  -49.142  -49.049  -48.963  -23.722  -23.659  -21.192  -20.108  -13.531  -12.139
  -11.889  -11.111  -10.531  -10.288   -9.826   -8.909   -8.776   -8.346   -8.099   -7.485
   -6.138   -3.691   -3.544   -3.302   -2.479    0.386    0.545    1.649    1.667    3.016
    3.342    3.758    4.396    5.184    5.973
            0.140000  0.242487  0.000000
  -77.794  -49.147  -49.051  -48.962  -23.678  -23.615  -21.164  -20.094  -13.524  -12.229
  -11.956  -11.102  -10.590  -10.343   -9.860   -8.910   -8.812   -8.335   -8.097   -7.501
   -6.164   -3.711   -3.554   -3.292   -2.456    0.368    0.527    1.665    1.681    3.023
    3.378    3.812    4.412    5.217    6.025
            0.143333  0.248261  0.000000
  -77.794  -49.152  -49.053  -48.961  -23.633  -23.571  -21.136  -20.079  -13.519  -12.318
  -12.019  -11.092  -10.649  -10.400   -9.895   -8.935   -8.824   -8.325   -8.094   -7.518
   -6.189   -3.732   -3.564   -3.281   -2.433    0.348    0.508    1.683    1.699    3.029
    3.412    3.866    4.430    5.247    6.070
            0.146667  0.254034  0.000000
  -77.793  -49.157  -49.055  -48.960  -23.587  -23.526  -21.107  -20.065  -13.518  -12.407
  -12.077  -11.082  -10.709  -10.456   -9.929   -8.978   -8.818   -8.316   -8.089   -7.535
   -6.213   -3.752   -3.574   -3.269   -2.412    0.327    0.487    1.704    1.720    3.034
    3.446    3.921    4.451    5.275    6.107
            0.150000  0.259808  0.000000
  -77.792  -49.162  -49.057  -48.959  -23.541  -23.480  -21.079  -20.050  -13.521  -12.495
  -12.132  -11.073  -10.770  -10.513   -9.963   -9.027   -8.806   -8.308   -8.083   -7.553
   -6.236   -3.771   -3.585   -3.257   -2.391    0.304    0.464    1.726    1.742    3.038
    3.478    3.977    4.474    5.298    6.136
            0.153333  0.265581  0.000000
  -77.791  -49.166  -49.059  -48.958  -23.493  -23.434  -21.050  -20.036  -13.528  -12.582
  -12.181  -11.065  -10.830  -10.570   -9.997   -9.080   -8.792   -8.303   -8.075   -7.571
   -6.258   -3.790   -3.596   -3.245   -2.372    0.281    0.441    1.749    1.766    3.042
    3.508    4.034    4.501    5.318    6.157
            0.156667  0.271355  0.000000
  -77.791  -49.171  -49.061  -48.957  -23.446  -23.386  -21.022  -20.022  -13.540  -12.669
  -12.224  -11.059  -10.891  -10.626  -10.030   -9.133   -8.776   -8.298   -8.066   -7.590
   -6.278   -3.808   -3.607   -3.232   -2.353    0.257    0.418    1.773    1.792    3.045
    3.536    4.091    4.531    5.332    6.169
            0.160000  0.277128  0.000000
  -77.790  -49.175  -49.064  -48.956  -23.397  -23.339  -20.993  -20.008  -13.556  -12.754
  -12.262  -11.056  -10.951  -10.680  -10.064   -9.187   -8.761   -8.296   -8.057   -7.609
   -6.298   -3.825   -3.618   -3.219   -2.335    0.233    0.394    1.799    1.818    3.049
    3.563    4.148    4.564    5.342    6.170
            0.163333  0.282902  0.000000
  -77.789  -49.180  -49.066  -48.955  -23.348  -23.290  -20.965  -19.994  -13.578  -12.838
  -12.294  -11.062  -11.007  -10.730  -10.096   -9.240   -8.745   -8.295   -8.046   -7.629
   -6.316   -3.842   -3.629   -3.205   -2.318    0.209    0.370    1.825    1.845    3.053
    3.588    4.206    4.601    5.346    6.152
            0.166667  0.288675  0.000000
  -77.788  -49.184  -49.068  -48.954  -23.298  -23.241  -20.937  -19.980  -13.604  -12.921
  -12.321  -11.093  -11.045  -10.775  -10.128   -9.294   -8.730   -8.295   -8.035   -7.648
   -6.333   -3.858   -3.641   -3.192   -2.302    0.186    0.346    1.851    1.871    3.057
    3.612    4.263    4.642    5.346    6.112
            0.170000  0.294449  0.000000
  -77.788  -49.189  -49.070  -48.953  -23.248  -23.192  -20.909  -19.966  -13.635  -13.003
  -12.342  -11.148  -11.068  -10.810  -10.160   -9.347   -8.715   -8.298   -8.022   -7.669
   -6.349   -3.873   -3.653   -3.178   -2.288    0.163    0.322    1.878    1.898    3.063
    3.634    4.319    4.687    5.341    6.059
            0.173333  0.300222  0.000000
  -77.787  -49.193  -49.073  -48.952  -23.198  -23.142  -20.882  -19.953  -13.669  -13.084
  -12.357  -11.209  -11.098  -10.834  -10.191   -9.400   -8.700   -8.302   -8.010   -7.689
   -6.362   -3.888   -3.665   -3.164   -2.275    0.140    0.299    1.904    1.925    3.070
    3.654    4.374    4.735    5.334    5.999
            0.176667  0.305996  0.000000
  -77.786  -49.197  -49.075  -48.951  -23.146  -23.092  -20.854  -19.940  -13.708  -13.163
  -12.368  -11.272  -11.139  -10.847  -10.222   -9.452   -8.685   -8.307   -7.997   -7.710
   -6.375   -3.902   -3.677   -3.149   -2.262    0.119    0.276    1.929    1.952    3.078
    3.674    4.427    4.786    5.325    5.935
            0.180000  0.311769  0.000000
  -77.786  -49.201  -49.077  -48.950  -23.095  -23.041  -20.827  -19.927  -13.750  -13.240
  -12.374  -11.335  -11.189  -10.851  -10.251   -9.503   -8.671   -8.315   -7.985   -7.730
   -6.386   -3.915   -3.689   -3.135   -2.251    0.098    0.254    1.954    1.979    3.089
    3.693    4.477    4.841    5.317    5.870
            0.183333  0.317543  0.000000
  -77.785  -49.205  -49.080  -48.949  -23.043  -22.990  -20.801  -19.915  -13.795  -13.316
  -12.376  -11.398  -11.245  -10.849  -10.281   -9.554   -8.658   -8.324   -7.972   -7.750
   -6.395   -3.928   -3.701   -3.120   -2.242    0.078    0.232    1.976    2.007    3.101
    3.711    4.523    4.898    5.311    5.804
            0.186667  0.323316  0.000000
  -77.784  -49.209  -49.082  -48.948  -22.991  -22.938  -20.775  -19.902  -13.842  -13.391
  -12.375  -11.461  -11.305  -10.844  -10.309   -9.603   -8.645   -8.335   -7.960   -7.769
   -6.402   -3.940   -3.713   -3.105   -2.233    0.058    0.211    1.997    2.036    3.115
    3.728    4.563    4.958    5.309    5.739
            0.190000  0.329090  0.000000
  -77.784  -49.212  -49.085  -48.947  -22.938  -22.886  -20.749  -19.891  -13.890  -13.463
  -12.371  -11.525  -11.368  -10.836  -10.337   -9.652   -8.633   -8.347   -7.950   -7.786
   -6.407   -3.952   -3.724   -3.091   -2.226    0.040    0.190    2.016    2.064    3.131
    3.746    4.595    5.021    5.312    5.676
            0.193333  0.334863  0.000000
  -77.783  -49.216  -49.087  -48.946  -22.885  -22.834  -20.724  -19.879  -13.940  -13.534
  -12.364  -11.588  -11.432  -10.828  -10.363   -9.698   -8.622   -8.362   -7.941   -7.801
   -6.411   -3.965   -3.734   -3.076   -2.220    0.023    0.171    2.033    2.093    3.149
    3.764    4.620    5.085    5.320    5.617
            0.196667  0.340637  0.000000
  -77.782  -49.219  -49.090  -48.945  -22.832  -22.782  -20.699  -19.869  -13.991  -13.603
  -12.356  -11.652  -11.498  -10.819  -10.389   -9.744   -8.612   -8.378   -7.937   -7.812
   -6.414   -3.977   -3.744   -3.061   -2.215    0.006    0.152    2.048    2.123    3.170
    3.781    4.637    5.150    5.330    5.567
            0.200000  0.346410  0.000000
  -77.782  -49.223  -49.093  -48.944  -22.779  -22.730  -20.676  -19.858  -14.042  -13.670
  -12.346  -11.714  -11.564  -10.810  -10.415   -9.788   -8.604   -8.395   -7.938   -7.817
   -6.414   -3.990   -3.752   -3.047   -2.211   -0.010    0.134    2.061    2.152    3.193
    3.800    4.645    5.215    5.336    5.534
            0.203333  0.352184  0.000000
  -77.781  -49.226  -49.095  -48.943  -22.726  -22.678  -20.652  -19.848  -14.092  -13.735
  -12.335  -11.776  -11.632  -10.801  -10.439   -9.829   -8.598   -8.414   -7.945   -7.815
   -6.413   -4.003   -3.759   -3.032   -2.208   -0.025    0.117    2.073    2.181    3.218
    3.818    4.646    5.271    5.330    5.531
            0.206667  0.357957  0.000000
  -77.780  -49.229  -49.098  -48.943  -22.673  -22.625  -20.630  -19.839  -14.143  -13.798
  -12.324  -11.837  -11.699  -10.793  -10.462   -9.869   -8.594   -8.432   -7.957   -7.808
   -6.410   -4.017   -3.764   -3.018   -2.207   -0.039    0.102    2.083    2.211    3.246
    3.837    4.641    5.268    5.361    5.557
            0.210000  0.363731  0.000000
  -77.780  -49.232  -49.101  -48.942  -22.620  -22.573  -20.608  -19.830  -14.193  -13.859
  -12.313  -11.896  -11.767  -10.786  -10.485   -9.906   -8.595   -8.449   -7.972   -7.797
   -6.406   -4.033   -3.768   -3.004   -2.206   -0.053    0.087    2.091    2.240    3.275
    3.857    4.632    5.225    5.418    5.603
            0.213333  0.369504  0.000000
  -77.779  -49.234  -49.103  -48.941  -22.567  -22.521  -20.587  -19.821  -14.241  -13.917
  -12.305  -11.952  -11.836  -10.781  -10.507   -9.941   -8.601   -8.464   -7.989   -7.784
   -6.400   -4.049   -3.770   -2.990   -2.207   -0.066    0.074    2.098    2.269    3.306
    3.877    4.619    5.176    5.470    5.659
            0.216667  0.375278  0.000000
  -77.778  -49.237  -49.106  -48.940  -22.514  -22.469  -20.567  -19.813  -14.289  -13.973
  -12.300  -12.003  -11.904  -10.777  -10.528   -9.972   -8.615   -8.475   -8.006   -7.769
   -6.392   -4.066   -3.770   -2.976   -2.208   -0.078    0.061    2.104    2.297    3.339
    3.898    4.605    5.126    5.511    5.721
            0.220000  0.381051  0.000000
  -77.778  -49.239  -49.109  -48.939  -22.461  -22.417  -20.547  -19.806  -14.336  -14.027
  -12.304  -12.045  -11.972  -10.775  -10.547  -10.000   -8.635   -8.483   -8.022   -7.754
   -6.383   -4.085   -3.768   -2.962   -2.211   -0.090    0.050    2.109    2.326    3.373
    3.920    4.589    5.076    5.535    5.789
            0.223333  0.386825  0.000000
  -77.777  -49.242  -49.112  -48.939  -22.409  -22.365  -20.529  -19.799  -14.381  -14.079
  -12.320  -12.074  -12.041  -10.776  -10.566  -10.024   -8.661   -8.489   -8.038   -7.737
   -6.373   -4.105   -3.765   -2.948   -2.214   -0.102    0.040    2.113    2.354    3.409
    3.942    4.573    5.029    5.541    5.860
            0.226667  0.392598  0.000000
  -77.777  -49.244  -49.115  -48.938  -22.357  -22.314  -20.511  -19.793  -14.424  -14.128
  -12.350  -12.109  -12.087  -10.779  -10.584  -10.044   -8.692   -8.494   -8.053   -7.721
   -6.362   -4.125   -3.760   -2.935   -2.218   -0.113    0.031    2.116    2.381    3.446
    3.965    4.556    4.985    5.534    5.932
            0.230000  0.398372  0.000000
  -77.776  -49.246  -49.118  -48.937  -22.306  -22.264  -20.494  -19.787  -14.465  -14.174
  -12.393  -12.177  -12.086  -10.785  -10.600  -10.060   -8.726   -8.499   -8.067   -7.704
   -6.350   -4.147   -3.753   -2.922   -2.222   -0.124    0.024    2.118    2.407    3.483
    3.988    4.539    4.944    5.516    6.005
            0.233333  0.404145  0.000000
  -77.776  -49.247  -49.120  -48.936  -22.255  -22.214  -20.479  -19.782  -14.505  -14.218
  -12.445  -12.245  -12.077  -10.794  -10.616  -10.072   -8.763   -8.505   -8.078   -7.686
   -6.337   -4.170   -3.745   -2.909   -2.228   -0.135    0.017    2.120    2.433    3.522
    4.012    4.522    4.907    5.493    6.072
            0.236667  0.409919  0.000000
  -77.775  -49.249  -49.123  -48.936  -22.204  -22.164  -20.464  -19.778  -14.542  -14.259
  -12.500  -12.313  -12.062  -10.806  -10.631  -10.080   -8.803   -8.514   -8.087   -7.669
   -6.322   -4.193   -3.735   -2.897   -2.234   -0.145    0.012    2.122    2.458    3.561
    4.036    4.506    4.875    5.465    6.124
            0.240000  0.415692  0.000000
  -77.775  -49.250  -49.126  -48.935  -22.155  -22.115  -20.450  -19.774  -14.577  -14.297
  -12.559  -12.380  -12.043  -10.820  -10.645  -10.083   -8.844   -8.525   -8.093   -7.652
   -6.307   -4.217   -3.725   -2.885   -2.240   -0.155    0.008    2.123    2.482    3.601
    4.059    4.490    4.848    5.434    6.152
            0.243333  0.421466  0.000000
  -77.774  -49.251  -49.129  -48.934  -22.106  -22.067  -20.437  -19.770  -14.610  -14.333
  -12.619  -12.448  -12.021  -10.837  -10.659  -10.083   -8.888   -8.539   -8.098   -7.635
   -6.292   -4.242   -3.713   -2.873   -2.247   -0.164    0.005    2.124    2.505    3.641
    4.083    4.476    4.825    5.403    6.156
            0.246667  0.427239  0.000000
  -77.774  -49.253  -49.132  -48.934  -22.058  -22.020  -20.425  -19.767  -14.641  -14.366
  -12.680  -12.514  -11.998  -10.855  -10.672  -10.079   -8.932   -8.555   -8.100   -7.618
   -6.275   -4.267   -3.700   -2.862   -2.254   -0.173    0.002    2.125    2.526    3.682
    4.105    4.463    4.808    5.371    6.149
            0.250000  0.433013  0.000000
  -77.773  -49.253  -49.135  -48.933  -22.011  -21.974  -20.414  -19.765  -14.669  -14.396
  -12.742  -12.581  -11.973  -10.875  -10.684  -10.072   -8.978   -8.573   -8.100   -7.602
   -6.258   -4.292   -3.687   -2.851   -2.261   -0.182    0.001    2.126    2.546    3.723
    4.126    4.452    4.795    5.339    6.135
            0.253333  0.438786  0.000000
  -77.773  -49.254  -49.138  -48.933  -21.965  -21.929  -20.404  -19.763  -14.694  -14.423
  -12.803  -12.647  -11.948  -10.895  -10.696  -10.062   -9.024   -8.594   -8.097   -7.586
   -6.241   -4.318   -3.672   -2.840   -2.269   -0.190    0.001    2.127    2.564    3.764
    4.145    4.444    4.786    5.308    6.118
            0.256667  0.444560  0.000000
  -77.773  -49.255  -49.141  -48.932  -21.921  -21.885  -20.395  -19.761  -14.717  -14.447
  -12.865  -12.713  -11.921  -10.917  -10.708  -10.049   -9.072   -8.617   -8.094   -7.570
   -6.223   -4.343   -3.657   -2.830   -2.277   -0.198    0.001    2.128    2.580    3.805
    4.161    4.441    4.781    5.278    6.099
            0.260000  0.450333  0.000000
  -77.772  -49.255  -49.144  -48.932  -21.877  -21.843  -20.386  -19.760  -14.737  -14.468
  -12.926  -12.778  -11.893  -10.939  -10.718  -10.035   -9.119   -8.642   -8.089   -7.554
   -6.205   -4.369   -3.641   -2.821   -2.285   -0.205    0.002    2.129    2.594    3.846
    4.174    4.443    4.779    5.250    6.078
            0.263333  0.456107  0.000000
  -77.772  -49.255  -49.147  -48.931  -21.835  -21.801  -20.379  -19.759  -14.754  -14.486
  -12.988  -12.843  -11.864  -10.960  -10.728  -10.019   -9.168   -8.668   -8.083   -7.539
   -6.187   -4.395   -3.625   -2.812   -2.292   -0.212    0.004    2.130    2.606    3.887
    4.183    4.450    4.780    5.224    6.056
            0.266667  0.461880  0.000000
  -77.772  -49.255  -49.150  -48.931  -21.795  -21.761  -20.372  -19.759  -14.769  -14.501
  -13.049  -12.907  -11.835  -10.982  -10.737  -10.002   -9.216   -8.695   -8.076   -7.524
   -6.169   -4.421   -3.609   -2.804   -2.300   -0.218    0.006    2.132    2.615    3.928
    4.189    4.464    4.782    5.200    6.032
            0.270000  0.467654  0.000000
  -77.771  -49.255  -49.154  -48.930  -21.756  -21.723  -20.366  -19.759  -14.780  -14.512
  -13.109  -12.970  -11.805  -11.004  -10.745   -9.984   -9.264   -8.724   -8.069   -7.510
   -6.151   -4.446   -3.592   -2.796   -2.308   -0.223    0.010    2.134    2.623    3.969
    4.193    4.482    4.785    5.180    6.007
            0.273333  0.473427  0.000000
  -77.771  -49.255  -49.157  -48.930  -21.719  -21.686  -20.361  -19.759  -14.789  -14.521
  -13.169  -13.033  -11.774  -11.025  -10.752   -9.967   -9.311   -8.753   -8.061   -7.497
   -6.133   -4.472   -3.575   -2.789   -2.316   -0.228    0.013    2.136    2.628    4.010
    4.196    4.504    4.789    5.163    5.981
            0.276667  0.479201  0.000000
  -77.771  -49.254  -49.160  -48.929  -21.683  -21.651  -20.357  -19.759  -14.795  -14.526
  -13.228  -13.096  -11.744  -11.045  -10.757   -9.949   -9.358   -8.783   -8.053   -7.484
   -6.115   -4.496   -3.558   -2.783   -2.323   -0.232    0.017    2.138    2.630    4.051
    4.198    4.530    4.792    5.150    5.954
            0.280000  0.484974  0.000000
  -77.770  -49.254  -49.163  -48.929  -21.649  -21.617  -20.353  -19.760  -14.799  -14.529
  -13.286  -13.158  -11.713  -11.065  -10.761   -9.933   -9.402   -8.814   -8.045   -7.471
   -6.098   -4.520   -3.540   -2.777   -2.330   -0.236    0.022    2.140    2.631    4.092
    4.200    4.558    4.794    5.141    5.925
            0.283333  0.490748  0.000000
  -77.770  -49.253  -49.166  -48.929  -21.617  -21.585  -20.350  -19.760  -14.799  -14.528
  -13.344  -13.219  -11.683  -11.084  -10.763   -9.920   -9.443   -8.845   -8.038   -7.460
   -6.081   -4.544   -3.523   -2.772   -2.336   -0.239    0.027    2.142    2.629    4.133
    4.203    4.588    4.795    5.135    5.894
            0.286667  0.496521  0.000000
  -77.770  -49.252  -49.169  -48.928  -21.587  -21.556  -20.347  -19.761  -14.797  -14.524
  -13.401  -13.279  -11.653  -11.102  -10.763   -9.910   -9.480   -8.876   -8.030   -7.449
   -6.064   -4.567   -3.506   -2.768   -2.343   -0.241    0.033    2.144    2.625    4.172
    4.208    4.620    4.795    5.134    5.863
            0.290000  0.502295  0.000000
  -77.770  -49.251  -49.172  -48.928  -21.560  -21.528  -20.345  -19.762  -14.792  -14.517
  -13.456  -13.339  -11.623  -11.120  -10.760   -9.906   -9.510   -8.908   -8.023   -7.439
   -6.048   -4.588   -3.489   -2.765   -2.348   -0.242    0.038    2.147    2.620    4.202
    4.223    4.654    4.795    5.135    5.830
            0.293333  0.508068  0.000000
  -77.770  -49.250  -49.175  -48.928  -21.534  -21.502  -20.343  -19.762  -14.784  -14.507
  -13.511  -13.398  -11.595  -11.136  -10.756   -9.911   -9.532   -8.939   -8.017   -7.429
   -6.033   -4.609   -3.473   -2.763   -2.353   -0.243    0.044    2.149    2.613    4.210
    4.259    4.688    4.794    5.139    5.795
            0.296667  0.513842  0.000000
  -77.769  -49.249  -49.177  -48.927  -21.510  -21.478  -20.341  -19.763  -14.774  -14.493
  -13.564  -13.456  -11.567  -11.151  -10.748   -9.924   -9.544   -8.971   -8.010   -7.420
   -6.018   -4.629   -3.457   -2.762   -2.358   -0.244    0.051    2.151    2.604    4.215
    4.299    4.723    4.794    5.144    5.759
            0.300000  0.519615  0.000000
  -77.769  -49.247  -49.180  -48.927  -21.489  -21.456  -20.340  -19.764  -14.762  -14.477
  -13.615  -13.512  -11.542  -11.165  -10.737   -9.947   -9.546   -9.002   -8.005   -7.412
   -6.004   -4.647   -3.442   -2.761   -2.361   -0.243    0.057    2.153    2.595    4.219
    4.339    4.760    4.795    5.150    5.721
            0.303333  0.525389  0.000000
  -77.769  -49.246  -49.183  -48.927  -21.470  -21.437  -20.339  -19.765  -14.747  -14.458
  -13.665  -13.568  -11.518  -11.178  -10.723   -9.978   -9.541   -9.033   -7.999   -7.405
   -5.992   -4.664   -3.428   -2.761   -2.365   -0.243    0.063    2.154    2.586    4.223
    4.379    4.795    4.798    5.156    5.681
            0.306667  0.531162  0.000000
  -77.769  -49.244  -49.186  -48.927  -21.453  -21.420  -20.338  -19.765  -14.731  -14.436
  -13.712  -13.623  -11.496  -11.190  -10.705  -10.014   -9.529   -9.064   -7.995   -7.399
   -5.980   -4.680   -3.415   -2.761   -2.367   -0.241    0.069    2.156    2.576    4.226
    4.419    4.798    4.834    5.161    5.639
            0.310000  0.536936  0.000000
  -77.769  -49.243  -49.188  -48.927  -21.438  -21.404  -20.337  -19.766  -14.714  -14.412
  -13.757  -13.676  -11.476  -11.200  -10.684  -10.056   -9.512   -9.094   -7.991   -7.393
   -5.969   -4.694   -3.403   -2.762   -2.370   -0.240    0.075    2.156    2.566    4.229
    4.458    4.799    4.873    5.167    5.595
            0.313333  0.542709  0.000000
  -77.769  -49.241  -49.191  -48.927  -21.425  -21.391  -20.337  -19.766  -14.696  -14.386
  -13.799  -13.727  -11.459  -11.210  -10.659  -10.099   -9.493   -9.123   -7.988   -7.388
   -5.960   -4.706   -3.392   -2.763   -2.371   -0.238    0.080    2.157    2.557    4.232
    4.496    4.800    4.912    5.172    5.549
            0.316667  0.548483  0.000000
  -77.769  -49.240  -49.193  -48.926  -21.415  -21.381  -20.336  -19.766  -14.678  -14.358
  -13.838  -13.776  -11.445  -11.218  -10.630  -10.145   -9.472   -9.151   -7.985   -7.384
   -5.952   -4.716   -3.383   -2.764   -2.373   -0.235    0.085    2.157    2.548    4.235
    4.534    4.798    4.951    5.177    5.502
            0.320000  0.554256  0.000000
  -77.769  -49.239  -49.195  -48.926  -21.406  -21.372  -20.336  -19.766  -14.660  -14.329
  -13.872  -13.821  -11.434  -11.225  -10.598  -10.191   -9.450   -9.178   -7.983   -7.381
   -5.946   -4.725   -3.375   -2.766   -2.374   -0.233    0.090    2.157    2.540    4.237
    4.570    4.793    4.991    5.182    5.452
            0.323333  0.560030  0.000000
  -77.769  -49.237  -49.196  -48.926  -21.400  -21.365  -20.336  -19.767  -14.645  -14.301
  -13.901  -13.861  -11.425  -11.230  -10.565  -10.236   -9.430   -9.202   -7.981   -7.378
   -5.940   -4.731   -3.368   -2.767   -2.374   -0.231    0.093    2.157    2.534    4.239
    4.606    4.784    5.031    5.189    5.402
            0.326667  0.565803  0.000000
  -77.769  -49.236  -49.198  -48.926  -21.395  -21.361  -20.335  -19.767  -14.632  -14.276
  -13.924  -13.894  -11.419  -11.234  -10.531  -10.277   -9.412   -9.222   -7.980   -7.376
   -5.937   -4.736   -3.364   -2.768   -2.375   -0.229    0.096    2.156    2.529    4.241
    4.639    4.770    5.071    5.194    5.354
            0.330000  0.571577  0.000000
  -77.768  -49.236  -49.199  -48.926  -21.392  -21.358  -20.335  -19.767  -14.624  -14.258
  -13.941  -13.915  -11.416  -11.236  -10.502  -10.311   -9.399   -9.236   -7.979   -7.375
   -5.935   -4.739   -3.361   -2.769   -2.375   -0.228    0.098    2.156    2.526    4.242
    4.668    4.752    5.110    5.193    5.315
            0.333333  0.577350  0.000000
  -77.768  -49.235  -49.199  -48.926  -21.392  -21.357  -20.335  -19.767  -14.621  -14.251
  -13.947  -13.922  -11.415  -11.236  -10.489  -10.326   -9.394   -9.241   -7.979   -7.375
   -5.934   -4.740   -3.360   -2.769   -2.375   -0.227    0.099    2.156    2.525    4.243
    4.683    4.740    5.136    5.181    5.301
            0.336111  0.572539  0.000000
  -77.768  -49.236  -49.199  -48.926  -21.392  -21.357  -20.335  -19.767  -14.623  -14.256
  -13.942  -13.917  -11.415  -11.236  -10.498  -10.315   -9.397   -9.238   -7.979   -7.375
   -5.934   -4.739   -3.361   -2.769   -2.375   -0.228    0.098    2.156    2.526    4.242
    4.671    4.750    5.111    5.199    5.308
            0.338889  0.567728  0.000000
  -77.769  -49.236  -49.198  -48.926  -21.394  -21.359  -20.335  -19.767  -14.630  -14.271
  -13.929  -13.902  -11.417  -11.235  -10.523  -10.288   -9.406   -9.228   -7.979   -7.376
   -5.936   -4.737   -3.363   -2.768   -2.375   -0.229    0.097    2.157    2.528    4.240
    4.645    4.769    5.062    5.231    5.325
            0.341667  0.562917  0.000000
  -77.769  -49.237  -49.197  -48.926  -21.397  -21.362  -20.336  -19.767  -14.640  -14.292
  -13.909  -13.877  -11.421  -11.232  -10.554  -10.251   -9.419   -9.214   -7.980   -7.377
   -5.938   -4.734   -3.366   -2.767   -2.375   -0.231    0.094    2.158    2.532    4.236
    4.615    4.791    5.007    5.265    5.348
            0.344444  0.558105  0.000000
  -77.769  -49.238  -49.196  -48.926  -21.400  -21.366  -20.336  -19.767  -14.655  -14.319
  -13.885  -13.843  -11.425  -11.230  -10.589  -10.209   -9.434   -9.198   -7.981   -7.378
   -5.942   -4.730   -3.370   -2.766   -2.375   -0.235    0.090    2.160    2.538    4.228
    4.582    4.811    4.948    5.299    5.374
            0.347222  0.553294  0.000000
  -77.769  -49.239  -49.194  -48.926  -21.405  -21.371  -20.336  -19.767  -14.673  -14.349
  -13.855  -13.804  -11.430  -11.226  -10.626  -10.164   -9.449   -9.180   -7.982   -7.380
   -5.946   -4.725   -3.376   -2.765   -2.374   -0.240    0.085    2.163    2.546    4.216
    4.551    4.825    4.891    5.333    5.402
            0.350000  0.548483  0.000000
  -77.769  -49.241  -49.192  -48.926  -21.411  -21.377  -20.337  -19.767  -14.694  -14.381
  -13.820  -13.759  -11.435  -11.222  -10.663  -10.116   -9.466   -9.162   -7.983   -7.383
   -5.951   -4.718   -3.382   -2.763   -2.374   -0.247    0.079    2.167    2.556    4.197
    4.524    4.801    4.870    5.368    5.433
            0.352778  0.543672  0.000000
  -77.769  -49.242  -49.190  -48.927  -21.417  -21.383  -20.338  -19.768  -14.717  -14.414
  -13.781  -13.712  -11.442  -11.217  -10.700  -10.068   -9.482   -9.143   -7.984   -7.385
   -5.956   -4.711   -3.390   -2.761   -2.374   -0.255    0.071    2.173    2.568    4.170
    4.501    4.738    4.884    5.403    5.464
            0.355556  0.538860  0.000000
  -77.769  -49.244  -49.188  -48.927  -21.424  -21.391  -20.339  -19.768  -14.742  -14.448
  -13.739  -13.661  -11.449  -11.213  -10.736  -10.018   -9.497   -9.123   -7.986   -7.389
   -5.962   -4.702   -3.398   -2.759   -2.374   -0.266    0.061    2.180    2.582    4.134
    4.485    4.669    4.902    5.437    5.496
            0.358333  0.534049  0.000000
  -77.769  -49.246  -49.186  -48.927  -21.432  -21.399  -20.340  -19.769  -14.768  -14.482
  -13.693  -13.608  -11.456  -11.207  -10.772   -9.968   -9.512   -9.104   -7.987   -7.392
   -5.969   -4.693   -3.408   -2.756   -2.375   -0.278    0.050    2.188    2.597    4.091
    4.473    4.598    4.920    5.471    5.529
            0.361111  0.529238  0.000000
  -77.769  -49.247  -49.183  -48.927  -21.441  -21.408  -20.341  -19.770  -14.795  -14.516
  -13.644  -13.552  -11.464  -11.202  -10.807   -9.918   -9.525   -9.085   -7.989   -7.396
   -5.977   -4.683   -3.418   -2.754   -2.375   -0.293    0.037    2.199    2.615    4.040
    4.465    4.527    4.938    5.505    5.562
            0.363889  0.524426  0.000000
  -77.769  -49.249  -49.180  -48.927  -21.450  -21.417  -20.342  -19.770  -14.823  -14.550
  -13.593  -13.495  -11.472  -11.197  -10.841   -9.868   -9.536   -9.067   -7.990   -7.400
   -5.985   -4.673   -3.429   -2.751   -2.375   -0.310    0.021    2.211    2.635    3.984
    4.434    4.481    4.955    5.539    5.595
            0.366667  0.519615  0.000000
  -77.769  -49.251  -49.178  -48.927  -21.460  -21.427  -20.344  -19.772  -14.852  -14.584
  -13.539  -13.436  -11.480  -11.192  -10.873   -9.820   -9.545   -9.048   -7.992   -7.404
   -5.993   -4.662   -3.441   -2.748   -2.376   -0.329    0.004    2.226    2.657    3.925
    4.364    4.476    4.972    5.572    5.628
            0.369444  0.514804  0.000000
  -77.769  -49.253  -49.175  -48.927  -21.470  -21.437  -20.346  -19.773  -14.881  -14.617
  -13.483  -13.376  -11.489  -11.187  -10.905   -9.775   -9.550   -9.029   -7.994   -7.409
   -6.002   -4.650   -3.453   -2.745   -2.376   -0.350   -0.016    2.242    2.680    3.862
    4.288    4.479    4.988    5.605    5.660
            0.372222  0.509993  0.000000
  -77.769  -49.255  -49.172  -48.927  -21.481  -21.448  -20.348  -19.774  -14.910  -14.651
  -13.426  -13.314  -11.498  -11.183  -10.934   -9.736   -9.548   -9.011   -7.995   -7.413
   -6.011   -4.638   -3.466   -2.742   -2.377   -0.373   -0.038    2.261    2.705    3.797
    4.210    4.484    5.004    5.637    5.692
            0.375000  0.505181  0.000000
  -77.769  -49.257  -49.169  -48.927  -21.492  -21.459  -20.350  -19.776  -14.939  -14.683
  -13.367  -13.251  -11.507  -11.181  -10.961   -9.707   -9.535   -8.993   -7.997   -7.418
   -6.020   -4.625   -3.479   -2.739   -2.378   -0.399   -0.062    2.282    2.732    3.731
    4.132    4.491    5.020    5.667    5.723
            0.377778  0.500370  0.000000
  -77.769  -49.259  -49.166  -48.928  -21.503  -21.471  -20.353  -19.777  -14.968  -14.715
  -13.307  -13.187  -11.516  -11.179  -10.985   -9.691   -9.510   -8.974   -7.999   -7.424
   -6.030   -4.613   -3.493   -2.735   -2.379   -0.427   -0.089    2.305    2.761    3.664
    4.054    4.498    5.035    5.697    5.755
            0.380556  0.495559  0.000000
  -77.770  -49.261  -49.163  -48.928  -21.515  -21.483  -20.355  -19.779  -14.997  -14.747
  -13.245  -13.122  -11.525  -11.180  -11.006   -9.684   -9.474   -8.955   -8.000   -7.429
   -6.039   -4.599   -3.507   -2.732   -2.381   -0.458   -0.119    2.330    2.791    3.597
    3.976    4.507    5.049    5.725    5.785
            0.383333  0.490748  0.000000
  -77.770  -49.263  -49.160  -48.928  -21.527  -21.495  -20.358  -19.781  -15.026  -14.778
  -13.183  -13.056  -11.535  -11.184  -11.023   -9.683   -9.433   -8.935   -8.002   -7.435
   -6.049   -4.586   -3.521   -2.728   -2.383   -0.490   -0.151    2.356    2.822    3.531
    3.898    4.516    5.063    5.751    5.815
            0.386111  0.485936  0.000000
  -77.770  -49.265  -49.157  -48.928  -21.539  -21.507  -20.361  -19.783  -15.054  -14.808
  -13.120  -12.989  -11.544  -11.192  -11.035   -9.686   -9.390   -8.914   -8.003   -7.441
   -6.059   -4.573   -3.536   -2.724   -2.385   -0.525   -0.185    2.384    2.855    3.466
    3.821    4.525    5.077    5.774    5.844
            0.388889  0.481125  0.000000
  -77.770  -49.267  -49.154  -48.928  -21.551  -21.519  -20.364  -19.785  -15.082  -14.838
  -13.057  -12.922  -11.553  -11.202  -11.042   -9.689   -9.346   -8.892   -8.005   -7.447
   -6.069   -4.559   -3.551   -2.719   -2.388   -0.562   -0.222    2.412    2.888    3.403
    3.746    4.534    5.091    5.796    5.873
            0.391667  0.476314  0.000000
  -77.770  -49.269  -49.151  -48.928  -21.564  -21.532  -20.367  -19.788  -15.110  -14.867
  -12.993  -12.854  -11.562  -11.215  -11.045   -9.693   -9.304   -8.868   -8.007   -7.453
   -6.079   -4.546   -3.566   -2.715   -2.390   -0.601   -0.261    2.439    2.923    3.344
    3.671    4.544    5.104    5.815    5.901
            0.394444  0.471503  0.000000
  -77.770  -49.270  -49.149  -48.929  -21.576  -21.544  -20.370  -19.790  -15.137  -14.896
  -12.929  -12.786  -11.570  -11.230  -11.046   -9.697   -9.264   -8.842   -8.008   -7.459
   -6.089   -4.532   -3.582   -2.710   -2.394   -0.642   -0.302    2.465    2.957    3.288
    3.599    4.554    5.117    5.831    5.929
            0.397222  0.466691  0.000000
  -77.770  -49.272  -49.146  -48.929  -21.589  -21.557  -20.374  -19.793  -15.164  -14.923
  -12.866  -12.718  -11.579  -11.245  -11.044   -9.700   -9.227   -8.812   -8.010   -7.466
   -6.098   -4.519   -3.598   -2.705   -2.398   -0.684   -0.346    2.488    2.991    3.239
    3.529    4.565    5.129    5.845    5.955
            0.400000  0.461880  0.000000
  -77.770  -49.274  -49.143  -48.929  -21.601  -21.570  -20.378  -19.795  -15.190  -14.951
  -12.803  -12.650  -11.586  -11.260  -11.041   -9.702   -9.194   -8.780   -8.012   -7.473
   -6.108   -4.505   -3.613   -2.699   -2.402   -0.729   -0.391    2.505    3.024    3.197
    3.462    4.575    5.141    5.855    5.981
            0.402778  0.457069  0.000000
  -77.771  -49.276  -49.140  -48.929  -21.614  -21.582  -20.381  -19.798  -15.216  -14.977
  -12.741  -12.582  -11.592  -11.275  -11.037   -9.704   -9.164   -8.744   -8.014   -7.479
   -6.118   -4.492   -3.629   -2.693   -2.407   -0.775   -0.438    2.516    3.055    3.166
    3.401    4.586    5.153    5.863    6.006
            0.405556  0.452258  0.000000
  -77.771  -49.277  -49.137  -48.929  -21.626  -21.595  -20.385  -19.801  -15.241  -15.003
  -12.680  -12.515  -11.597  -11.288  -11.032   -9.705   -9.139   -8.706   -8.015   -7.486
   -6.128   -4.479   -3.645   -2.687   -2.412   -0.823   -0.486    2.517    3.078    3.145
    3.350    4.598    5.165    5.868    6.029
            0.408333  0.447446  0.000000
  -77.771  -49.279  -49.134  -48.929  -21.638  -21.607  -20.389  -19.804  -15.265  -15.028
  -12.621  -12.449  -11.601  -11.300  -11.027   -9.705   -9.117   -8.664   -8.017   -7.493
   -6.137   -4.466   -3.661   -2.681   -2.417   -0.872   -0.536    2.508    3.086    3.139
    3.316    4.610    5.177    5.870    6.052
            0.411111  0.442635  0.000000
  -77.771  -49.281  -49.131  -48.930  -21.651  -21.619  -20.393  -19.807  -15.289  -15.053
  -12.564  -12.383  -11.602  -11.311  -11.022   -9.705   -9.098   -8.621   -8.019   -7.501
   -6.147   -4.453   -3.677   -2.675   -2.423   -0.922   -0.586    2.488    3.070    3.146
    3.307    4.622    5.188    5.869    6.073
            0.413889  0.437824  0.000000
  -77.771  -49.282  -49.128  -48.930  -21.663  -21.631  -20.397  -19.810  -15.313  -15.077
  -12.509  -12.319  -11.601  -11.319  -11.017   -9.703   -9.083   -8.575   -8.020   -7.508
   -6.156   -4.441   -3.693   -2.669   -2.429   -0.974   -0.638    2.459    3.033    3.165
    3.321    4.635    5.200    5.865    6.094
            0.416667  0.433013  0.000000
  -77.771  -49.284  -49.125  -48.930  -21.675  -21.643  -20.401  -19.813  -15.335  -15.100
  -12.458  -12.257  -11.596  -11.326  -11.012   -9.700   -9.070   -8.528   -8.022   -7.516
   -6.165   -4.428   -3.709   -2.663   -2.436   -1.027   -0.690    2.423    2.986    3.192
    3.349    4.649    5.211    5.859    6.113
            0.419444  0.428201  0.000000
  -77.771  -49.286  -49.123  -48.930  -21.686  -21.655  -20.405  -19.817  -15.357  -15.122
  -12.411  -12.198  -11.587  -11.330  -11.006   -9.697   -9.059   -8.481   -8.024   -7.523
   -6.174   -4.416   -3.725   -2.657   -2.442   -1.081   -0.742    2.382    2.935    3.224
    3.385    4.663    5.222    5.850    6.131
            0.422222  0.423390  0.000000
  -77.771  -49.287  -49.120  -48.930  -21.698  -21.667  -20.409  -19.820  -15.379  -15.144
  -12.368  -12.141  -11.574  -11.332  -11.001   -9.693   -9.050   -8.434   -8.025   -7.531
   -6.183   -4.405   -3.740   -2.652   -2.448   -1.136   -0.795    2.338    2.882    3.261
    3.426    4.678    5.234    5.840    6.147
            0.425000  0.418579  0.000000
  -77.772  -49.288  -49.117  -48.930  -21.709  -21.678  -20.413  -19.823  -15.400  -15.165
  -12.331  -12.087  -11.556  -11.331  -10.996   -9.688   -9.042   -8.387   -8.026   -7.538
   -6.192   -4.394   -3.756   -2.649   -2.453   -1.191   -0.847    2.292    2.830    3.299
    3.470    4.695    5.245    5.827    6.163
            0.427778  0.413768  0.000000
  -77.772  -49.290  -49.115  -48.931  -21.720  -21.689  -20.417  -19.826  -15.420  -15.185
  -12.299  -12.036  -11.533  -11.327  -10.991   -9.682   -9.035   -8.340   -8.026   -7.546
   -6.200   -4.383   -3.772   -2.646   -2.458   -1.247   -0.899    2.244    2.779    3.338
    3.517    4.712    5.257    5.813    6.177
            0.430556  0.408956  0.000000
  -77.772  -49.291  -49.112  -48.931  -21.731  -21.700  -20.421  -19.829  -15.439  -15.205
  -12.272  -11.990  -11.504  -11.319  -10.985   -9.676   -9.029   -8.296   -8.025   -7.553
   -6.209   -4.372   -3.787   -2.646   -2.461   -1.303   -0.950    2.197    2.729    3.376
    3.566    4.730    5.269    5.797    6.191
            0.433333  0.404145  0.000000
  -77.772  -49.293  -49.110  -48.931  -21.741  -21.710  -20.425  -19.833  -15.458  -15.224
  -12.251  -11.948  -11.471  -11.308  -10.979   -9.669   -9.025   -8.254   -8.022   -7.561
   -6.217   -4.362   -3.802   -2.648   -2.462   -1.359   -1.000    2.150    2.681    3.413
    3.618    4.749    5.281    5.781    6.203
            0.436111  0.399334  0.000000
  -77.772  -49.294  -49.108  -48.931  -21.752  -21.720  -20.429  -19.836  -15.475  -15.242
  -12.235  -11.911  -11.434  -11.293  -10.974   -9.662   -9.020   -8.216   -8.016   -7.568
   -6.226   -4.352   -3.817   -2.652   -2.462   -1.415   -1.049    2.104    2.634    3.448
    3.672    4.769    5.293    5.763    6.214
            0.438889  0.394523  0.000000
  -77.772  -49.295  -49.105  -48.931  -21.761  -21.730  -20.433  -19.839  -15.493  -15.259
  -12.223  -11.878  -11.394  -11.273  -10.967   -9.654   -9.017   -8.184   -8.006   -7.575
   -6.234   -4.343   -3.832   -2.659   -2.459   -1.471   -1.097    2.058    2.590    3.480
    3.727    4.789    5.306    5.745    6.225
            0.441667  0.389711  0.000000
  -77.772  -49.296  -49.103  -48.931  -21.771  -21.740  -20.436  -19.842  -15.509  -15.276
  -12.216  -11.850  -11.353  -11.249  -10.960   -9.646   -9.013   -8.159   -7.991   -7.581
   -6.242   -4.334   -3.847   -2.669   -2.455   -1.525   -1.144    2.014    2.547    3.511
    3.783    4.811    5.320    5.726    6.234
            0.444444  0.384900  0.000000
  -77.772  -49.297  -49.101  -48.932  -21.780  -21.749  -20.440  -19.845  -15.525  -15.292
  -12.211  -11.826  -11.312  -11.219  -10.952   -9.638   -9.010   -8.142   -7.969   -7.587
   -6.250   -4.325   -3.861   -2.681   -2.449   -1.579   -1.189    1.972    2.507    3.539
    3.839    4.834    5.334    5.707    6.243
            0.447222  0.380089  0.000000
  -77.772  -49.298  -49.099  -48.932  -21.789  -21.757  -20.444  -19.848  -15.540  -15.307
  -12.209  -11.807  -11.273  -11.185  -10.943   -9.629   -9.007   -8.132   -7.942   -7.592
   -6.258   -4.317   -3.875   -2.695   -2.443   -1.632   -1.232    1.930    2.468    3.565
    3.896    4.857    5.350    5.688    6.250
            0.450000  0.375278  0.000000
  -77.773  -49.299  -49.097  -48.932  -21.797  -21.766  -20.447  -19.851  -15.554  -15.321
  -12.210  -11.791  -11.237  -11.147  -10.932   -9.620   -9.005   -8.126   -7.914   -7.596
   -6.265   -4.309   -3.888   -2.711   -2.435   -1.682   -1.274    1.891    2.432    3.589
    3.951    4.881    5.366    5.669    6.257
            0.452778  0.370466  0.000000
  -77.773  -49.300  -49.095  -48.932  -21.805  -21.774  -20.450  -19.853  -15.568  -15.335
  -12.211  -11.778  -11.205  -11.105  -10.919   -9.611   -9.002   -8.124   -7.884   -7.598
   -6.273   -4.301   -3.901   -2.727   -2.427   -1.731   -1.314    1.854    2.397    3.611
    4.006    4.906    5.383    5.650    6.264
            0.455556  0.365655  0.000000
  -77.773  -49.301  -49.093  -48.932  -21.813  -21.781  -20.453  -19.856  -15.581  -15.347
  -12.214  -11.767  -11.177  -11.061  -10.904   -9.603   -9.000   -8.124   -7.856   -7.598
   -6.280   -4.294   -3.914   -2.745   -2.420   -1.777   -1.352    1.818    2.365    3.631
    4.059    4.931    5.400    5.633    6.269
            0.458333  0.360844  0.000000
  -77.773  -49.302  -49.092  -48.932  -21.820  -21.789  -20.456  -19.858  -15.593  -15.359
  -12.218  -11.759  -11.153  -11.016  -10.886   -9.594   -8.997   -8.126   -7.831   -7.596
   -6.288   -4.288   -3.926   -2.764   -2.413   -1.820   -1.388    1.784    2.335    3.649
    4.110    4.955    5.419    5.616    6.274
            0.461111  0.356033  0.000000
  -77.773  -49.303  -49.090  -48.932  -21.827  -21.795  -20.459  -19.861  -15.604  -15.371
  -12.223  -11.753  -11.133  -10.972  -10.865   -9.586   -8.995   -8.128   -7.810   -7.592
   -6.295   -4.281   -3.938   -2.782   -2.406   -1.860   -1.423    1.752    2.306    3.665
    4.158    4.980    5.439    5.600    6.279
            0.463889  0.351221  0.000000
  -77.773  -49.304  -49.089  -48.932  -21.833  -21.802  -20.462  -19.863  -15.614  -15.381
  -12.227  -11.748  -11.116  -10.929  -10.842   -9.578   -8.993   -8.131   -7.792   -7.583
   -6.302   -4.276   -3.949   -2.801   -2.402   -1.896   -1.455    1.722    2.280    3.680
    4.204    5.005    5.459    5.586    6.283
            0.466667  0.346410  0.000000
  -77.773  -49.304  -49.087  -48.933  -21.839  -21.808  -20.465  -19.865  -15.624  -15.391
  -12.232  -11.744  -11.103  -10.888  -10.818   -9.570   -8.991   -8.134   -7.779   -7.572
   -6.308   -4.270   -3.960   -2.820   -2.398   -1.928   -1.485    1.695    2.256    3.694
    4.247    5.028    5.479    5.574    6.287
            0.469444  0.341599  0.000000
  -77.773  -49.305  -49.086  -48.933  -21.844  -21.813  -20.467  -19.867  -15.633  -15.400
  -12.237  -11.742  -11.092  -10.849  -10.792   -9.563   -8.988   -8.138   -7.771   -7.558
   -6.314   -4.265   -3.970   -2.838   -2.397   -1.956   -1.514    1.669    2.233    3.705
    4.287    5.051    5.497    5.565    6.290
            0.472222  0.336788  0.000000
  -77.773  -49.306  -49.085  -48.933  -21.849  -21.818  -20.469  -19.869  -15.641  -15.408
  -12.242  -11.739  -11.083  -10.813  -10.766   -9.556   -8.986   -8.141   -7.765   -7.542
   -6.320   -4.260   -3.979   -2.855   -2.398   -1.979   -1.540    1.646    2.213    3.716
    4.323    5.073    5.510    5.564    6.293
            0.475000  0.331976  0.000000
  -77.773  -49.306  -49.084  -48.933  -21.854  -21.823  -20.471  -19.870  -15.649  -15.416
  -12.247  -11.738  -11.076  -10.780  -10.740   -9.550   -8.984   -8.145   -7.762   -7.526
   -6.326   -4.256   -3.988   -2.872   -2.401   -1.997   -1.565    1.624    2.195    3.725
    4.356    5.093    5.514    5.575    6.296
            0.477778  0.327165  0.000000
  -77.773  -49.307  -49.083  -48.933  -21.858  -21.827  -20.473  -19.872  -15.656  -15.422
  -12.251  -11.737  -11.071  -10.751  -10.714   -9.544   -8.982   -8.148   -7.761   -7.510
   -6.331   -4.252   -3.996   -2.887   -2.406   -2.011   -1.587    1.605    2.178    3.733
    4.385    5.111    5.511    5.592    6.298
            0.480556  0.322354  0.000000
  -77.773  -49.307  -49.082  -48.933  -21.862  -21.830  -20.474  -19.873  -15.661  -15.428
  -12.255  -11.736  -11.067  -10.725  -10.690   -9.539   -8.980   -8.151   -7.760   -7.494
   -6.336   -4.249   -4.003   -2.901   -2.412   -2.020   -1.607    1.588    2.164    3.740
    4.411    5.128    5.506    5.613    6.301
            0.483333  0.317543  0.000000
  -77.773  -49.307  -49.081  -48.933  -21.865  -21.833  -20.476  -19.874  -15.667  -15.433
  -12.258  -11.735  -11.064  -10.703  -10.668   -9.534   -8.978   -8.154   -7.761   -7.480
   -6.340   -4.246   -4.009   -2.914   -2.419   -2.027   -1.625    1.573    2.152    3.746
    4.433    5.142    5.502    5.633    6.303
            0.486111  0.312731  0.000000
  -77.773  -49.308  -49.081  -48.933  -21.867  -21.836  -20.477  -19.875  -15.671  -15.437
  -12.261  -11.735  -11.061  -10.684  -10.649   -9.531   -8.977   -8.157   -7.762   -7.467
   -6.344   -4.243   -4.015   -2.925   -2.426   -2.031   -1.641    1.561    2.141    3.751
    4.452    5.154    5.498    5.653    6.304
            0.488889  0.307920  0.000000
  -77.773  -49.308  -49.080  -48.933  -21.870  -21.838  -20.478  -19.876  -15.674  -15.441
  -12.264  -11.734  -11.059  -10.668  -10.633   -9.527   -8.976   -8.159   -7.763   -7.456
   -6.347   -4.241   -4.019   -2.934   -2.433   -2.033   -1.654    1.551    2.132    3.754
    4.467    5.164    5.496    5.670    6.306
            0.491667  0.303109  0.000000
  -77.773  -49.308  -49.080  -48.933  -21.871  -21.840  -20.479  -19.877  -15.677  -15.444
  -12.266  -11.734  -11.058  -10.656  -10.620   -9.525   -8.974   -8.160   -7.763   -7.448
   -6.350   -4.239   -4.023   -2.941   -2.438   -2.034   -1.664    1.543    2.126    3.757
    4.478    5.172    5.494    5.684    6.307
            0.494444  0.298298  0.000000
  -77.773  -49.308  -49.079  -48.933  -21.872  -21.841  -20.479  -19.877  -15.679  -15.446
  -12.267  -11.734  -11.057  -10.648  -10.610   -9.523   -8.974   -8.162   -7.764   -7.442
   -6.352   -4.238   -4.025   -2.947   -2.443   -2.034   -1.671    1.537    2.121    3.760
    4.486    5.177    5.492    5.695    6.307
            0.497222  0.293486  0.000000
  -77.773  -49.308  -49.079  -48.933  -21.873  -21.842  -20.480  -19.877  -15.680  -15.447
  -12.268  -11.734  -11.056  -10.643  -10.604   -9.522   -8.973   -8.163   -7.765   -7.438
   -6.353   -4.237   -4.027   -2.950   -2.446   -2.034   -1.676    1.533    2.118    3.761
    4.491    5.180    5.492    5.701    6.308
            0.500000  0.288675  0.000000
  -77.773  -49.308  -49.079  -48.933  -21.873  -21.842  -20.480  -19.877  -15.681  -15.447
  -12.268  -11.734  -11.056  -10.641  -10.602   -9.522   -8.973   -8.163   -7.765   -7.437
   -6.353   -4.237   -4.027   -2.951   -2.447   -2.034   -1.678    1.532    2.117    3.761
    4.493    5.181    5.491    5.704    6.308
            0.495000  0.285788  0.000000
  -77.773  -49.308  -49.079  -48.933  -21.875  -21.843  -20.480  -19.877  -15.679  -15.446
  -12.269  -11.733  -11.056  -10.641  -10.602   -9.522   -8.973   -8.163   -7.765   -7.437
   -6.353   -4.237   -4.027   -2.951   -2.446   -2.034   -1.677    1.533    2.118    3.761
    4.492    5.181    5.492    5.704    6.308
            0.490000  0.282902  0.000000
  -77.774  -49.308  -49.079  -48.933  -21.879  -21.847  -20.480  -19.877  -15.675  -15.441
  -12.270  -11.731  -11.055  -10.640  -10.601   -9.521   -8.972   -8.165   -7.765   -7.438
   -6.354   -4.236   -4.026   -2.949   -2.442   -2.035   -1.676    1.534    2.119    3.759
    4.487    5.180    5.493    5.705    6.308
            0.485000  0.280015  0.000000
  -77.774  -49.308  -49.079  -48.933  -21.886  -21.854  -20.480  -19.876  -15.667  -15.434
  -12.272  -11.726  -11.053  -10.638  -10.600   -9.520   -8.971   -8.168   -7.764   -7.440
   -6.354   -4.235   -4.025   -2.948   -2.437   -2.036   -1.675    1.537    2.122    3.757
    4.480    5.178    5.495    5.706    6.308
            0.480000  0.277128  0.000000
  -77.774  -49.307  -49.079  -48.933  -21.895  -21.864  -20.480  -19.874  -15.657  -15.424
  -12.275  -11.720  -11.051  -10.636  -10.598   -9.519   -8.969   -8.173   -7.764   -7.443
   -6.355   -4.233   -4.023   -2.945   -2.429   -2.037   -1.673    1.541    2.126    3.753
    4.469    5.176    5.497    5.708    6.308
            0.475000  0.274241  0.000000
  -77.774  -49.307  -49.079  -48.933  -21.907  -21.875  -20.481  -19.873  -15.644  -15.411
  -12.279  -11.712  -11.048  -10.634  -10.595   -9.518   -8.966   -8.178   -7.764   -7.447
   -6.356   -4.230   -4.020   -2.942   -2.419   -2.039   -1.670    1.545    2.131    3.748
    4.456    5.172    5.501    5.710    6.308
            0.470000  0.271355  0.000000
  -77.774  -49.306  -49.079  -48.934  -21.922  -21.890  -20.482  -19.871  -15.628  -15.395
  -12.283  -11.703  -11.045  -10.630  -10.592   -9.516   -8.963   -8.185   -7.763   -7.451
   -6.358   -4.227   -4.018   -2.938   -2.407   -2.041   -1.666    1.551    2.137    3.743
    4.440    5.168    5.505    5.712    6.308
            0.465000  0.268468  0.000000
  -77.774  -49.305  -49.078  -48.934  -21.939  -21.907  -20.483  -19.869  -15.609  -15.376
  -12.288  -11.692  -11.041  -10.626  -10.588   -9.514   -8.959   -8.193   -7.763   -7.456
   -6.359   -4.224   -4.014   -2.934   -2.393   -2.043   -1.662    1.558    2.145    3.736
    4.422    5.164    5.510    5.715    6.308
            0.460000  0.265581  0.000000
  -77.774  -49.304  -49.078  -48.934  -21.959  -21.926  -20.484  -19.866  -15.587  -15.354
  -12.294  -11.680  -11.036  -10.622  -10.584   -9.512   -8.955   -8.201   -7.763   -7.462
   -6.361   -4.220   -4.010   -2.929   -2.376   -2.046   -1.657    1.566    2.153    3.728
    4.401    5.158    5.515    5.719    6.307
            0.455000  0.262694  0.000000
  -77.774  -49.303  -49.078  -48.934  -21.981  -21.947  -20.486  -19.864  -15.563  -15.330
  -12.300  -11.667  -11.031  -10.617  -10.579   -9.509   -8.950   -8.211   -7.762   -7.469
   -6.364   -4.215   -4.006   -2.924   -2.358   -2.049   -1.651    1.575    2.162    3.719
    4.377    5.151    5.522    5.723    6.307
            0.450000  0.259808  0.000000
  -77.774  -49.301  -49.077  -48.934  -22.005  -21.971  -20.488  -19.861  -15.535  -15.302
  -12.307  -11.652  -11.026  -10.611  -10.574   -9.505   -8.945   -8.221   -7.762   -7.476
   -6.366   -4.210   -4.001   -2.918   -2.337   -2.052   -1.645    1.585    2.172    3.709
    4.352    5.144    5.528    5.727    6.306
            0.445000  0.256921  0.000000
  -77.775  -49.300  -49.077  -48.935  -22.031  -21.996  -20.490  -19.859  -15.505  -15.272
  -12.314  -11.636  -11.020  -10.605  -10.568   -9.501   -8.939   -8.233   -7.761   -7.484
   -6.368   -4.205   -3.995   -2.912   -2.315   -2.056   -1.637    1.595    2.184    3.698
    4.324    5.137    5.536    5.732    6.306
            0.440000  0.254034  0.000000
  -77.775  -49.298  -49.077  -48.935  -22.058  -22.023  -20.494  -19.857  -15.473  -15.240
  -12.322  -11.618  -11.013  -10.599  -10.561   -9.497   -8.933   -8.245   -7.761   -7.493
   -6.371   -4.199   -3.989   -2.907   -2.290   -2.060   -1.628    1.607    2.196    3.686
    4.294    5.128    5.544    5.737    6.305
            0.435000  0.251147  0.000000
  -77.775  -49.296  -49.076  -48.935  -22.088  -22.052  -20.498  -19.854  -15.438  -15.204
  -12.330  -11.600  -11.006  -10.591  -10.554   -9.492   -8.926   -8.257   -7.761   -7.503
   -6.374   -4.192   -3.983   -2.901   -2.264   -2.065   -1.619    1.620    2.209    3.673
    4.262    5.120    5.552    5.742    6.304
            0.430000  0.248261  0.000000
  -77.775  -49.295  -49.076  -48.936  -22.120  -22.083  -20.502  -19.853  -15.400  -15.166
  -12.338  -11.581  -10.999  -10.583  -10.547   -9.487   -8.919   -8.271   -7.760   -7.513
   -6.377   -4.185   -3.976   -2.895   -2.235   -2.070   -1.608    1.634    2.223    3.658
    4.228    5.110    5.561    5.747    6.303
            0.425000  0.245374  0.000000
  -77.776  -49.293  -49.075  -48.936  -22.152  -22.115  -20.508  -19.851  -15.360  -15.126
  -12.347  -11.561  -10.992  -10.575  -10.539   -9.480   -8.911   -8.285   -7.760   -7.524
   -6.380   -4.177   -3.969   -2.889   -2.205   -2.075   -1.596    1.649    2.238    3.643
    4.192    5.101    5.570    5.753    6.301
            0.420000  0.242487  0.000000
  -77.776  -49.290  -49.075  -48.937  -22.187  -22.149  -20.514  -19.850  -15.318  -15.083
  -12.356  -11.540  -10.984  -10.566  -10.530   -9.474   -8.902   -8.299   -7.759   -7.536
   -6.383   -4.169   -3.962   -2.884   -2.173   -2.081   -1.582    1.664    2.253    3.626
    4.155    5.092    5.579    5.759    6.300
            0.415000  0.239600  0.000000
  -77.776  -49.288  -49.074  -48.937  -22.222  -22.184  -20.520  -19.849  -15.273  -15.037
  -12.366  -11.518  -10.976  -10.556  -10.521   -9.466   -8.893   -8.313   -7.759   -7.548
   -6.386   -4.161   -3.954   -2.879   -2.139   -2.087   -1.567    1.681    2.270    3.609
    4.116    5.083    5.588    5.764    6.298
            0.410000  0.236714  0.000000
  -77.777  -49.286  -49.074  -48.937  -22.259  -22.220  -20.528  -19.848  -15.226  -14.989
  -12.376  -11.496  -10.967  -10.546  -10.511   -9.458   -8.884   -8.328   -7.758   -7.561
   -6.389   -4.152   -3.946   -2.874   -2.103   -2.094   -1.551    1.698    2.286    3.590
    4.076    5.073    5.598    5.770    6.295
            0.405000  0.233827  0.000000
  -77.777  -49.283  -49.073  -48.938  -22.297  -22.257  -20.537  -19.848  -15.177  -14.939
  -12.386  -11.473  -10.959  -10.536  -10.501   -9.449   -8.873   -8.344   -7.757   -7.574
   -6.392   -4.142   -3.937   -2.870   -2.101   -2.066   -1.533    1.716    2.304    3.571
    4.035    5.064    5.607    5.776    6.292
            0.400000  0.230940  0.000000
  -77.777  -49.281  -49.073  -48.938  -22.336  -22.295  -20.546  -19.848  -15.126  -14.887
  -12.396  -11.449  -10.950  -10.524  -10.490   -9.439   -8.863   -8.359   -7.757   -7.588
   -6.394   -4.132   -3.928   -2.867   -2.108   -2.028   -1.514    1.735    2.321    3.551
    3.992    5.056    5.616    5.782    6.289
            0.395000  0.228053  0.000000
  -77.778  -49.278  -49.072  -48.939  -22.376  -22.334  -20.556  -19.849  -15.073  -14.832
  -12.406  -11.425  -10.941  -10.513  -10.479   -9.428   -8.852   -8.375   -7.756   -7.603
   -6.397   -4.122   -3.919   -2.865   -2.115   -1.987   -1.493    1.754    2.339    3.530
    3.949    5.047    5.625    5.787    6.285
            0.390000  0.225167  0.000000
  -77.778  -49.275  -49.071  -48.940  -22.417  -22.374  -20.567  -19.851  -15.019  -14.775
  -12.417  -11.401  -10.931  -10.501  -10.467   -9.416   -8.840   -8.391   -7.755   -7.618
   -6.399   -4.111   -3.910   -2.863   -2.123   -1.946   -1.470    1.774    2.357    3.508
    3.904    5.039    5.633    5.792    6.280
            0.385000  0.222280  0.000000
  -77.778  -49.272  -49.071  -48.940  -22.458  -22.415  -20.579  -19.853  -14.962  -14.716
  -12.428  -11.376  -10.922  -10.488  -10.455   -9.403   -8.828   -8.406   -7.754   -7.634
   -6.401   -4.100   -3.900   -2.862   -2.132   -1.903   -1.446    1.795    2.375    3.486
    3.859    5.031    5.642    5.797    6.275
            0.380000  0.219393  0.000000
  -77.779  -49.269  -49.070  -48.941  -22.500  -22.456  -20.592  -19.855  -14.904  -14.655
  -12.439  -11.352  -10.912  -10.475  -10.442   -9.389   -8.816   -8.422   -7.753   -7.651
   -6.403   -4.088   -3.891   -2.862   -2.141   -1.858   -1.420    1.816    2.393    3.463
    3.814    5.024    5.650    5.802    6.269
            0.375000  0.216506  0.000000
  -77.779  -49.266  -49.069  -48.941  -22.543  -22.498  -20.606  -19.858  -14.845  -14.593
  -12.450  -11.327  -10.901  -10.461  -10.428   -9.375   -8.803   -8.438   -7.751   -7.667
   -6.404   -4.076   -3.881   -2.863   -2.150   -1.813   -1.392    1.837    2.411    3.441
    3.768    5.017    5.657    5.806    6.262
            0.370000  0.213620  0.000000
  -77.780  -49.262  -49.068  -48.942  -22.586  -22.540  -20.620  -19.862  -14.784  -14.528
  -12.461  -11.303  -10.890  -10.446  -10.415   -9.359   -8.789   -8.454   -7.750   -7.685
   -6.405   -4.063   -3.871   -2.865   -2.159   -1.766   -1.363    1.859    2.428    3.418
    3.721    5.010    5.665    5.809    6.254
            0.365000  0.210733  0.000000
  -77.780  -49.259  -49.068  -48.943  -22.629  -22.583  -20.636  -19.866  -14.722  -14.461
  -12.472  -11.280  -10.879  -10.432  -10.400   -9.342   -8.775   -8.470   -7.748   -7.702
   -6.406   -4.051   -3.861   -2.868   -2.169   -1.718   -1.332    1.881    2.444    3.396
    3.674    5.003    5.671    5.812    6.245
            0.360000  0.207846  0.000000
  -77.781  -49.255  -49.067  -48.943  -22.673  -22.626  -20.652  -19.871  -14.659  -14.393
  -12.483  -11.257  -10.866  -10.416  -10.386   -9.324   -8.761   -8.486   -7.746   -7.721
   -6.406   -4.037   -3.850   -2.872   -2.180   -1.669   -1.299    1.903    2.459    3.374
    3.628    4.997    5.678    5.813    6.235
            0.355000  0.204959  0.000000
  -77.781  -49.252  -49.066  -48.944  -22.717  -22.669  -20.668  -19.876  -14.595  -14.323
  -12.494  -11.234  -10.853  -10.401  -10.371   -9.305   -8.746   -8.502   -7.744   -7.739
   -6.405   -4.024   -3.840   -2.877   -2.190   -1.619   -1.265    1.925    2.473    3.353
    3.581    4.990    5.683    5.814    6.224
            0.350000  0.202073  0.000000
  -77.782  -49.248  -49.065  -48.945  -22.761  -22.713  -20.686  -19.882  -14.530  -14.251
  -12.504  -11.213  -10.839  -10.385  -10.355   -9.285   -8.730   -8.517   -7.758   -7.741
   -6.404   -4.010   -3.830   -2.883   -2.201   -1.568   -1.229    1.947    2.485    3.333
    3.535    4.984    5.688    5.814    6.212
            0.345000  0.199186  0.000000
  -77.782  -49.244  -49.064  -48.945  -22.806  -22.756  -20.704  -19.888  -14.465  -14.178
  -12.514  -11.194  -10.823  -10.368  -10.339   -9.265   -8.715   -8.533   -7.778   -7.739
   -6.402   -3.995   -3.819   -2.890   -2.213   -1.516   -1.191    1.968    2.495    3.314
    3.490    4.977    5.692    5.812    6.198
            0.340000  0.196299  0.000000
  -77.783  -49.240  -49.063  -48.946  -22.850  -22.800  -20.723  -19.895  -14.400  -14.104
  -12.524  -11.176  -10.806  -10.351  -10.323   -9.243   -8.699   -8.548   -7.797   -7.736
   -6.399   -3.981   -3.809   -2.898   -2.224   -1.463   -1.152    1.989    2.503    3.296
    3.445    4.970    5.695    5.810    6.183
            0.335000  0.193412  0.000000
  -77.783  -49.236  -49.063  -48.947  -22.895  -22.844  -20.742  -19.902  -14.334  -14.028
  -12.533  -11.159  -10.787  -10.333  -10.306   -9.220   -8.682   -8.564   -7.817   -7.732
   -6.396   -3.966   -3.798   -2.907   -2.237   -1.409   -1.112    2.009    2.508    3.280
    3.402    4.962    5.696    5.806    6.166
            0.330000  0.190526  0.000000
  -77.784  -49.232  -49.062  -48.948  -22.939  -22.888  -20.762  -19.910  -14.268  -13.950
  -12.540  -11.145  -10.767  -10.316  -10.289   -9.196   -8.665   -8.579   -7.837   -7.729
   -6.391   -3.951   -3.787   -2.916   -2.249   -1.355   -1.070    2.028    2.510    3.265
    3.361    4.953    5.696    5.800    6.148
            0.325000  0.187639  0.000000
  -77.784  -49.228  -49.061  -48.948  -22.984  -22.932  -20.783  -19.918  -14.203  -13.872
  -12.547  -11.133  -10.745  -10.297  -10.271   -9.171   -8.648   -8.594   -7.858   -7.725
   -6.386   -3.935   -3.777   -2.927   -2.262   -1.300   -1.027    2.046    2.509    3.249
    3.324    4.944    5.694    5.793    6.128
            0.320000  0.184752  0.000000
  -77.785  -49.224  -49.060  -48.949  -23.028  -22.975  -20.804  -19.927  -14.139  -13.792
  -12.552  -11.122  -10.720  -10.279  -10.253   -9.146   -8.630   -8.609   -7.879   -7.720
   -6.380   -3.919   -3.766   -2.938   -2.275   -1.244   -0.982    2.062    2.505    3.229
    3.296    4.933    5.690    5.783    6.106
            0.315000  0.181865  0.000000
  -77.785  -49.220  -49.059  -48.950  -23.073  -23.019  -20.825  -19.936  -14.076  -13.711
  -12.555  -11.114  -10.695  -10.259  -10.235   -9.120   -8.623   -8.612   -7.900   -7.716
   -6.373   -3.903   -3.756   -2.949   -2.289   -1.188   -0.937    2.076    2.498    3.202
    3.278    4.921    5.683    5.772    6.074
            0.310000  0.178979  0.000000
  -77.786  -49.216  -49.058  -48.951  -23.117  -23.062  -20.847  -19.945  -14.014  -13.629
  -12.556  -11.107  -10.667  -10.240  -10.216   -9.093   -8.638   -8.593   -7.921   -7.711
   -6.365   -3.887   -3.745   -2.962   -2.303   -1.131   -0.890    2.089    2.487    3.170
    3.269    4.906    5.674    5.759    6.037
            0.305000  0.176092  0.000000
  -77.787  -49.211  -49.057  -48.951  -23.161  -23.106  -20.869  -19.955  -13.955  -13.546
  -12.555  -11.102  -10.638  -10.220  -10.197   -9.066   -8.651   -8.575   -7.942   -7.705
   -6.356   -3.870   -3.735   -2.975   -2.318   -1.074   -0.843    2.098    2.474    3.137
    3.266    4.890    5.661    5.744    5.999
            0.300000  0.173205  0.000000
  -77.787  -49.207  -49.056  -48.952  -23.204  -23.149  -20.892  -19.965  -13.898  -13.462
  -12.550  -11.099  -10.607  -10.200  -10.177   -9.038   -8.665   -8.556   -7.964   -7.700
   -6.346   -3.853   -3.725   -2.988   -2.332   -1.016   -0.794    2.105    2.458    3.105
    3.266    4.872    5.645    5.726    5.961
            0.295000  0.170318  0.000000
  -77.788  -49.203  -49.055  -48.953  -23.248  -23.191  -20.915  -19.975  -13.844  -13.377
  -12.542  -11.097  -10.576  -10.180  -10.158   -9.011   -8.677   -8.536   -7.985   -7.693
   -6.335   -3.836   -3.714   -3.002   -2.347   -0.958   -0.745    2.108    2.440    3.075
    3.268    4.850    5.625    5.707    5.924
            0.290000  0.167432  0.000000
  -77.788  -49.198  -49.054  -48.954  -23.291  -23.234  -20.938  -19.986  -13.794  -13.292
  -12.530  -11.096  -10.543  -10.159  -10.138   -8.984   -8.689   -8.517   -8.007   -7.687
   -6.324   -3.819   -3.704   -3.017   -2.363   -0.900   -0.696    2.109    2.419    3.047
    3.272    4.827    5.601    5.684    5.887
            0.285000  0.164545  0.000000
  -77.789  -49.194  -49.053  -48.955  -23.333  -23.276  -20.962  -19.997  -13.748  -13.205
  -12.513  -11.097  -10.509  -10.138  -10.118   -8.958   -8.699   -8.497   -8.028   -7.680
   -6.311   -3.802   -3.694   -3.031   -2.378   -0.841   -0.645    2.105    2.397    3.021
    3.277    4.800    5.574    5.660    5.851
            0.280000  0.161658  0.000000
  -77.790  -49.189  -49.052  -48.956  -23.376  -23.318  -20.985  -20.008  -13.707  -13.118
  -12.491  -11.098  -10.474  -10.116  -10.097   -8.934   -8.707   -8.477   -8.050   -7.673
   -6.297   -3.784   -3.684   -3.046   -2.395   -0.783   -0.594    2.099    2.373    2.999
    3.282    4.770    5.543    5.633    5.815
            0.275000  0.158771  0.000000
  -77.790  -49.184  -49.051  -48.957  -23.418  -23.359  -21.009  -20.020  -13.670  -13.030
  -12.463  -11.101  -10.439  -10.095  -10.076   -8.913   -8.712   -8.456   -8.071   -7.665
   -6.282   -3.767   -3.674   -3.062   -2.411   -0.724   -0.543    2.088    2.347    2.980
    3.287    4.736    5.509    5.603    5.780
            0.270000  0.155885  0.000000
  -77.791  -49.180  -49.050  -48.957  -23.459  -23.400  -21.033  -20.031  -13.639  -12.942
  -12.430  -11.104  -10.402  -10.073  -10.055   -8.896   -8.712   -8.436   -8.093   -7.657
   -6.266   -3.749   -3.664   -3.077   -2.428   -0.666   -0.492    2.075    2.320    2.963
    3.291    4.700    5.472    5.571    5.745
            0.265000  0.152998  0.000000
  -77.792  -49.175  -49.048  -48.958  -23.500  -23.440  -21.057  -20.043  -13.614  -12.853
  -12.392  -11.108  -10.366  -10.051  -10.034   -8.885   -8.706   -8.415   -8.114   -7.648
   -6.250   -3.731   -3.654   -3.092   -2.445   -0.607   -0.440    2.059    2.292    2.949
    3.295    4.660    5.434    5.537    5.711
            0.260000  0.150111  0.000000
  -77.792  -49.171  -49.047  -48.959  -23.541  -23.480  -21.081  -20.055  -13.594  -12.764
  -12.347  -11.113  -10.328  -10.028  -10.013   -8.881   -8.693   -8.395   -8.135   -7.639
   -6.232   -3.713   -3.645   -3.108   -2.462   -0.549   -0.389    2.040    2.263    2.938
    3.297    4.618    5.394    5.500    5.678
            0.255000  0.147224  0.000000
  -77.793  -49.166  -49.046  -48.960  -23.581  -23.520  -21.106  -20.067  -13.579  -12.675
  -12.298  -11.118  -10.291  -10.006   -9.991   -8.882   -8.674   -8.375   -8.156   -7.630
   -6.214   -3.695   -3.635   -3.123   -2.479   -0.492   -0.338    2.019    2.233    2.928
    3.298    4.572    5.352    5.461    5.633
            0.250000  0.144338  0.000000
  -77.793  -49.161  -49.045  -48.961  -23.620  -23.559  -21.130  -20.079  -13.568  -12.585
  -12.243  -11.124  -10.252   -9.983   -9.969   -8.888   -8.650   -8.355   -8.176   -7.620
   -6.194   -3.677   -3.625   -3.139   -2.497   -0.434   -0.287    1.996    2.203    2.921
    3.297    4.523    5.310    5.419    5.583
            0.245000  0.141451  0.000000
  -77.794  -49.157  -49.044  -48.962  -23.659  -23.597  -21.154  -20.091  -13.562  -12.495
  -12.184  -11.130  -10.214   -9.961   -9.947   -8.897   -8.624   -8.336   -8.194   -7.610
   -6.174   -3.658   -3.616   -3.154   -2.515   -0.378   -0.237    1.973    2.172    2.914
    3.294    4.472    5.268    5.375    5.531
            0.240000  0.138564  0.000000
  -77.795  -49.152  -49.043  -48.963  -23.698  -23.635  -21.178  -20.103  -13.560  -12.405
  -12.121  -11.136  -10.175   -9.938   -9.925   -8.908   -8.596   -8.320   -8.210   -7.599
   -6.153   -3.640   -3.606   -3.169   -2.534   -0.323   -0.188    1.949    2.141    2.908
    3.289    4.418    5.226    5.330    5.477
            0.235000  0.135677  0.000000
  -77.795  -49.147  -49.042  -48.963  -23.736  -23.673  -21.203  -20.115  -13.561  -12.316
  -12.054  -11.142  -10.136   -9.915   -9.903   -8.920   -8.566   -8.309   -8.220   -7.589
   -6.132   -3.622   -3.597   -3.184   -2.552   -0.269   -0.139    1.925    2.111    2.902
    3.282    4.362    5.184    5.282    5.422
            0.230000  0.132791  0.000000
  -77.796  -49.143  -49.041  -48.964  -23.773  -23.709  -21.227  -20.128  -13.565  -12.226
  -11.985  -11.148  -10.097   -9.892   -9.881   -8.933   -8.536   -8.307   -8.221   -7.578
   -6.110   -3.604   -3.588   -3.198   -2.571   -0.216   -0.092    1.901    2.081    2.897
    3.272    4.304    5.143    5.233    5.366
            0.225000  0.129904  0.000000
  -77.796  -49.138  -49.040  -48.965  -23.810  -23.746  -21.250  -20.140  -13.572  -12.137
  -11.912  -11.154  -10.058   -9.869   -9.858   -8.947   -8.506   -8.316   -8.211   -7.566
   -6.087   -3.586   -3.579   -3.212   -2.590   -0.166   -0.046    1.879    2.051    2.891
    3.260    4.244    5.103    5.182    5.308
            0.220000  0.127017  0.000000
  -77.797  -49.133  -49.039  -48.966  -23.846  -23.781  -21.274  -20.152  -13.581  -12.048
  -11.838  -11.160  -10.019   -9.846   -9.836   -8.961   -8.476   -8.330   -8.195   -7.554
   -6.064   -3.569   -3.568   -3.226   -2.609   -0.117   -0.002    1.857    2.023    2.885
    3.246    4.183    5.063    5.130    5.250
            0.215000  0.124130  0.000000
  -77.798  -49.129  -49.038  -48.967  -23.882  -23.816  -21.298  -20.164  -13.592  -11.960
  -11.762  -11.165   -9.979   -9.823   -9.813   -8.975   -8.445   -8.347   -8.176   -7.543
   -6.040   -3.560   -3.549   -3.239   -2.628   -0.071    0.040    1.838    1.997    2.878
    3.230    4.120    5.024    5.077    5.191
            0.210000  0.121244  0.000000
  -77.798  -49.124  -49.037  -48.968  -23.916  -23.850  -21.321  -20.176  -13.604  -11.874
  -11.684  -11.169   -9.940   -9.800   -9.791   -8.989   -8.415   -8.365   -8.156   -7.530
   -6.016   -3.551   -3.531   -3.251   -2.648   -0.028    0.080    1.820    1.972    2.870
    3.211    4.057    4.986    5.022    5.131
            0.205000  0.118357  0.000000
  -77.799  -49.120  -49.036  -48.969  -23.951  -23.884  -21.344  -20.189  -13.618  -11.789
  -11.605  -11.172   -9.901   -9.777   -9.768   -9.004   -8.385   -8.384   -8.135   -7.518
   -5.992   -3.542   -3.514   -3.263   -2.667    0.012    0.117    1.806    1.950    2.862
    3.190    3.992    4.949    4.967    5.071
            0.200000  0.115470  0.000000
  -77.800  -49.115  -49.035  -48.969  -23.984  -23.917  -21.367  -20.201  -13.632  -11.707
  -11.525  -11.173   -9.862   -9.754   -9.745   -9.019   -8.403   -8.355   -8.113   -7.506
   -5.968   -3.532   -3.496   -3.274   -2.687    0.047    0.152    1.794    1.930    2.852
    3.167    3.927    4.911    4.913    5.010
            0.195000  0.112583  0.000000
  -77.800  -49.111  -49.034  -48.970  -24.017  -23.949  -21.390  -20.212  -13.648  -11.628
  -11.444  -11.170   -9.823   -9.732   -9.722   -9.033   -8.422   -8.326   -8.091   -7.494
   -5.943   -3.523   -3.478   -3.284   -2.706    0.078    0.184    1.786    1.913    2.842
    3.142    3.862    4.854    4.878    4.949
            0.190000  0.109697  0.000000
  -77.801  -49.106  -49.033  -48.971  -24.049  -23.981  -21.412  -20.224  -13.664  -11.556
  -11.363  -11.161   -9.784   -9.709   -9.700   -9.048   -8.441   -8.297   -8.069   -7.481
   -5.918   -3.514   -3.461   -3.294   -2.726    0.104    0.212    1.782    1.900    2.830
    3.115    3.797    4.797    4.843    4.888
            0.185000  0.106810  0.000000
  -77.801  -49.102  -49.032  -48.972  -24.080  -24.012  -21.434  -20.236  -13.680  -11.493
  -11.282  -11.144   -9.745   -9.687   -9.677   -9.062   -8.460   -8.269   -8.047   -7.469
   -5.893   -3.504   -3.444   -3.302   -2.746    0.125    0.237    1.781    1.890    2.818
    3.088    3.732    4.739    4.809    4.828
            0.180000  0.103923  0.000000
  -77.802  -49.098  -49.031  -48.973  -24.111  -24.042  -21.455  -20.247  -13.698  -11.443
  -11.201  -11.114   -9.707   -9.665   -9.654   -9.076   -8.478   -8.241   -8.025   -7.457
   -5.868   -3.495   -3.427   -3.310   -2.766    0.140    0.259    1.786    1.885    2.804
    3.059    3.667    4.682    4.767    4.775
            0.175000  0.101036  0.000000
  -77.802  -49.093  -49.030  -48.973  -24.141  -24.072  -21.477  -20.259  -13.715  -11.407
  -11.121  -11.069   -9.669   -9.644   -9.632   -9.090   -8.496   -8.214   -8.003   -7.446
   -5.844   -3.486   -3.410   -3.317   -2.786    0.150    0.276    1.794    1.884    2.790
    3.029    3.602    4.624    4.707    4.742
            0.170000  0.098150  0.000000
  -77.803  -49.089  -49.029  -48.974  -24.170  -24.100  -21.497  -20.270  -13.733  -11.385
  -11.042  -11.010   -9.631   -9.622   -9.610   -9.104   -8.514   -8.188   -7.981   -7.434
   -5.819   -3.476   -3.393   -3.322   -2.805    0.154    0.288    1.806    1.888    2.775
    2.998    3.538    4.567    4.647    4.710
            0.165000  0.095263  0.000000
  -77.803  -49.085  -49.028  -48.975  -24.198  -24.128  -21.518  -20.281  -13.750  -11.373
  -10.966  -10.940   -9.601   -9.594   -9.587   -9.117   -8.532   -8.162   -7.960   -7.423
   -5.795   -3.467   -3.377   -3.327   -2.825    0.153    0.296    1.822    1.896    2.760
    2.967    3.476    4.510    4.587    4.677
            0.160000  0.092376  0.000000
  -77.804  -49.081  -49.027  -48.976  -24.226  -24.156  -21.538  -20.291  -13.768  -11.368
  -10.890  -10.863   -9.581   -9.566   -9.558   -9.130   -8.549   -8.137   -7.938   -7.413
   -5.772   -3.457   -3.361   -3.330   -2.844    0.147    0.299    1.842    1.909    2.744
    2.936    3.414    4.454    4.529    4.645
            0.155000  0.089489  0.000000
  -77.805  -49.077  -49.026  -48.976  -24.253  -24.182  -21.557  -20.302  -13.786  -11.367
  -10.814  -10.783   -9.560   -9.544   -9.521   -9.143   -8.565   -8.112   -7.917   -7.403
   -5.748   -3.448   -3.345   -3.332   -2.864    0.136    0.298    1.865    1.926    2.727
    2.905    3.354    4.398    4.471    4.612
            0.150000  0.086603  0.000000
  -77.805  -49.073  -49.025  -48.977  -24.279  -24.208  -21.576  -20.312  -13.803  -11.369
  -10.738  -10.703   -9.540   -9.523   -9.486   -9.155   -8.582   -8.088   -7.896   -7.394
   -5.725   -3.439   -3.333   -3.329   -2.883    0.120    0.293    1.891    1.947    2.711
    2.875    3.296    4.343    4.414    4.580
            0.145000  0.083716  0.000000
  -77.806  -49.070  -49.024  -48.978  -24.304  -24.233  -21.595  -20.322  -13.821  -11.372
  -10.662  -10.624   -9.520   -9.501   -9.452   -9.166   -8.597   -8.064   -7.875   -7.385
   -5.703   -3.430   -3.332   -3.314   -2.902    0.101    0.283    1.918    1.972    2.694
    2.846    3.239    4.288    4.358    4.547
            0.140000  0.080829  0.000000
  -77.806  -49.066  -49.024  -48.979  -24.329  -24.257  -21.613  -20.332  -13.838  -11.377
  -10.587  -10.544   -9.501   -9.481   -9.418   -9.177   -8.613   -8.041   -7.854   -7.378
   -5.681   -3.421   -3.330   -3.300   -2.921    0.078    0.269    1.947    1.999    2.677
    2.819    3.186    4.235    4.303    4.515
            0.135000  0.077942  0.000000
  -77.807  -49.062  -49.023  -48.979  -24.353  -24.280  -21.631  -20.341  -13.855  -11.382
  -10.512  -10.466   -9.482   -9.461   -9.386   -9.186   -8.628   -8.019   -7.834   -7.371
   -5.660   -3.413   -3.326   -3.285   -2.940    0.052    0.252    1.977    2.028    2.660
    2.793    3.136    4.183    4.250    4.482
            0.130000  0.075056  0.000000
  -77.807  -49.059  -49.022  -48.980  -24.376  -24.303  -21.648  -20.351  -13.871  -11.388
  -10.439  -10.388   -9.464   -9.441   -9.356   -9.194   -8.642   -7.997   -7.814   -7.365
   -5.640   -3.405   -3.320   -3.271   -2.958    0.023    0.231    2.007    2.057    2.642
    2.771    3.090    4.131    4.197    4.449
            0.125000  0.072169  0.000000
  -77.807  -49.055  -49.021  -48.980  -24.398  -24.325  -21.665  -20.360  -13.887  -11.394
  -10.367  -10.311   -9.446   -9.421   -9.328   -9.199   -8.656   -7.976   -7.795   -7.360
   -5.620   -3.397   -3.314   -3.258   -2.976   -0.008    0.208    2.037    2.086    2.623
    2.752    3.048    4.081    4.146    4.416
            0.120000  0.069282  0.000000
  -77.808  -49.052  -49.020  -48.981  -24.419  -24.346  -21.681  -20.368  -13.903  -11.400
  -10.297  -10.235   -9.428   -9.402   -9.306   -9.199   -8.670   -7.955   -7.776   -7.356
   -5.601   -3.389   -3.305   -3.245   -2.993   -0.040    0.183    2.066    2.114    2.603
    2.738    3.013    4.033    4.097    4.382
            0.115000  0.066395  0.000000
  -77.808  -49.049  -49.020  -48.982  -24.439  -24.366  -21.696  -20.377  -13.919  -11.406
  -10.229  -10.160   -9.411   -9.384   -9.290   -9.192   -8.683   -7.935   -7.758   -7.353
   -5.583   -3.382   -3.296   -3.232   -3.010   -0.074    0.156    2.093    2.139    2.580
    2.730    2.984    3.985    4.049    4.349
            0.110000  0.063509  0.000000
  -77.809  -49.046  -49.019  -48.982  -24.459  -24.385  -21.711  -20.385  -13.934  -11.412
  -10.163  -10.087   -9.395   -9.366   -9.283   -9.178   -8.695   -7.915   -7.740   -7.351
   -5.566   -3.374   -3.286   -3.220   -3.027   -0.110    0.127    2.117    2.160    2.555
    2.729    2.963    3.940    4.002    4.315
            0.105000  0.060622  0.000000
  -77.809  -49.043  -49.018  -48.983  -24.478  -24.404  -21.725  -20.393  -13.948  -11.419
  -10.099  -10.016   -9.379   -9.349   -9.282   -9.157   -8.707   -7.896   -7.722   -7.350
   -5.550   -3.367   -3.275   -3.208   -3.043   -0.146    0.097    2.137    2.177    2.527
    2.733    2.951    3.895    3.957    4.281
            0.100000  0.057735  0.000000
  -77.809  -49.040  -49.018  -48.983  -24.496  -24.421  -21.739  -20.400  -13.962  -11.425
  -10.038   -9.946   -9.364   -9.332   -9.284   -9.133   -8.718   -7.877   -7.705   -7.350
   -5.534   -3.359   -3.263   -3.197   -3.059   -0.182    0.066    2.154    2.190    2.498
    2.745    2.949    3.853    3.914    4.247
            0.095000  0.054848  0.000000
  -77.810  -49.037  -49.017  -48.984  -24.513  -24.438  -21.752  -20.407  -13.975  -11.430
   -9.979   -9.878   -9.349   -9.316   -9.287   -9.109   -8.729   -7.859   -7.689   -7.352
   -5.520   -3.351   -3.250   -3.187   -3.073   -0.219    0.035    2.166    2.197    2.467
    2.762    2.955    3.812    3.873    4.212
            0.090000  0.051962  0.000000
  -77.810  -49.035  -49.017  -48.984  -24.529  -24.454  -21.765  -20.414  -13.988  -11.436
   -9.923   -9.813   -9.336   -9.300   -9.290   -9.084   -8.739   -7.841   -7.673   -7.355
   -5.506   -3.343   -3.238   -3.177   -3.087   -0.256    0.004    2.174    2.200    2.435
    2.785    2.969    3.773    3.833    4.178
            0.085000  0.049075  0.000000
  -77.810  -49.032  -49.016  -48.985  -24.544  -24.469  -21.776  -20.421  -14.000  -11.442
   -9.871   -9.749   -9.322   -9.293   -9.286   -9.059   -8.749   -7.823   -7.658   -7.358
   -5.494   -3.335   -3.225   -3.169   -3.100   -0.292   -0.028    2.178    2.200    2.403
    2.813    2.991    3.735    3.795    4.143
            0.080000  0.046188  0.000000
  -77.811  -49.030  -49.015  -48.985  -24.559  -24.484  -21.788  -20.427  -14.012  -11.447
   -9.822   -9.688   -9.310   -9.295   -9.272   -9.035   -8.758   -7.806   -7.644   -7.363
   -5.482   -3.327   -3.211   -3.163   -3.110   -0.328   -0.059    2.178    2.196    2.371
    2.845    3.018    3.700    3.759    4.108
            0.075000  0.043301  0.000000
  -77.811  -49.028  -49.015  -48.986  -24.573  -24.497  -21.798  -20.433  -14.023  -11.452
   -9.776   -9.629   -9.298   -9.296   -9.258   -9.012   -8.766   -7.789   -7.630   -7.369
   -5.472   -3.319   -3.198   -3.160   -3.117   -0.363   -0.089    2.175    2.191    2.340
    2.880    3.049    3.666    3.726    4.073
            0.070000  0.040415  0.000000
  -77.811  -49.026  -49.014  -48.986  -24.585  -24.510  -21.808  -20.438  -14.033  -11.457
   -9.735   -9.573   -9.296   -9.287   -9.246   -8.990   -8.774   -7.773   -7.618   -7.376
   -5.462   -3.310   -3.185   -3.162   -3.119   -0.397   -0.119    2.169    2.184    2.311
    2.918    3.084    3.634    3.694    4.038
            0.065000  0.037528  0.000000
  -77.812  -49.024  -49.014  -48.986  -24.597  -24.521  -21.818  -20.443  -14.043  -11.461
   -9.697   -9.520   -9.294   -9.276   -9.234   -8.969   -8.782   -7.756   -7.605   -7.384
   -5.453   -3.302   -3.172   -3.168   -3.117   -0.430   -0.147    2.161    2.176    2.284
    2.958    3.121    3.605    3.664    4.003
            0.060000  0.034641  0.000000
  -77.812  -49.022  -49.014  -48.987  -24.608  -24.532  -21.826  -20.448  -14.052  -11.465
   -9.664   -9.470   -9.291   -9.267   -9.223   -8.949   -8.788   -7.740   -7.594   -7.393
   -5.445   -3.294   -3.176   -3.160   -3.112   -0.461   -0.175    2.151    2.167    2.260
    2.999    3.159    3.577    3.636    3.968
            0.055000  0.031754  0.000000
  -77.812  -49.020  -49.013  -48.987  -24.619  -24.542  -21.834  -20.452  -14.061  -11.469
   -9.635   -9.423   -9.285   -9.258   -9.212   -8.930   -8.794   -7.725   -7.583   -7.403
   -5.437   -3.286   -3.185   -3.148   -3.107   -0.491   -0.201    2.139    2.157    2.239
    3.040    3.197    3.552    3.610    3.933
            0.050000  0.028868  0.000000
  -77.812  -49.019  -49.013  -48.987  -24.628  -24.551  -21.842  -20.456  -14.068  -11.473
   -9.611   -9.379   -9.278   -9.250   -9.203   -8.913   -8.800   -7.709   -7.574   -7.413
   -5.431   -3.278   -3.193   -3.136   -3.102   -0.519   -0.225    2.126    2.147    2.221
    3.083    3.235    3.528    3.587    3.898
            0.045000  0.025981  0.000000
  -77.812  -49.017  -49.013  -48.987  -24.636  -24.560  -21.848  -20.460  -14.075  -11.476
   -9.590   -9.339   -9.270   -9.243   -9.194   -8.897   -8.805   -7.694   -7.565   -7.425
   -5.425   -3.271   -3.201   -3.125   -3.097   -0.545   -0.248    2.112    2.136    2.207
    3.125    3.271    3.507    3.565    3.863
            0.040000  0.023094  0.000000
  -77.813  -49.016  -49.012  -48.988  -24.644  -24.567  -21.854  -20.463  -14.081  -11.479
   -9.574   -9.303   -9.260   -9.236   -9.187   -8.882   -8.809   -7.679   -7.557   -7.437
   -5.420   -3.264   -3.208   -3.115   -3.092   -0.568   -0.268    2.097    2.127    2.195
    3.167    3.306    3.488    3.546    3.828
            0.035000  0.020207  0.000000
  -77.813  -49.015  -49.012  -48.988  -24.650  -24.574  -21.859  -20.466  -14.087  -11.481
   -9.561   -9.272   -9.249   -9.230   -9.180   -8.869   -8.813   -7.664   -7.550   -7.449
   -5.416   -3.258   -3.215   -3.106   -3.088   -0.590   -0.287    2.083    2.119    2.185
    3.209    3.338    3.471    3.529    3.793
            0.030000  0.017321  0.000000
  -77.813  -49.014  -49.012  -48.988  -24.656  -24.579  -21.864  -20.469  -14.092  -11.484
   -9.551   -9.249   -9.234   -9.225   -9.174   -8.858   -8.817   -7.649   -7.544   -7.462
   -5.412   -3.253   -3.221   -3.098   -3.084   -0.609   -0.303    2.070    2.111    2.178
    3.250    3.368    3.456    3.514    3.758
            0.025000  0.014434  0.000000
  -77.813  -49.013  -49.012  -48.988  -24.661  -24.584  -21.868  -20.471  -14.096  -11.486
   -9.543   -9.236   -9.221   -9.213   -9.169   -8.848   -8.819   -7.634   -7.538   -7.475
   -5.409   -3.248   -3.226   -3.091   -3.081   -0.625   -0.317    2.058    2.105    2.172
    3.289    3.395    3.443    3.502    3.723
            0.020000  0.011547  0.000000
  -77.813  -49.012  -49.011  -48.988  -24.665  -24.588  -21.871  -20.473  -14.099  -11.487
   -9.538   -9.227   -9.218   -9.193   -9.165   -8.840   -8.822   -7.620   -7.534   -7.488
   -5.406   -3.244   -3.230   -3.085   -3.078   -0.638   -0.329    2.048    2.099    2.167
    3.327    3.418    3.433    3.492    3.689
            0.015000  0.008660  0.000000
  -77.813  -49.012  -49.011  -48.988  -24.668  -24.591  -21.873  -20.474  -14.102  -11.488
   -9.533   -9.221   -9.215   -9.178   -9.161   -8.834   -8.823   -7.606   -7.531   -7.501
   -5.404   -3.241   -3.233   -3.080   -3.076   -0.649   -0.338    2.040    2.095    2.163
    3.361    3.425    3.437    3.484    3.657
            0.010000  0.005774  0.000000
  -77.813  -49.011  -49.011  -48.988  -24.670  -24.593  -21.875  -20.475  -14.104  -11.489
   -9.531   -9.216   -9.213   -9.166   -9.159   -8.829   -8.825   -7.594   -7.528   -7.513
   -5.403   -3.238   -3.235   -3.077   -3.075   -0.656   -0.344    2.034    2.092    2.160
    3.389    3.419    3.454    3.478    3.627
            0.005000  0.002887  0.000000
  -77.813  -49.011  -49.011  -48.989  -24.672  -24.595  -21.876  -20.476  -14.105  -11.490
   -9.529   -9.212   -9.212   -9.159   -9.158   -8.827   -8.825   -7.584   -7.527   -7.523
   -5.402   -3.237   -3.236   -3.075   -3.074   -0.661   -0.348    2.030    2.090    2.159
    3.408    3.416    3.468    3.474    3.604
            0.000000  0.000000  0.000000
  -77.813  -49.011  -49.011  -48.989  -24.672  -24.595  -21.877  -20.476  -14.105  -11.490
   -9.529   -9.211   -9.211   -9.157   -9.157   -8.826   -8.826   -7.580   -7.527   -7.526
   -5.402   -3.237   -3.236   -3.074   -3.074   -0.662   -0.350    2.029    2.089    2.158
    3.414    3.415    3.473    3.474    3.595
