# energy grid [eV]  eels components [arbitrary units]
#
    0.000000000    0.000000000    0.000000000    0.000000000
    0.015015015    0.000028207    0.000028207    0.000008500
    0.030030030    0.000056432    0.000056432    0.000017001
    0.045045045    0.000084693    0.000084693    0.000025504
    0.060060060    0.000113006    0.000113006    0.000034008
    0.075075075    0.000141390    0.000141391    0.000042515
    0.090090090    0.000169864    0.000169864    0.000051025
    0.105105105    0.000198445    0.000198445    0.000059538
    0.120120120    0.000227152    0.000227152    0.000068057
    0.135135135    0.000256004    0.000256005    0.000076581
    0.150150150    0.000285022    0.000285022    0.000085110
    0.165165165    0.000314224    0.000314225    0.000093646
    0.180180180    0.000343632    0.000343633    0.000102190
    0.195195195    0.000373268    0.000373268    0.000110741
    0.210210210    0.000403152    0.000403153    0.000119301
    0.225225225    0.000433308    0.000433309    0.000127870
    0.240240240    0.000463760    0.000463761    0.000136449
    0.255255255    0.000494533    0.000494534    0.000145038
    0.270270270    0.000525652    0.000525654    0.000153639
    0.285285285    0.000557146    0.000557147    0.000162252
    0.300300300    0.000589041    0.000589042    0.000170877
    0.315315315    0.000621369    0.000621370    0.000179516
    0.330330330    0.000654161    0.000654162    0.000188169
    0.345345345    0.000687450    0.000687452    0.000196836
    0.360360360    0.000721273    0.000721275    0.000205520
    0.375375375    0.000755667    0.000755670    0.000214219
    0.390390390    0.000790673    0.000790675    0.000222936
    0.405405405    0.000826333    0.000826335    0.000231670
    0.420420420    0.000862693    0.000862696    0.000240423
    0.435435435    0.000899803    0.000899806    0.000249196
    0.450450450    0.000937716    0.000937719    0.000257988
    0.465465465    0.000976490    0.000976493    0.000266801
    0.480480480    0.001016185    0.001016188    0.000275637
    0.495495495    0.001056869    0.001056873    0.000284494
    0.510510511    0.001098615    0.001098619    0.000293376
    0.525525526    0.001141501    0.001141505    0.000302281
    0.540540541    0.001185614    0.001185619    0.000311212
    0.555555556    0.001231049    0.001231054    0.000320168
    0.570570571    0.001277909    0.001277914    0.000329152
    0.585585586    0.001326308    0.001326314    0.000338163
    0.600600601    0.001376373    0.001376379    0.000347203
    0.615615616    0.001428242    0.001428248    0.000356273
    0.630630631    0.001482070    0.001482077    0.000365374
    0.645645646    0.001538031    0.001538038    0.000374506
    0.660660661    0.001596316    0.001596325    0.000383671
    0.675675676    0.001657144    0.001657153    0.000392870
    0.690690691    0.001720759    0.001720768    0.000402104
    0.705705706    0.001787436    0.001787446    0.000411375
    0.720720721    0.001857491    0.001857502    0.000420682
    0.735735736    0.001931282    0.001931294    0.000430028
    0.750750751    0.002009221    0.002009234    0.000439413
    0.765765766    0.002091784    0.002091798    0.000448840
    0.780780781    0.002179522    0.002179537    0.000458309
    0.795795796    0.002273079    0.002273095    0.000467822
    0.810810811    0.002373209    0.002373226    0.000477380
    0.825825826    0.002480806    0.002480825    0.000486986
    0.840840841    0.002596935    0.002596956    0.000496640
    0.855855856    0.002722873    0.002722896    0.000506344
    0.870870871    0.002860169    0.002860193    0.000516101
    0.885885886    0.003010714    0.003010741    0.000525912
    0.900900901    0.003176845    0.003176875    0.000535780
    0.915915916    0.003361483    0.003361516    0.000545707
    0.930930931    0.003568318    0.003568354    0.000555697
    0.945945946    0.003802078    0.003802118    0.000565752
    0.960960961    0.004068913    0.004068957    0.000575876
    0.975975976    0.004376945    0.004376994    0.000586074
    0.990990991    0.004737097    0.004737152    0.000596352
    1.006006006    0.005164339    0.005164401    0.000606715
    1.021021021    0.005679610    0.005679681    0.000617173
    1.036036036    0.006312834    0.006312916    0.000627737
    1.051051051    0.007107688    0.007107782    0.000638424
    1.066066066    0.008129072    0.008129182    0.000649254
    1.081081081    0.009474260    0.009474392    0.000660260
    1.096096096    0.011286635    0.011286796    0.000671485
    1.111111111    0.013760157    0.013760356    0.000682980
    1.126126126    0.017082845    0.017083097    0.000694773
    1.141141141    0.021177285    0.021177613    0.000706779
    1.156156156    0.025162486    0.025162905    0.000718747
    1.171171171    0.027467840    0.027468330    0.000730530
    1.186186186    0.027824841    0.027825336    0.000742412
    1.201201201    0.027942318    0.027942778    0.000754785
    1.216216216    0.029217889    0.029218336    0.000767725
    1.231231231    0.031335714    0.031336223    0.000780872
    1.246246246    0.032503266    0.032503901    0.000793828
    1.261261261    0.031585916    0.031586631    0.000806939
    1.276276276    0.029884534    0.029885225    0.000821096
    1.291291291    0.029307758    0.029308389    0.000837012
    1.306306306    0.030784545    0.030785145    0.000854856
    1.321321321    0.034360339    0.034360974    0.000873523
    1.336336336    0.038981500    0.038982262    0.000889867
    1.351351351    0.042097631    0.042098590    0.000901221
    1.366366366    0.041794575    0.041795647    0.000909367
    1.381381381    0.039693424    0.039694444    0.000918014
    1.396396396    0.038753605    0.038754508    0.000929004
    1.411411411    0.040412024    0.040412861    0.000942195
    1.426426426    0.044216413    0.044217319    0.000955967
    1.441441441    0.047528208    0.047529361    0.000968258
    1.456456456    0.046729222    0.046730645    0.000979013
    1.471471471    0.041608016    0.041609473    0.000990058
    1.486486486    0.035446821    0.035448105    0.001002774
    1.501501502    0.030677167    0.030678251    0.001017694
    1.516516517    0.027907831    0.027908774    0.001035142
    1.531531532    0.027043927    0.027044806    0.001055621
    1.546546547    0.027970366    0.027971251    0.001079783
    1.561561562    0.030685740    0.030686699    0.001107754
    1.576576577    0.035090441    0.035091534    0.001137425
    1.591591592    0.040510368    0.040511642    0.001163443
    1.606606607    0.045433553    0.045435029    0.001180481
    1.621621622    0.048041476    0.048043154    0.001187887
    1.636636637    0.047948241    0.047950098    0.001190831
    1.651651652    0.047240070    0.047242108    0.001195254
    1.666666667    0.047584748    0.047586953    0.001202731
    1.681681682    0.047842349    0.047844588    0.001211705
    1.696696697    0.045885130    0.045887257    0.001221345
    1.711711712    0.042276580    0.042278655    0.001232504
    1.726726727    0.039459459    0.039461680    0.001245913
    1.741741742    0.038826258    0.038828794    0.001261643
    1.756756757    0.040144206    0.040147033    0.001279525
    1.771771772    0.041648825    0.041651573    0.001299470
    1.786786787    0.041066568    0.041068820    0.001321726
    1.801801802    0.038385851    0.038387677    0.001347014
    1.816816817    0.035722475    0.035724221    0.001376405
    1.831831832    0.034653033    0.034654979    0.001411048
    1.846846847    0.035680793    0.035683139    0.001451061
    1.861861862    0.038764968    0.038767878    0.001492508
    1.876876877    0.043372251    0.043375826    0.001525410
    1.891891892    0.048421677    0.048425918    0.001542134
    1.906906907    0.052847524    0.052852297    0.001547741
    1.921921922    0.056249622    0.056254648    0.001552465
    1.936936937    0.058703798    0.058708531    0.001561943
    1.951951952    0.060148911    0.060152503    0.001577327
    1.966966967    0.061070999    0.061073205    0.001598135
    1.981981982    0.061629883    0.061631530    0.001623744
    1.996996997    0.060879053    0.060880881    0.001654094
    2.012012012    0.059025879    0.059027678    0.001689722
    2.027027027    0.057750013    0.057751427    0.001731115
    2.042042042    0.058185918    0.058187858    0.001777860
    2.057057057    0.060107198    0.060111395    0.001828457
    2.072072072    0.062427704    0.062435548    0.001882354
    2.087087087    0.063943783    0.063955185    0.001941586
    2.102102102    0.064198272    0.064211372    0.002007290
    2.117117117    0.063406087    0.063418522    0.002076904
    2.132132132    0.061572871    0.061583771    0.002150076
    2.147147147    0.058692102    0.058701535    0.002234997
    2.162162162    0.055888900    0.055895576    0.002341619
    2.177177177    0.054551862    0.054554624    0.002472760
    2.192192192    0.054820850    0.054820017    0.002624445
    2.207207207    0.056134496    0.056130785    0.002785496
    2.222222222    0.058335976    0.058329445    0.002927516
    2.237237237    0.061289139    0.061279463    0.003021216
    2.252252252    0.064386102    0.064374120    0.003086962
    2.267267267    0.067211837    0.067200234    0.003165293
    2.282282282    0.069572836    0.069564371    0.003257283
    2.297297297    0.071385945    0.071380809    0.003333106
    2.312312312    0.072964473    0.072960583    0.003375939
    2.327327327    0.074598704    0.074594779    0.003404912
    2.342342342    0.076228466    0.076224320    0.003449613
    2.357357357    0.077715284    0.077711020    0.003527433
    2.372372372    0.079478930    0.079473811    0.003640495
    2.387387387    0.082313705    0.082307087    0.003776839
    2.402402402    0.086736813    0.086728779    0.003921352
    2.417417417    0.093151304    0.093140800    0.004083916
    2.432432432    0.102256990    0.102240155    0.004308445
    2.447447447    0.114693566    0.114666862    0.004643587
    2.462462462    0.129657654    0.129621705    0.005125640
    2.477477477    0.144248671    0.144206317    0.005772978
    2.492492492    0.155387152    0.155340227    0.006544920
    2.507507508    0.162166691    0.162117152    0.007279690
    2.522522523    0.166068234    0.166019330    0.007755357
    2.537537538    0.170410187    0.170364347    0.007983223
    2.552552553    0.177753682    0.177710819    0.008207236
    2.567567568    0.188053221    0.188011325    0.008509388
    2.582582583    0.200563696    0.200520216    0.008716109
    2.597597598    0.214699491    0.214652202    0.008769636
    2.612612613    0.230691671    0.230638278    0.008921162
    2.627627628    0.251791703    0.251728630    0.009419738
    2.642642643    0.284208197    0.284129929    0.010276317
    2.657657658    0.336060761    0.335959183    0.011155335
    2.672672673    0.416322698    0.416188790    0.011515417
    2.687687688    0.529894471    0.529729848    0.011307115
    2.702702703    0.661511905    0.661357721    0.011094651
    2.717717718    0.755899908    0.755846659    0.011281073
    2.732732733    0.751088936    0.751184432    0.011710828
    2.747747748    0.656052679    0.656238998    0.011794798
    2.762762763    0.527761413    0.527961220    0.011210217
    2.777777778    0.408839334    0.409010750    0.010359812
    2.792792793    0.315962418    0.316096296    0.009752808
    2.807807808    0.247773232    0.247874962    0.009593186
    2.822822823    0.197308737    0.197385307    0.009927544
    2.837837838    0.159632964    0.159689730    0.010806146
    2.852852853    0.131905606    0.131947211    0.012292851
    2.867867868    0.111685440    0.111716015    0.014328433
    2.882882883    0.096572267    0.096595373    0.016469783
    2.897897898    0.084527828    0.084546309    0.017881188
    2.912912913    0.074386222    0.074401685    0.018031172
    2.927927928    0.065911846    0.065924757    0.017357928
    2.942942943    0.059108549    0.059119154    0.016674224
    2.957957958    0.053606444    0.053615195    0.016076473
    2.972972973    0.048904787    0.048912129    0.015144193
    2.987987988    0.044846668    0.044852923    0.013942425
    3.003003003    0.041438482    0.041443860    0.012967298
    3.018018018    0.038662019    0.038666436    0.012523003
    3.033033033    0.036553450    0.036556727    0.012643248
    3.048048048    0.035078041    0.035080176    0.013129788
    3.063063063    0.034054584    0.034055704    0.013591480
    3.078078078    0.033372053    0.033372287    0.013843924
    3.093093093    0.033096863    0.033096220    0.014201281
    3.108108108    0.033243409    0.033241625    0.015091217
    3.123123123    0.033821060    0.033817622    0.016782833
    3.138138138    0.035040048    0.035034427    0.019318327
    3.153153153    0.037052576    0.037044264    0.022215245
    3.168168168    0.039703650    0.039691941    0.024275164
    3.183183183    0.042891259    0.042875406    0.024513726
    3.198198198    0.046835747    0.046816220    0.023407448
    3.213213213    0.051590881    0.051569232    0.022160424
    3.228228228    0.056859831    0.056835950    0.021266255
    3.243243243    0.062029285    0.062003395    0.020614481
    3.258258258    0.065576402    0.065553442    0.020199541
    3.273273273    0.065845742    0.065832895    0.020178099
    3.288288288    0.062999811    0.062997091    0.020571995
    3.303303303    0.059440527    0.059440427    0.021325534
    3.318318318    0.057185810    0.057183369    0.022521566
    3.333333333    0.056024758    0.056020158    0.024172409
    3.348348348    0.054479244    0.054474311    0.025927259
    3.363363363    0.052284898    0.052280028    0.027308568
    3.378378378    0.050437034    0.050431469    0.028142191
    3.393393393    0.049506094    0.049498714    0.028640865
    3.408408408    0.049674723    0.049664976    0.029020376
    3.423423423    0.051028582    0.051018296    0.029217279
    3.438438438    0.053072117    0.053064957    0.029050327
    3.453453453    0.055085456    0.055082278    0.028411612
    3.468468468    0.056568246    0.056566527    0.027463355
    3.483483483    0.056792089    0.056789828    0.026489391
    3.498498498    0.055316824    0.055313607    0.025619410
    3.513513514    0.052667635    0.052663493    0.024909273
    3.528528529    0.049995297    0.049990942    0.024650859
    3.543543544    0.047753373    0.047750127    0.025176967
    3.558558559    0.045810673    0.045808507    0.026490677
    3.573573574    0.044390144    0.044387705    0.028265421
    3.588588589    0.043819657    0.043815776    0.030081400
    3.603603604    0.044320939    0.044315162    0.031754273
    3.618618619    0.045848113    0.045841049    0.033546607
    3.633633634    0.047680538    0.047673398    0.035901742
    3.648648649    0.048987809    0.048980840    0.038857139
    3.663663664    0.049824292    0.049817338    0.042079394
    3.678678679    0.050376883    0.050371407    0.045175403
    3.693693694    0.049999413    0.049997922    0.047746002
    3.708708709    0.048140298    0.048142783    0.049442770
    3.723723724    0.045521088    0.045525353    0.050688437
    3.738738739    0.043426191    0.043430984    0.052525473
    3.753753754    0.042614407    0.042619680    0.055159691
    3.768768769    0.043216973    0.043222763    0.057755383
    3.783783784    0.045066113    0.045072016    0.059801875
    3.798798799    0.047926644    0.047932366    0.061693033
    3.813813814    0.051778636    0.051784554    0.064035647
    3.828828829    0.056743356    0.056749653    0.067588932
    3.843843844    0.062428483    0.062434422    0.072927967
    3.858858859    0.067977580    0.067982934    0.079887007
    3.873873874    0.072767034    0.072774047    0.088226866
    3.888888889    0.076425785    0.076437137    0.098269926
    3.903903904    0.078772933    0.078787627    0.110279519
    3.918918919    0.080119751    0.080134725    0.123749579
    3.933933934    0.081155974    0.081169143    0.137902997
    3.948948949    0.082307028    0.082317016    0.152684520
    3.963963964    0.083056400    0.083063156    0.168030800
    3.978978979    0.082192696    0.082197576    0.179967749
    3.993993994    0.079347661    0.079352334    0.180346353
    4.009009009    0.075629827    0.075635902    0.165775514
    4.024024024    0.072523625    0.072531277    0.143162899
    4.039039039    0.070929309    0.070936727    0.121519899
    4.054054054    0.070758728    0.070763835    0.104077269
    4.069069069    0.071824564    0.071827633    0.090673550
    4.084084084    0.073983095    0.073986211    0.080952245
    4.099099099    0.076561901    0.076565733    0.074337756
    4.114114114    0.078540596    0.078544009    0.069799787
    4.129129129    0.079620252    0.079621932    0.066375183
    4.144144144    0.080895623    0.080895152    0.063793762
    4.159159159    0.082955462    0.082954023    0.061906633
    4.174174174    0.084233646    0.084233006    0.060067451
    4.189189189    0.083019630    0.083019963    0.058015821
    4.204204204    0.080066297    0.080066856    0.056580586
    4.219219219    0.077595453    0.077595560    0.056444639
    4.234234234    0.076368485    0.076367680    0.057075735
    4.249249249    0.075412751    0.075410987    0.057181365
    4.264264264    0.074470554    0.074468182    0.056025441
    4.279279279    0.074569902    0.074566723    0.054219634
    4.294294294    0.076453627    0.076448875    0.052602336
    4.309309309    0.079971096    0.079964649    0.051066212
    4.324324324    0.083860115    0.083853106    0.048932380
    4.339339339    0.086243173    0.086236956    0.046200472
    4.354354354    0.086564759    0.086559585    0.043668675
    4.369369369    0.085881331    0.085877458    0.042112342
    4.384384384    0.085616342    0.085614088    0.041775993
    4.399399399    0.086794648    0.086793919    0.042347411
    4.414414414    0.089607847    0.089608083    0.043157438
    4.429429429    0.093747817    0.093747560    0.043560583
    4.444444444    0.098737749    0.098735617    0.043694217
    4.459459459    0.103885454    0.103881832    0.044382990
    4.474474474    0.108761117    0.108757556    0.046239794
    4.489489489    0.113134951    0.113132234    0.049207554
    4.504504505    0.116407676    0.116406768    0.052829806
    4.519519520    0.118144551    0.118146359    0.056838642
    4.534534535    0.118091814    0.118094661    0.061414663
    4.549549550    0.115889970    0.115890572    0.066756862
    4.564564565    0.111895117    0.111890680    0.072741322
    4.579579580    0.107211758    0.107203821    0.079375848
    4.594594595    0.102729072    0.102722574    0.087094028
    4.609609610    0.098985043    0.098982186    0.096001576
    4.624624625    0.096363055    0.096362355    0.105368710
    4.639639640    0.095357162    0.095356801    0.114376480
    4.654654655    0.096227764    0.096227278    0.123511794
    4.669669670    0.098120800    0.098120823    0.134238623
    4.684684685    0.099516492    0.099518337    0.146833264
    4.699699700    0.100217774    0.100222373    0.160324143
    4.714714715    0.101381380    0.101388093    0.174284251
    4.729729730    0.103423231    0.103430692    0.187962957
    4.744744745    0.105246163    0.105253565    0.198310430
    4.759759760    0.106040953    0.106048047    0.201783371
    4.774774775    0.107019226    0.107025925    0.197951551
    4.789789790    0.109957826    0.109962961    0.189863227
    4.804804805    0.115950391    0.115952188    0.182209260
    4.819819820    0.124551084    0.124549367    0.177103360
    4.834834835    0.132693081    0.132690075    0.172364719
    4.849849850    0.137196977    0.137195171    0.165435297
    4.864864865    0.138954951    0.138955067    0.157785609
    4.879879880    0.141275935    0.141277623    0.151553879
    4.894894895    0.146240643    0.146243766    0.145380537
    4.909909910    0.154133972    0.154138612    0.137450321
    4.924924925    0.163796415    0.163801894    0.128354297
    4.939939940    0.172181424    0.172187422    0.119212458
    4.954954955    0.176247887    0.176256273    0.110086448
    4.969969970    0.176252128    0.176264598    0.101069179
    4.984984985    0.175205595    0.175221040    0.093085968
    5.000000000    0.175287965    0.175302041    0.086641877
    5.015015015    0.175815992    0.175823955    0.081481724
    5.030030030    0.174872643    0.174874372    0.077033320
    5.045045045    0.171090595    0.171090235    0.073009976
    5.060060060    0.165414545    0.165416434    0.069593217
    5.075075075    0.161354668    0.161361064    0.066882099
    5.090090090    0.161743809    0.161754120    0.064666254
    5.105105105    0.166427705    0.166439069    0.062795198
    5.120120120    0.172316589    0.172326884    0.061530150
    5.135135135    0.175127631    0.175136819    0.061162797
    5.150150150    0.174181980    0.174189460    0.061759944
    5.165165165    0.172415508    0.172420304    0.063426017
    5.180180180    0.171262907    0.171267328    0.066728333
    5.195195195    0.171525284    0.171533838    0.072149452
    5.210210210    0.174996171    0.175009570    0.078584683
    5.225225225    0.182087524    0.182102763    0.083227036
    5.240240240    0.190723981    0.190739936    0.084292046
    5.255255255    0.198131402    0.198149552    0.083024065
    5.270270270    0.203110782    0.203130976    0.081053227
    5.285285285    0.205803971    0.205823279    0.078427671
    5.300300300    0.205992143    0.206006721    0.075033323
    5.315315315    0.203279538    0.203287827    0.071377674
    5.330330330    0.199660132    0.199664948    0.068038503
    5.345345345    0.198998949    0.199003280    0.065249095
    5.360360360    0.203905668    0.203909926    0.062697633
    5.375375375    0.213791925    0.213796074    0.060269830
    5.390390390    0.225424536    0.225428923    0.058511361
    5.405405405    0.235992783    0.235998767    0.057881318
    5.420420420    0.244575352    0.244582305    0.058254504
    5.435435435    0.250250253    0.250253511    0.059226933
    5.450450450    0.251285014    0.251282740    0.060357674
    5.465465465    0.248949932    0.248944853    0.061614697
    5.480480480    0.248870728    0.248864282    0.063371056
    5.495495495    0.253186242    0.253178916    0.065683737
    5.510510511    0.258822595    0.258816055    0.068023916
    5.525525526    0.264779380    0.264775276    0.069727166
    5.540540541    0.272336640    0.272334485    0.071014031
    5.555555556    0.279881239    0.279879123    0.072856716
    5.570570571    0.283906221    0.283902339    0.075780689
    5.585585586    0.281982505    0.281973787    0.079319704
    5.600600601    0.274226549    0.274211556    0.082391777
    5.615615616    0.264764246    0.264747675    0.084469931
    5.630630631    0.258749563    0.258739265    0.085935501
    5.645645646    0.258442655    0.258442061    0.087299941
    5.660660661    0.260787205    0.260791714    0.088137122
    5.675675676    0.260178266    0.260180562    0.087381564
    5.690690691    0.257318141    0.257317033    0.085251797
    5.705705706    0.258004122    0.258004638    0.083406925
    5.720720721    0.265770913    0.265776610    0.082960326
    5.735735736    0.280162066    0.280170446    0.083851938
    5.750750751    0.297355832    0.297363088    0.085663524
    5.765765766    0.312497274    0.312502350    0.088196430
    5.780780781    0.320594284    0.320595642    0.091508798
    5.795795796    0.317423241    0.317418969    0.095561349
    5.810810811    0.301701806    0.301693403    0.099635949
    5.825825826    0.277534424    0.277526789    0.102678754
    5.840840841    0.253972417    0.253970617    0.105127661
    5.855855856    0.237849927    0.237854956    0.108149230
    5.870870871    0.230081234    0.230089391    0.111805643
    5.885885886    0.228549119    0.228558538    0.115871500
    5.900900901    0.231458769    0.231470682    0.119957287
    5.915915916    0.236470542    0.236482413    0.123283161
    5.930930931    0.240493727    0.240501245    0.126115225
    5.945945946    0.242034018    0.242036593    0.130173104
    5.960960961    0.242104537    0.242104561    0.136890716
    5.975975976    0.242003039    0.242001711    0.145423700
    5.990990991    0.241854124    0.241851485    0.153029154
    6.006006006    0.241647573    0.241643997    0.158122078
    6.021021021    0.241589773    0.241585468    0.161062598
    6.036036036    0.241929480    0.241926672    0.162795538
    6.051051051    0.242649849    0.242651967    0.164731881
    6.066066066    0.243090751    0.243097774    0.169133886
    6.081081081    0.242794578    0.242803819    0.178595491
    6.096096096    0.242405196    0.242413994    0.193855674
    6.111111111    0.243041030    0.243047939    0.212277915
    6.126126126    0.245237689    0.245243797    0.227655780
    6.141141141    0.246787110    0.246794209    0.235268022
    6.156156156    0.244585078    0.244594255    0.237471731
    6.171171171    0.238641112    0.238652356    0.239711430
    6.186186186    0.232199848    0.232213243    0.243528092
    6.201201201    0.228645273    0.228661397    0.248837828
    6.216216216    0.228339574    0.228357267    0.258408430
    6.231231231    0.228816962    0.228833552    0.274824401
    6.246246246    0.227952462    0.227966884    0.296627364
    6.261261261    0.225730578    0.225744024    0.319493814
    6.276276276    0.223119773    0.223133237    0.337816000
    6.291291291    0.221612231    0.221626389    0.346679706
    6.306306306    0.223187714    0.223202942    0.348308393
    6.321321321    0.230048361    0.230063779    0.350058995
    6.336336336    0.243296387    0.243311570    0.359247270
    6.351351351    0.262559497    0.262575825    0.380850571
    6.366366366    0.285842780    0.285860998    0.412272369
    6.381381381    0.307346925    0.307365056    0.441120425
    6.396396396    0.320042952    0.320057168    0.454036118
    6.411411411    0.322596662    0.322604952    0.449787244
    6.426426426    0.320556595    0.320562034    0.440828001
    6.441441441    0.320192300    0.320199169    0.442492441
    6.456456456    0.322450190    0.322457684    0.459659085
    6.471471471    0.323619076    0.323625812    0.484942402
    6.486486486    0.322462932    0.322472545    0.504514509
    6.501501502    0.322374787    0.322390047    0.507083984
    6.516516517    0.324866913    0.324886956    0.490313734
    6.531531532    0.328369664    0.328392501    0.461260268
    6.546546547    0.330423907    0.330447205    0.431433398
    6.561561562    0.327969341    0.327991252    0.406787206
    6.576576577    0.320754947    0.320772807    0.387966154
    6.591591592    0.313486504    0.313498333    0.377368015
    6.606606607    0.311038802    0.311045085    0.377781076
    6.621621622    0.312835141    0.312837708    0.389958898
    6.636636637    0.314286488    0.314288281    0.415275031
    6.651651652    0.314087455    0.314090881    0.451720714
    6.666666667    0.316228950    0.316234062    0.487315655
    6.681681682    0.324524851    0.324529398    0.506336867
    6.696696697    0.338491374    0.338492901    0.502208537
    6.711711712    0.354362422    0.354361502    0.479089643
    6.726726727    0.370077161    0.370077921    0.452482936
    6.741741742    0.388185324    0.388188978    0.437954014
    6.756756757    0.408974572    0.408975106    0.437559573
    6.771771772    0.425633570    0.425621960    0.443928651
    6.786786787    0.428377209    0.428351592    0.445288797
    6.801801802    0.412905001    0.412874216    0.434932920
    6.816816817    0.386092069    0.386067429    0.421525624
    6.831831832    0.358229028    0.358215517    0.413353787
    6.846846847    0.335707208    0.335704455    0.407822615
    6.861861862    0.322690428    0.322694967    0.402879817
    6.876876877    0.320647723    0.320655761    0.402840939
    6.891891892    0.327414258    0.327424179    0.411932846
    6.906906907    0.338202507    0.338212426    0.431432671
    6.921921922    0.347541391    0.347547780    0.458937161
    6.936936937    0.353731803    0.353733113    0.486708360
    6.951951952    0.359026458    0.359023988    0.503007361
    6.966966967    0.364874915    0.364867615    0.499242556
    6.981981982    0.372196552    0.372182178    0.479949977
    6.996996997    0.382248640    0.382230166    0.457633998
    7.012012012    0.393319547    0.393302163    0.439280887
    7.027027027    0.398127841    0.398112319    0.428651084
    7.042042042    0.391341770    0.391325898    0.430281127
    7.057057057    0.378382897    0.378365823    0.444736843
    7.072072072    0.366644140    0.366626960    0.468059126
    7.087087087    0.355561785    0.355546656    0.491717025
    7.102102102    0.344196628    0.344187123    0.504750265
    7.117117117    0.336879097    0.336877309    0.504616834
    7.132132132    0.335941165    0.335943711    0.496083123
    7.147147147    0.338288386    0.338290581    0.488814120
    7.162162162    0.339378810    0.339379493    0.494237152
    7.177177177    0.337043271    0.337042843    0.514569313
    7.192192192    0.332219736    0.332218536    0.542229460
    7.207207207    0.327873427    0.327871585    0.570247821
    7.222222222    0.324341347    0.324339127    0.592970080
    7.237237237    0.317835983    0.317836723    0.597688920
    7.252252252    0.307819018    0.307824541    0.574087834
    7.267267267    0.299691487    0.299697367    0.534185931
    7.282282282    0.297293515    0.297295063    0.496412964
    7.297297297    0.299929008    0.299925274    0.465385999
    7.312312312    0.304834834    0.304826934    0.439918000
    7.327327327    0.309945015    0.309935618    0.422726426
    7.342342342    0.314087153    0.314081482    0.418969518
    7.357357357    0.317346003    0.317345606    0.430933205
    7.372372372    0.321172512    0.321172530    0.456491375
    7.387387387    0.326323744    0.326319705    0.495934652
    7.402402402    0.331291704    0.331282020    0.553977296
    7.417417417    0.333430394    0.333414471    0.629300349
    7.432432432    0.331721007    0.331700057    0.706458949
    7.447447447    0.326869937    0.326846417    0.762379939
    7.462462462    0.322161593    0.322137615    0.786745753
    7.477477477    0.320713732    0.320691941    0.788350220
    7.492492492    0.323439184    0.323420977    0.773023579
    7.507507508    0.330310907    0.330294966    0.738306079
    7.522522523    0.339112698    0.339096295    0.690733349
    7.537537538    0.344242710    0.344224666    0.646997051
    7.552552553    0.341870164    0.341851100    0.617924256
    7.567567568    0.333102145    0.333080847    0.603515016
    7.582582583    0.321674591    0.321649548    0.601256572
    7.597597598    0.312913603    0.312886436    0.602729352
    7.612612613    0.310326956    0.310302018    0.595090207
    7.627627628    0.313945943    0.313927758    0.573006269
    7.642642643    0.321984414    0.321976416    0.541220556
    7.657657658    0.332386708    0.332387703    0.510424721
    7.672672673    0.341226802    0.341227834    0.486053454
    7.687687688    0.344723533    0.344718931    0.461798589
    7.702702703    0.343539541    0.343532116    0.432608401
    7.717717718    0.339078166    0.339069491    0.405359748
    7.732732733    0.332985494    0.332973639    0.385554459
    7.747747748    0.326979418    0.326963514    0.368957317
    7.762762763    0.319516078    0.319498100    0.350631847
    7.777777778    0.311942833    0.311927281    0.331906813
    7.792792793    0.309510184    0.309501709    0.316601132
    7.807807808    0.315883378    0.315884518    0.306208926
    7.822822823    0.331403557    0.331415642    0.298768299
    7.837837838    0.352963431    0.352985868    0.292017951
    7.852852853    0.374067240    0.374092947    0.284416277
    7.867867868    0.387704759    0.387720875    0.273956058
    7.882882883    0.388533102    0.388533220    0.258856739
    7.897897898    0.374922417    0.374913452    0.241025024
    7.912912913    0.352968148    0.352958553    0.226481463
    7.927927928    0.332624285    0.332614882    0.220140439
    7.942942943    0.318389225    0.318378885    0.222296381
    7.957957958    0.307531711    0.307521203    0.229450558
    7.972972973    0.295458040    0.295447467    0.237244364
    7.987987988    0.281087598    0.281075715    0.243867215
    8.003003003    0.266479903    0.266467627    0.250747083
    8.018018018    0.254723232    0.254712208    0.260688278
    8.033033033    0.247658215    0.247647785    0.275923603
    8.048048048    0.244353700    0.244342858    0.296054686
    8.063063063    0.242627698    0.242617550    0.316893808
    8.078078078    0.240657877    0.240649740    0.331049825
    8.093093093    0.235597531    0.235590198    0.331232244
    8.108108108    0.225152163    0.225145939    0.317565566
    8.123123123    0.211650364    0.211649059    0.297299275
    8.138138138    0.200522466    0.200528354    0.276880455
    8.153153153    0.195314355    0.195325786    0.259822864
    8.168168168    0.194938631    0.194949990    0.248436661
    8.183183183    0.195046529    0.195052970    0.242157548
    8.198198198    0.193658509    0.193662732    0.237236310
    8.213213213    0.193577502    0.193584927    0.230601067
    8.228228228    0.196672001    0.196681466    0.222395961
    8.243243243    0.199515803    0.199520665    0.214714287
    8.258258258    0.198542417    0.198540843    0.210924604
    8.273273273    0.195595641    0.195592059    0.212815139
    8.288288288    0.194488427    0.194487425    0.218877127
    8.303303303    0.196882904    0.196886182    0.226629812
    8.318318318    0.201835489    0.201843379    0.234755381
    8.333333333    0.207214759    0.207225736    0.243740572
    8.348348348    0.210879666    0.210890319    0.255141259
    8.363363363    0.213502065    0.213512467    0.269269925
    8.378378378    0.218047818    0.218060595    0.282938205
    8.393393393    0.226981177    0.226999403    0.290753031
    8.408408408    0.241755151    0.241778951    0.291486498
    8.423423423    0.260324030    0.260346997    0.290180092
    8.438438438    0.276536110    0.276551035    0.291209983
    8.453453453    0.284975522    0.284981315    0.292958909
    8.468468468    0.285870527    0.285870891    0.291105746
    8.483483483    0.283718868    0.283716736    0.285448360
    8.498498498    0.282429779    0.282427328    0.279609799
    8.513513514    0.283743659    0.283743416    0.276007810
    8.528528529    0.286847543    0.286847132    0.274785318
    8.543543544    0.286898526    0.286888886    0.273118921
    8.558558559    0.277453227    0.277430606    0.266936238
    8.573573574    0.259525616    0.259500101    0.256917058
    8.588588589    0.240465554    0.240448895    0.244981969
    8.603603604    0.225063506    0.225057868    0.231442738
    8.618618619    0.213800960    0.213799781    0.218980936
    8.633633634    0.206173721    0.206172131    0.212139665
    8.648648649    0.203114539    0.203114709    0.213733141
    8.663663664    0.206035086    0.206041153    0.222483079
    8.678678679    0.213888377    0.213899133    0.233147127
    8.693693694    0.221197607    0.221205437    0.241376667
    8.708708709    0.222092226    0.222092081    0.246220514
    8.723723724    0.216880101    0.216876957    0.246619492
    8.738738739    0.211492432    0.211496035    0.244299514
    8.753753754    0.210924852    0.210938506    0.245463167
    8.768768769    0.215627654    0.215647653    0.253661084
    8.783783784    0.224203769    0.224227455    0.267609839
    8.798798799    0.234958630    0.234982346    0.283003686
    8.813813814    0.242136724    0.242149835    0.292509978
    8.828828829    0.237917286    0.237914133    0.288108641
    8.843843844    0.223872236    0.223863689    0.269489084
    8.858858859    0.210473624    0.210472737    0.245340026
    8.873873874    0.204493869    0.204502950    0.224598757
    8.888888889    0.205219156    0.205233229    0.211919743
    8.903903904    0.209198122    0.209211402    0.208230007
    8.918918919    0.212347732    0.212353149    0.212987639
    8.933933934    0.209680590    0.209674559    0.223662507
    8.948948949    0.200437974    0.200426225    0.235611227
    8.963963964    0.189986894    0.189977327    0.246246585
    8.978978979    0.184050961    0.184047767    0.258148662
    8.993993994    0.183787356    0.183789833    0.273800314
    9.009009009    0.186075194    0.186080341    0.289814856
    9.024024024    0.187864428    0.187869503    0.299641608
    9.039039039    0.188416081    0.188419350    0.299946953
    9.054054054    0.189030220    0.189032381    0.291706092
    9.069069069    0.190928173    0.190930769    0.279340411
    9.084084084    0.194263238    0.194268441    0.268754420
    9.099099099    0.199003835    0.199013195    0.264329322
    9.114114114    0.203791736    0.203803647    0.265811746
    9.129129129    0.206250146    0.206260934    0.267598677
    9.144144144    0.206078501    0.206085641    0.265952081
    9.159159159    0.204989995    0.204992436    0.262806013
    9.174174174    0.202639836    0.202635871    0.260557209
    9.189189189    0.197485114    0.197476909    0.259865190
    9.204204204    0.191202211    0.191195149    0.260262381
    9.219219219    0.186197767    0.186193501    0.261438467
    9.234234234    0.183266107    0.183264969    0.261781236
    9.249249249    0.183286970    0.183291134    0.257673549
    9.264264264    0.186805167    0.186814958    0.249199041
    9.279279279    0.192991263    0.193005181    0.240776479
    9.294294294    0.200402654    0.200417895    0.235491165
    9.309309309    0.207429572    0.207442169    0.233855606
    9.324324324    0.213348505    0.213356866    0.234364091
    9.339339339    0.217824760    0.217830331    0.235071280
    9.354354354    0.221214762    0.221222162    0.235692842
    9.369369369    0.225416052    0.225429186    0.236107460
    9.384384384    0.230293906    0.230309011    0.236990297
    9.399399399    0.232983918    0.232994468    0.240478198
    9.414414414    0.232167881    0.232171256    0.247920003
    9.429429429    0.226774419    0.226770377    0.257138352
    9.444444444    0.216671839    0.216665483    0.265228970
    9.459459459    0.205733930    0.205732158    0.272494591
    9.474474474    0.197828403    0.197832522    0.280607382
    9.489489489    0.193339273    0.193346052    0.289819102
    9.504504505    0.189965800    0.189970270    0.298952102
    9.519519520    0.186225884    0.186226978    0.306374578
    9.534534535    0.183257457    0.183258257    0.311631396
    9.549549550    0.181807431    0.181811047    0.316336250
    9.564564565    0.181615459    0.181623603    0.323848638
    9.579579580    0.182157581    0.182168236    0.337135987
    9.594594595    0.182534572    0.182542578    0.355995579
    9.609609610    0.182109681    0.182110956    0.377711702
    9.624624625    0.181116985    0.181111134    0.400408280
    9.639639640    0.179973546    0.179963839    0.425788643
    9.654654655    0.178818523    0.178809402    0.453997097
    9.669669670    0.177854861    0.177850203    0.479335732
    9.684684685    0.178160007    0.178161999    0.494359933
    9.699699700    0.181202032    0.181210277    0.494061983
    9.714714715    0.187848848    0.187861190    0.479447787
    9.729729730    0.197608320    0.197621370    0.456278074
    9.744744745    0.207740343    0.207750808    0.431079631
    9.759759760    0.214276602    0.214284178    0.409619785
    9.774774775    0.215953319    0.215959801    0.394178927
    9.789789790    0.214991176    0.214997231    0.383678417
    9.804804805    0.214469992    0.214476844    0.374546395
    9.819819820    0.216857385    0.216867756    0.363490206
    9.834834835    0.221998771    0.222013714    0.351782274
    9.849849850    0.227257666    0.227275918    0.342149883
    9.864864865    0.231893583    0.231912369    0.335470094
    9.879879880    0.237245656    0.237261260    0.331758760
    9.894894895    0.243447571    0.243457214    0.328883814
    9.909909910    0.249834311    0.249836298    0.323590109
    9.924924925    0.254287157    0.254282663    0.314594544
    9.939939940    0.253502376    0.253496683    0.303801101
    9.954954955    0.248052553    0.248052271    0.293225658
    9.969969970    0.242941201    0.242949729    0.282658282
    9.984984985    0.241230512    0.241245776    0.272738248
   10.000000000    0.241753388    0.241770405    0.265713747
   10.015015015    0.243001016    0.243016302    0.263707947
   10.030030030    0.245346301    0.245358873    0.266559516
   10.045045045    0.249380848    0.249390154    0.272570797
   10.060060060    0.255274752    0.255280449    0.280237569
   10.075075075    0.263251511    0.263256111    0.286289382
   10.090090090    0.273237494    0.273244651    0.287796942
   10.105105105    0.285102684    0.285114313    0.286389469
   10.120120120    0.299122001    0.299139346    0.285582462
   10.135135135    0.315462516    0.315485059    0.287772619
   10.150150150    0.332591801    0.332613784    0.292310122
   10.165165165    0.346023904    0.346036649    0.295687692
   10.180180180    0.352156930    0.352157248    0.295749750
   10.195195195    0.353146424    0.353140867    0.292548421
   10.210210210    0.350991646    0.350986815    0.285402878
   10.225225225    0.344066344    0.344065501    0.274596124
   10.240240240    0.335593955    0.335603220    0.264344442
   10.255255255    0.331555884    0.331577537    0.259756740
   10.270270270    0.330762203    0.330790008    0.261585276
   10.285285285    0.329509094    0.329537766    0.266788308
   10.300300300    0.330052404    0.330083033    0.273681901
   10.315315315    0.335933036    0.335966201    0.281912464
   10.330330330    0.345639338    0.345673202    0.289299212
   10.345345345    0.356245736    0.356278393    0.292516304
   10.360360360    0.366364502    0.366395349    0.290069283
   10.375375375    0.374360108    0.374388767    0.286251505
   10.390390390    0.382737647    0.382763361    0.287231142
   10.405405405    0.398794026    0.398817049    0.295234740
   10.420420420    0.423941848    0.423962764    0.307777495
   10.435435435    0.448181413    0.448199239    0.316848108
   10.450450450    0.459370524    0.459383906    0.315013487
   10.465465465    0.457816898    0.457829158    0.305202683
   10.480480480    0.455137553    0.455157966    0.293244387
   10.495495495    0.458939435    0.458971503    0.281314567
   10.510510511    0.464794430    0.464828047    0.271515485
   10.525525526    0.464756380    0.464778474    0.265623402
   10.540540541    0.459315917    0.459324103    0.264477437
   10.555555556    0.453696093    0.453695256    0.267562704
   10.570570571    0.448963296    0.448956389    0.272413693
   10.585585586    0.444123804    0.444110251    0.278265969
   10.600600601    0.438859420    0.438841824    0.287774218
   10.615615616    0.434995949    0.434982896    0.301804896
   10.630630631    0.437315540    0.437312042    0.315802079
   10.645645646    0.448809754    0.448816670    0.325184808
   10.660660661    0.468119058    0.468138942    0.330797304
   10.675675676    0.489799180    0.489830590    0.334427743
   10.690690691    0.506178571    0.506212203    0.334866910
   10.705705706    0.514105274    0.514129331    0.329914663
   10.720720721    0.517116206    0.517125731    0.319915265
   10.735735736    0.518023748    0.518027319    0.307473190
   10.750750751    0.517619195    0.517628115    0.295598098
   10.765765766    0.517479108    0.517490728    0.285109683
   10.780780781    0.516646751    0.516650581    0.274935432
   10.795795796    0.512158517    0.512153864    0.266224885
   10.810810811    0.501040435    0.501030705    0.260881020
   10.825825826    0.481831112    0.481814356    0.258797668
   10.840840841    0.458852718    0.458829727    0.258576742
   10.855855856    0.440526924    0.440503537    0.258094465
   10.870870871    0.434147987    0.434126458    0.256672477
   10.885885886    0.442027490    0.442000667    0.254847667
   10.900900901    0.456900192    0.456859788    0.252630374
   10.915915916    0.463946111    0.463895562    0.250764235
   10.930930931    0.455332942    0.455285703    0.250853243
   10.945945946    0.438473982    0.438440301    0.254954742
   10.960960961    0.423934697    0.423915671    0.263173972
   10.975975976    0.416206314    0.416198916    0.273195571
   10.990990991    0.415762498    0.415764033    0.283371508
   11.006006006    0.421070016    0.421078790    0.294685535
   11.021021021    0.429722930    0.429733274    0.308741919
   11.036036036    0.437529744    0.437529512    0.324841683
   11.051051051    0.439775849    0.439763267    0.339744826
   11.066066066    0.437528947    0.437515922    0.350435089
   11.081081081    0.436285956    0.436281546    0.356889259
   11.096096096    0.437919112    0.437921737    0.360956717
   11.111111111    0.438984161    0.438984234    0.366078013
   11.126126126    0.434912899    0.434902837    0.374413737
   11.141141141    0.425843184    0.425825290    0.382821030
   11.156156156    0.416108341    0.416091260    0.386441340
   11.171171171    0.409730427    0.409720996    0.381842859
   11.186186186    0.409506798    0.409507021    0.372490050
   11.201201201    0.416033402    0.416041902    0.366424013
   11.216216216    0.428756042    0.428768868    0.366462314
   11.231231231    0.446930553    0.446938588    0.370067228
   11.246246246    0.465853507    0.465843838    0.374855995
   11.261261261    0.476584101    0.476550401    0.380427290
   11.276276276    0.473025488    0.472976838    0.386712513
   11.291291291    0.456653027    0.456610558    0.391587019
   11.306306306    0.436122007    0.436099088    0.394229922
   11.321321321    0.419815782    0.419808224    0.397464103
   11.336336336    0.408927911    0.408925480    0.402046135
   11.351351351    0.399557405    0.399554698    0.406607200
   11.366366366    0.388545531    0.388540504    0.409259472
   11.381381381    0.375989493    0.375978424    0.407784461
   11.396396396    0.364743297    0.364727350    0.401254979
   11.411411411    0.358761512    0.358745697    0.388158781
   11.426426426    0.359729757    0.359715921    0.370153444
   11.441441441    0.365930101    0.365916891    0.353870925
   11.456456456    0.375566103    0.375551973    0.343739731
   11.471471471    0.387209920    0.387193807    0.339256073
   11.486486486    0.397476639    0.397458951    0.336846426
   11.501501502    0.404246594    0.404230651    0.334092670
   11.516516517    0.409793707    0.409783142    0.331697468
   11.531531532    0.416822906    0.416815602    0.330528783
   11.546546547    0.422897343    0.422886688    0.329796705
   11.561561562    0.424462272    0.424448003    0.329461434
   11.576576577    0.423798569    0.423784017    0.330697089
   11.591591592    0.425292689    0.425277675    0.333697870
   11.606606607    0.431323592    0.431308628    0.336751958
   11.621621622    0.442943524    0.442930968    0.339120613
   11.636636637    0.459426203    0.459415575    0.342422853
   11.651651652    0.476370935    0.476356081    0.345280002
   11.666666667    0.488492095    0.488469334    0.342668174
   11.681681682    0.496478850    0.496454349    0.333255601
   11.696696697    0.506391818    0.506376464    0.321062126
   11.711711712    0.521296908    0.521298053    0.310913572
   11.726726727    0.537178610    0.537195297    0.305501007
   11.741741742    0.546935751    0.546955410    0.305141312
   11.756756757    0.545977889    0.545984402    0.308252142
   11.771771772    0.535995512    0.535983276    0.310568877
   11.786786787    0.522673023    0.522650817    0.308402282
   11.801801802    0.512320082    0.512302620    0.302539716
   11.816816817    0.505098102    0.505085997    0.294874213
   11.831831832    0.494544829    0.494528680    0.287218379
   11.846846847    0.478043644    0.478019497    0.283005658
   11.861861862    0.459299684    0.459272316    0.283706964
   11.876876877    0.443026964    0.443009769    0.285725094
   11.891891892    0.431566531    0.431565984    0.283700656
   11.906906907    0.422516906    0.422517920    0.275632639
   11.921921922    0.412508829    0.412495957    0.266041612
   11.936936937    0.404391228    0.404367689    0.260393797
   11.951951952    0.402352616    0.402328714    0.259637189
   11.966966967    0.406982900    0.406965493    0.263002309
   11.981981982    0.417059368    0.417048599    0.270649824
   11.996996997    0.430236794    0.430228843    0.282744875
   12.012012012    0.445400041    0.445392654    0.296586896
   12.027027027    0.460247670    0.460235308    0.306195029
   12.042042042    0.465366626    0.465341747    0.307803117
   12.057057057    0.454618489    0.454584517    0.303687431
   12.072072072    0.436220576    0.436189426    0.296953874
   12.087087087    0.421354643    0.421332841    0.290257194
   12.102102102    0.414627939    0.414612771    0.287699346
   12.117117117    0.415714156    0.415701799    0.290276069
   12.132132132    0.421342881    0.421331412    0.293719009
   12.147147147    0.426669435    0.426654128    0.294774085
   12.162162162    0.428202878    0.428179777    0.294980499
   12.177177177    0.426882350    0.426854932    0.297002630
   12.192192192    0.425615704    0.425590303    0.303024010
   12.207207207    0.424314655    0.424292158    0.314912125
   12.222222222    0.418474680    0.418449051    0.329369575
   12.237237237    0.405855556    0.405830914    0.336221167
   12.252252252    0.392221572    0.392208584    0.329758985
   12.267267267    0.384373424    0.384371809    0.316339377
   12.282282282    0.383610641    0.383611943    0.303118437
   12.297297297    0.386423797    0.386419469    0.292461756
   12.312312312    0.389115752    0.389106998    0.284732343
   12.327327327    0.391612182    0.391605278    0.279993928
   12.342342342    0.393951957    0.393944794    0.278255287
   12.357357357    0.393823344    0.393812929    0.278644574
   12.372372372    0.390467383    0.390460805    0.281679867
   12.387387387    0.385785819    0.385791261    0.289613924
   12.402402402    0.382713541    0.382732229    0.302473174
   12.417417417    0.383885269    0.383912578    0.316391784
   12.432432432    0.389674134    0.389702794    0.326501226
   12.447447447    0.397704148    0.397727388    0.331451826
   12.462462462    0.404693231    0.404706228    0.333670519
   12.477477477    0.410134949    0.410135602    0.336153696
   12.492492492    0.416356492    0.416343453    0.338551347
   12.507507508    0.423279501    0.423252069    0.338376563
   12.522522523    0.426487245    0.426445157    0.336030590
   12.537537538    0.422056374    0.422004606    0.333218301
   12.552552553    0.413172719    0.413120286    0.329153270
   12.567567568    0.407825859    0.407777468    0.322492301
   12.582582583    0.409541216    0.409496645    0.314719673
   12.597597598    0.414836456    0.414795119    0.309831789
   12.612612613    0.418297700    0.418257691    0.310726846
   12.627627628    0.417547799    0.417507167    0.314542342
   12.642642643    0.413697814    0.413657337    0.315584916
   12.657657658    0.409043306    0.409007155    0.311799252
   12.672672673    0.406309383    0.406282012    0.305588840
   12.687687688    0.406760226    0.406741536    0.300218529
   12.702702703    0.410429837    0.410415855    0.297114704
   12.717717718    0.417332935    0.417318428    0.296196403
   12.732732733    0.424074151    0.424056777    0.295913629
   12.747747748    0.425211817    0.425196216    0.293260415
   12.762762763    0.420956210    0.420950172    0.285808375
   12.777777778    0.415972654    0.415978694    0.273908829
   12.792792793    0.412944172    0.412960057    0.260508452
   12.807807808    0.410213510    0.410229723    0.249123774
   12.822822823    0.403945205    0.403949567    0.242785463
   12.837837838    0.394552696    0.394544494    0.243108984
   12.852852853    0.386673829    0.386663177    0.248866349
   12.867867868    0.383430986    0.383426113    0.257344847
   12.882882883    0.385494134    0.385500698    0.267725910
   12.897897898    0.392739495    0.392759976    0.279151185
   12.912912913    0.403472350    0.403500879    0.286876036
   12.927927928    0.415659553    0.415690201    0.286440275
   12.942942943    0.430111560    0.430139126    0.279912979
   12.957957958    0.446745023    0.446763533    0.271887146
   12.972972973    0.460802275    0.460810132    0.265050822
   12.987987988    0.467902705    0.467900910    0.260014446
   13.003003003    0.469196014    0.469186753    0.255457036
   13.018018018    0.469848360    0.469839042    0.249643137
   13.033033033    0.475594520    0.475592659    0.242423538
   13.048048048    0.489350265    0.489356050    0.234765493
   13.063063063    0.506808011    0.506814024    0.227064816
   13.078078078    0.518067063    0.518065749    0.219737096
   13.093093093    0.517872993    0.517866249    0.213536391
   13.108108108    0.509998490    0.509995893    0.209392319
   13.123123123    0.502466320    0.502474947    0.208425969
   13.138138138    0.501043491    0.501062066    0.210379800
   13.153153153    0.505804969    0.505826251    0.213665351
   13.168168168    0.510990653    0.511003588    0.217078663
   13.183183183    0.510828643    0.510824175    0.220446957
   13.198198198    0.505221218    0.505199068    0.224284202
   13.213213213    0.499263609    0.499234067    0.229744417
   13.228228228    0.499751535    0.499724600    0.239112273
   13.243243243    0.507694840    0.507668603    0.254214506
   13.258258258    0.517054504    0.517026290    0.274178984
   13.273273273    0.521814656    0.521793845    0.294871686
   13.288288288    0.522471486    0.522467832    0.310297261
   13.303303303    0.523348367    0.523356348    0.317584686
   13.318318318    0.524035718    0.524040834    0.319295420
   13.333333333    0.518880859    0.518871355    0.319703375
   13.348348348    0.504600888    0.504572831    0.322368989
   13.363363363    0.484883462    0.484841136    0.327870339
   13.378378378    0.467129060    0.467082699    0.334447125
   13.393393393    0.455712576    0.455672656    0.341673619
   13.408408408    0.451449464    0.451424118    0.349781897
   13.423423423    0.453159701    0.453151284    0.357028624
   13.438438438    0.456788713    0.456792469    0.360673975
   13.453453453    0.458483497    0.458493404    0.359723573
   13.468468468    0.458471794    0.458485141    0.355563890
   13.483483483    0.459079315    0.459099402    0.351328820
   13.498498498    0.461616311    0.461646519    0.350032322
   13.513513514    0.466384825    0.466419240    0.352335781
   13.528528529    0.474773460    0.474801733    0.357427901
   13.543543544    0.486279608    0.486294308    0.362508100
   13.558558559    0.495761905    0.495761859    0.360407013
   13.573573574    0.499178626    0.499167028    0.347585104
   13.588588589    0.496173284    0.496154559    0.330516377
   13.603603604    0.488877015    0.488856701    0.317306604
   13.618618619    0.481406742    0.481391277    0.310537548
   13.633633634    0.478488423    0.478481685    0.308760169
   13.648648649    0.483038318    0.483039018    0.310054600
   13.663663664    0.496192276    0.496202222    0.313555862
   13.678678679    0.518165217    0.518188739    0.319779346
   13.693693694    0.547083668    0.547117110    0.328773462
   13.708708709    0.578537928    0.578570097    0.338261192
   13.723723724    0.605356767    0.605383764    0.344774187
   13.738738739    0.621318817    0.621347306    0.344719382
   13.753753754    0.628597659    0.628623467    0.338088960
   13.768768769    0.632796569    0.632802563    0.330284907
   13.783783784    0.635162797    0.635140608    0.326251136
   13.798798799    0.635160014    0.635116406    0.327886553
   13.813813814    0.634570556    0.634522296    0.335503399
   13.828828829    0.634243971    0.634213978    0.348146125
   13.843843844    0.631428600    0.631427453    0.363652168
   13.858858859    0.624633043    0.624647117    0.379310270
   13.873873874    0.616179019    0.616191783    0.392035581
   13.888888889    0.607767855    0.607771401    0.400300644
   13.903903904    0.598754568    0.598750500    0.407734271
   13.918918919    0.587357826    0.587350953    0.419244991
   13.933933934    0.570929490    0.570921623    0.435532295
   13.948948949    0.551166627    0.551163836    0.451883887
   13.963963964    0.534666410    0.534675862    0.460445653
   13.978978979    0.525903600    0.525924618    0.459128885
   13.993993994    0.523957457    0.523979107    0.455298983
   14.009009009    0.525636454    0.525644851    0.457212292
   14.024024024    0.529228777    0.529219195    0.468219257
   14.039039039    0.531976018    0.531955429    0.485297689
   14.054054054    0.531034829    0.531013146    0.501480247
   14.069069069    0.526244838    0.526221989    0.511530357
   14.084084084    0.517321179    0.517297743    0.514150580
   14.099099099    0.505605768    0.505590424    0.511597792
   14.114114114    0.492673723    0.492665351    0.505697496
   14.129129129    0.477223006    0.477210730    0.495511099
   14.144144144    0.459675534    0.459652636    0.483100906
   14.159159159    0.443435684    0.443404497    0.471576309
   14.174174174    0.432327012    0.432294582    0.459967720
   14.189189189    0.429401762    0.429376599    0.447565452
   14.204204204    0.435899375    0.435887928    0.436926039
   14.219219219    0.450547092    0.450547638    0.430131456
   14.234234234    0.469015613    0.469018014    0.426036823
   14.249249249    0.484457190    0.484453266    0.421718627
   14.264264264    0.492221711    0.492212972    0.416793405
   14.279279279    0.494971085    0.494962374    0.414063227
   14.294294294    0.498113524    0.498106926    0.414928435
   14.309309309    0.503033108    0.503027607    0.418646135
   14.324324324    0.508530895    0.508525187    0.424406372
   14.339339339    0.513869793    0.513863065    0.430977762
   14.354354354    0.519048228    0.519042678    0.435761577
   14.369369369    0.525066905    0.525065835    0.437332947
   14.384384384    0.532556913    0.532557217    0.436614304
   14.399399399    0.540597876    0.540592417    0.433069838
   14.414414414    0.547033580    0.547017458    0.423682490
   14.429429429    0.551071154    0.551047996    0.409041826
   14.444444444    0.552926466    0.552903914    0.395008275
   14.459459459    0.549740501    0.549720813    0.386991991
   14.474474474    0.538630490    0.538611381    0.386831544
   14.489489489    0.523188375    0.523169749    0.392254292
   14.504504505    0.510881880    0.510868675    0.399203724
   14.519519520    0.506575845    0.506572399    0.405837621
   14.534534535    0.510870683    0.510877625    0.413104223
   14.549549550    0.520780896    0.520797508    0.422184190
   14.564564565    0.533271803    0.533295108    0.433198467
   14.579579580    0.548476502    0.548494201    0.445713812
   14.594594595    0.565975370    0.565975277    0.458231405
   14.609609610    0.583246700    0.583238298    0.468499549
   14.624624625    0.599241928    0.599241442    0.474836983
   14.639639640    0.614318248    0.614331587    0.477144160
   14.654654655    0.627639477    0.627665555    0.477625542
   14.669669670    0.638667955    0.638698855    0.477106648
   14.684684685    0.649517606    0.649544195    0.474969065
   14.699699700    0.661369359    0.661386600    0.472907916
   14.714714715    0.676499878    0.676501931    0.472575928
   14.729729730    0.699013295    0.698994554    0.473771898
   14.744744745    0.725417200    0.725377748    0.476159055
   14.759759760    0.742166809    0.742120879    0.479747250
   14.774774775    0.741180976    0.741148258    0.484796170
   14.789789790    0.728197101    0.728175012    0.492158330
   14.804804805    0.711670573    0.711650649    0.502424667
   14.819819820    0.693752093    0.693734982    0.516556699
   14.834834835    0.675426142    0.675418029    0.534093128
   14.849849850    0.659245934    0.659250593    0.553208566
   14.864864865    0.648115250    0.648130783    0.574284200
   14.879879880    0.645840467    0.645859420    0.598671851
   14.894894895    0.652815823    0.652831947    0.622223657
   14.909909910    0.666178970    0.666191555    0.635944121
   14.924924925    0.682674796    0.682686865    0.637586445
   14.939939940    0.699715757    0.699731494    0.633697966
   14.954954955    0.715842133    0.715863960    0.631647620
   14.969969970    0.729444931    0.729473013    0.633308357
   14.984984985    0.740883333    0.740919012    0.636802684
   15.000000000    0.754590457    0.754641084    0.641445121
