# energy grid [eV]     epsi_x  epsi_y  epsi_z
#
    0.000000000    0.000000000    0.000000000    0.000000000
    0.015015015    0.001806614    0.001806589    0.000192909
    0.030030030    0.003615089    0.003615038    0.000385847
    0.045045045    0.005427292    0.005427216    0.000578843
    0.060060060    0.007245104    0.007245002    0.000771925
    0.075075075    0.009070424    0.009070297    0.000965123
    0.090090090    0.010905177    0.010905025    0.001158465
    0.105105105    0.012751322    0.012751144    0.001351980
    0.120120120    0.014610857    0.014610653    0.001545697
    0.135135135    0.016485827    0.016485597    0.001739646
    0.150150150    0.018378333    0.018378077    0.001933856
    0.165165165    0.020290538    0.020290256    0.002128356
    0.180180180    0.022224679    0.022224370    0.002323176
    0.195195195    0.024183071    0.024182736    0.002518346
    0.210210210    0.026168124    0.026167762    0.002713896
    0.225225225    0.028182348    0.028181959    0.002909856
    0.240240240    0.030228364    0.030227948    0.003106256
    0.255255255    0.032308924    0.032308480    0.003303127
    0.270270270    0.034426915    0.034426443    0.003500499
    0.285285285    0.036585381    0.036584881    0.003698405
    0.300300300    0.038787536    0.038787008    0.003896875
    0.315315315    0.041036785    0.041036227    0.004095941
    0.330330330    0.043336739    0.043336152    0.004295635
    0.345345345    0.045691242    0.045690625    0.004495989
    0.360360360    0.048104392    0.048103745    0.004697037
    0.375375375    0.050580572    0.050579895    0.004898811
    0.390390390    0.053124476    0.053123768    0.005101346
    0.405405405    0.055741148    0.055740409    0.005304674
    0.420420420    0.058436017    0.058435245    0.005508831
    0.435435435    0.061214939    0.061214135    0.005713851
    0.450450450    0.064084253    0.064083416    0.005919770
    0.465465465    0.067050827    0.067049956    0.006126624
    0.480480480    0.070122128    0.070121223    0.006334450
    0.495495495    0.073306292    0.073305352    0.006543284
    0.510510511    0.076612205    0.076611230    0.006753164
    0.525525526    0.080049600    0.080048588    0.006964129
    0.540540541    0.083629161    0.083628112    0.007176218
    0.555555556    0.087362655    0.087361569    0.007389471
    0.570570571    0.091263073    0.091261949    0.007603928
    0.585585586    0.095344804    0.095343640    0.007819631
    0.600600601    0.099623829    0.099622625    0.008036623
    0.615615616    0.104117956    0.104116712    0.008254946
    0.630630631    0.108847099    0.108845813    0.008474644
    0.645645646    0.113833598    0.113832269    0.008695763
    0.660660661    0.119102609    0.119101237    0.008918350
    0.675675676    0.124682570    0.124681154    0.009142451
    0.690690691    0.130605758    0.130604297    0.009368115
    0.705705706    0.136908963    0.136907455    0.009595394
    0.720720721    0.143634313    0.143632758    0.009824337
    0.735735736    0.150830280    0.150828677    0.010054998
    0.750750751    0.158552922    0.158551271    0.010287432
    0.765765766    0.166867429    0.166865728    0.010521695
    0.780780781    0.175850048    0.175848296    0.010757847
    0.795795796    0.185590527    0.185588724    0.010995947
    0.810810811    0.196195217    0.196193362    0.011236060
    0.825825826    0.207791057    0.207789149    0.011478251
    0.840840841    0.220530753    0.220528792    0.011722589
    0.855855856    0.234599569    0.234597554    0.011969147
    0.870870871    0.250224340    0.250222270    0.012218003
    0.885885886    0.267685585    0.267683462    0.012469237
    0.900900901    0.287334009    0.287331833    0.012722938
    0.915915916    0.309613297    0.309611069    0.012979199
    0.930930931    0.335092107    0.335089828    0.013238125
    0.945945946    0.364509711    0.364507384    0.013499829
    0.960960961    0.398842279    0.398839907    0.013764440
    0.975975976    0.439400929    0.439398517    0.014032103
    0.990990991    0.487979591    0.487977147    0.014302990
    1.006006006    0.547082240    0.547079774    0.014577306
    1.021021021    0.620278127    0.620275652    0.014855306
    1.036036036    0.712763761    0.712761296    0.015137314
    1.051051051    0.832251137    0.832248708    0.015423762
    1.066066066    0.990326643    0.990324288    0.015715238
    1.081081081    1.204288349    1.204286128    0.016012559
    1.096096096    1.498561786    1.498559803    0.016316837
    1.111111111    1.901056704    1.901055175    0.016629375
    1.126126126    2.419234894    2.419234303    0.016950913
    1.141141141    2.973582980    2.973584153    0.017279477
    1.156156156    3.352214009    3.352217092    0.017608946
    1.171171171    3.411552004    3.411554550    0.017935806
    1.186186186    3.316061691    3.316060234    0.018267118
    1.201201201    3.312872056    3.312865765    0.018612626
    1.216216216    3.461633597    3.461626298    0.018974212
    1.231231231    3.609225010    3.609224526    0.019343072
    1.246246246    3.561657987    3.561667158    0.019709494
    1.261261261    3.367494082    3.367505796    0.020082202
    1.276276276    3.246620940    3.246628166    0.020483565
    1.291291291    3.342962558    3.342963273    0.020931453
    1.306306306    3.680352601    3.680348327    0.021430241
    1.321321321    4.148543330    4.148539186    0.021952133
    1.336336336    4.462394551    4.462397528    0.022417961
    1.351351351    4.385201601    4.385211282    0.022760684
    1.366366366    4.071584068    4.071591550    0.023025503
    1.381381381    3.847486606    3.847485275    0.023306072
    1.396396396    3.875355020    3.875344135    0.023648982
    1.411411411    4.116800417    4.116785478    0.024050670
    1.426426426    4.333194394    4.333187628    0.024469861
    1.441441441    4.215102820    4.215112156    0.024854031
    1.456456456    3.758643724    3.758661701    0.025202100
    1.471471471    3.244206498    3.244222885    0.025561176
    1.486486486    2.870479869    2.870491286    0.025967049
    1.501501502    2.687346330    2.687353586    0.026433790
    1.516516517    2.692212305    2.692217275    0.026970360
    1.531531532    2.886116945    2.886121537    0.027590428
    1.546546547    3.282732937    3.282738799    0.028311595
    1.561561562    3.878217272    3.878225116    0.029137460
    1.576576577    4.569802173    4.569810388    0.030012451
    1.591591592    5.104068904    5.104074438    0.030794912
    1.606606607    5.255458866    5.255462646    0.031343723
    1.621621622    5.063697367    5.063704620    0.031641654
    1.636636637    4.793351891    4.793366425    0.031826193
    1.651651652    4.661621125    4.661640079    0.032055127
    1.666666667    4.625491001    4.625502136    0.032370099
    1.681681682    4.480829456    4.480824365    0.032729422
    1.696696697    4.198062827    4.198054252    0.033111395
    1.711711712    3.972609851    3.972617237    0.033539694
    1.726726727    3.959485024    3.959517053    0.034034686
    1.741741742    4.169707074    4.169753198    0.034598919
    1.756756757    4.460464988    4.460485123    0.035228560
    1.771771772    4.583417476    4.583369780    0.035921979
    1.786786787    4.464072186    4.463974688    0.036687042
    1.801801802    4.319421124    4.319324458    0.037544787
    1.816816817    4.377606582    4.377539717    0.038526238
    1.831831832    4.744111894    4.744082431    0.039664649
    1.846846847    5.435450979    5.435451578    0.040963791
    1.861861862    6.343724522    6.343721251    0.042311925
    1.876876877    7.175854536    7.175785131    0.043425101
    1.891891892    7.645553418    7.645365437    0.044086936
    1.906906907    7.751817289    7.751489572    0.044442807
    1.921921922    7.667042848    7.666569295    0.044785046
    1.936936937    7.501472438    7.500848826    0.045275043
    1.951951952    7.323067487    7.322342897    0.045946770
    1.966966967    7.186823944    7.186124498    0.046787975
    1.981981982    7.027048755    7.026468202    0.047782669
    1.996996997    6.854484525    6.853985618    0.048931700
    2.012012012    6.827019797    6.826532067    0.050253564
    2.027027027    7.032672759    7.032239882    0.051765380
    2.042042042    7.375156125    7.374917563    0.053457419
    2.057057057    7.653422364    7.653380553    0.055287534
    2.072072072    7.733136436    7.733074741    0.057242605
    2.087087087    7.652119136    7.651748558    0.059388121
    2.102102102    7.535161193    7.534306752    0.061761579
    2.117117117    7.449637068    7.448314133    0.064287883
    2.132132132    7.417779358    7.416101592    0.066963174
    2.147147147    7.533185466    7.531055607    0.070050728
    2.162162162    7.944673145    7.941838956    0.073868516
    2.177177177    8.661545330    8.658021647    0.078510312
    2.192192192    9.518668713    9.514791762    0.083852700
    2.207207207   10.373259871   10.369388938    0.089533450
    2.222222222   11.128578861   11.125095327    0.094629226
    2.237237237   11.631226301   11.628650844    0.098207667
    2.252252252   11.870198364   11.868848733    0.100957377
    2.267267267   11.965657422   11.965246912    0.104191759
    2.282282282   12.016892573   12.016688387    0.107918458
    2.297297297   12.110983234   12.110448663    0.111144727
    2.312312312   12.250794165   12.250031408    0.113334213
    2.327327327   12.374988966   12.374281763    0.115152021
    2.342342342   12.463596482   12.463085135    0.117602097
    2.357357357   12.534963770   12.534712070    0.121279533
    2.372372372   12.497770292   12.498047311    0.126266683
    2.387387387   12.147060974   12.148112186    0.132167280
    2.402402402   11.396237770   11.397972695    0.138494085
    2.417417417   10.329812434   10.332136596    0.145667908
    2.432432432    9.110382504    9.113223868    0.155331865
    2.447447447    7.949529385    7.952453679    0.169311060
    2.462462462    7.039046154    7.041634202    0.188994374
    2.477477477    6.441729613    6.443947155    0.215036892
    2.492492492    6.099666964    6.101654148    0.245667878
    2.507507508    5.916099849    5.917927586    0.274390525
    2.522522523    5.784761569    5.786386275    0.292959295
    2.537537538    5.585673177    5.587019078    0.302671618
    2.552552553    5.275314858    5.276394334    0.312982509
    2.567567568    4.911244570    4.912148393    0.326357799
    2.582582583    4.541056761    4.541862169    0.335943433
    2.597597598    4.182658652    4.183402294    0.340370211
    2.612612613    3.817505032    3.818196779    0.349874168
    2.627627628    3.402311812    3.402939570    0.373657103
    2.642642643    2.934230272    2.934771588    0.410866541
    2.657657658    2.466273636    2.466719662    0.446422417
    2.672672673    2.057282132    2.057641034    0.459318704
    2.687687688    1.733039695    1.733326844    0.451329774
    2.702702703    1.489127748    1.489359413    0.446159137
    2.717717718    1.308822053    1.309013285    0.457822260
    2.732732733    1.173691923    1.173856296    0.477410949
    2.747747748    1.066831596    1.066979584    0.480560364
    2.762762763    0.977538288    0.977673528    0.457712866
    2.777777778    0.903494084    0.903615948    0.427639299
    2.792792793    0.843437473    0.843545856    0.410123918
    2.807807808    0.792616372    0.792711464    0.412686515
    2.822822823    0.747219840    0.747300133    0.437615784
    2.837837838    0.708389546    0.708452706    0.487871554
    2.852852853    0.678490939    0.678536768    0.566219797
    2.867867868    0.657109939    0.657141087    0.666945346
    2.882882883    0.640616454    0.640638851    0.763150813
    2.897897898    0.624462287    0.624482764    0.814285652
    2.912912913    0.607274374    0.607294979    0.806659664
    2.927927928    0.591959728    0.591977089    0.770986904
    2.942942943    0.581281010    0.581292258    0.741762936
    2.957957958    0.573916777    0.573922197    0.717210022
    2.972972973    0.567376699    0.567377418    0.678899309
    2.987987988    0.562365342    0.562361824    0.633259100
    3.003003003    0.560624056    0.560615403    0.602063854
    3.018018018    0.563558268    0.563539768    0.597201301
    3.033033033    0.573283164    0.573249061    0.619267264
    3.048048048    0.590581391    0.590528479    0.657884609
    3.063063063    0.613948590    0.613875619    0.693922799
    3.078078078    0.643388585    0.643293841    0.721436585
    3.093093093    0.681863414    0.681741508    0.759830426
    3.108108108    0.731154894    0.730993445    0.832210228
    3.123123123    0.793851668    0.793631802    0.951738906
    3.138138138    0.877212399    0.876913036    1.113386498
    3.153153153    0.985519177    0.985119269    1.272722906
    3.168168168    1.114434746    1.113912739    1.353622448
    3.183183183    1.261814043    1.261161979    1.329137180
    3.198198198    1.430787796    1.430053017    1.256855488
    3.213213213    1.610799995    1.610060484    1.199639459
    3.228228228    1.776293030    1.775582420    1.170283753
    3.243243243    1.890568382    1.889980154    1.158113250
    3.258258258    1.911661602    1.911361463    1.164011203
    3.273273273    1.840587954    1.840612164    1.196583041
    3.288288288    1.735131432    1.735289575    1.255665287
    3.303303303    1.662940586    1.663025985    1.338527115
    3.318318318    1.644302184    1.644265822    1.449895432
    3.333333333    1.645503352    1.645408894    1.583479850
    3.348348348    1.628532235    1.628433654    1.708121676
    3.363363363    1.606537679    1.606428535    1.794692614
    3.378378378    1.610918198    1.610770743    1.843945220
    3.393393393    1.650847480    1.650637900    1.877455648
    3.408408408    1.727448766    1.727195567    1.906274680
    3.423423423    1.833664315    1.833475081    1.922664832
    3.438438438    1.939533977    1.939515269    1.917418168
    3.453453453    2.017901721    2.017994241    1.891345408
    3.468468468    2.053640403    2.053719025    1.861619280
    3.483483483    2.033725083    2.033748495    1.845869839
    3.498498498    1.970063375    1.970044730    1.849991187
    3.513513514    1.899615135    1.899571027    1.881065843
    3.528528529    1.855369154    1.855336569    1.965713180
    3.543543544    1.837076795    1.837089109    2.128135559
    3.558558559    1.838645659    1.838672890    2.361577860
    3.573573574    1.871744069    1.871729791    2.629893387
    3.588588589    1.947745430    1.947659951    2.896822152
    3.603603604    2.070748186    2.070604101    3.162102467
    3.618618619    2.223940612    2.223803335    3.467372836
    3.633633634    2.359742098    2.359674895    3.840342109
    3.648648649    2.451861502    2.451860946    4.242303290
    3.663663664    2.519844155    2.519924883    4.606305998
    3.678678679    2.564872039    2.565124923    4.888340873
    3.693693694    2.558263400    2.558733169    5.075380493
    3.708708709    2.511197062    2.511780739    5.208329592
    3.723723724    2.486510613    2.487106617    5.395933560
    3.738738739    2.542536740    2.543140778    5.686793978
    3.753753754    2.704992017    2.705638081    5.987687284
    3.768768769    2.973943592    2.974636669    6.215593561
    3.783783784    3.333263782    3.333971903    6.428741204
    3.798798799    3.758977230    3.759693712    6.714358146
    3.813813814    4.230067548    4.230811462    7.109185034
    3.828828829    4.692380797    4.693098783    7.592584304
    3.843843844    5.036867961    5.037494273    8.020243686
    3.858858859    5.203796162    5.204427252    8.234302528
    3.873873874    5.221796504    5.222555363    8.203033022
    3.888888889    5.144654657    5.145417166    7.930308907
    3.903903904    5.030449877    5.030980225    7.426628683
    3.918918919    4.929438480    4.929676677    6.781331141
    3.933933934    4.856759777    4.856750732    6.107812042
    3.948948949    4.782465746    4.782296449    5.447402953
    3.963963964    4.660430752    4.660238279    4.776287494
    3.978978979    4.493152724    4.493032974    4.105347699
    3.993993994    4.348392112    4.348377860    3.506425397
    4.009009009    4.292658162    4.292728416    3.035193784
    4.024024024    4.356448685    4.356495509    2.703996233
    4.039039039    4.522932362    4.522821380    2.488308989
    4.054054054    4.746946765    4.746669940    2.349462018
    4.069069069    4.996956573    4.996666871    2.268086230
    4.084084084    5.220175101    5.219949218    2.240116206
    4.099099099    5.354605719    5.354350253    2.254237484
    4.114114114    5.398686801    5.398329881    2.288709781
    4.129129129    5.430662634    5.430228507    2.330092997
    4.144144144    5.496321451    5.495909102    2.381830866
    4.159159159    5.511482432    5.511201298    2.437015799
    4.174174174    5.404771742    5.404594461    2.478057750
    4.189189189    5.265607298    5.265433846    2.519214361
    4.204204204    5.232540622    5.232320001    2.601212120
    4.219219219    5.343397767    5.343111957    2.725666073
    4.234234234    5.516056694    5.515718770    2.838441293
    4.249249249    5.698153864    5.697801367    2.886663143
    4.264264264    5.953300301    5.952943454    2.882760150
    4.279279279    6.319924870    6.319542696    2.882732084
    4.294294294    6.716917876    6.716568888    2.908966479
    4.309309309    6.991233480    6.991070694    2.933695508
    4.324324324    7.043464290    7.043553429    2.934412746
    4.339339339    6.967986747    6.968230157    2.943151506
    4.354354354    6.943552851    6.943874958    3.016682811
    4.369369369    7.060723796    7.061113898    3.194829440
    4.384384384    7.314991900    7.315397154    3.479727152
    4.399399399    7.619733165    7.620071648    3.833166523
    4.414414414    7.852005798    7.852191664    4.197636767
    4.429429429    7.934677611    7.934738169    4.560262780
    4.444444444    7.850712493    7.850814531    5.008724180
    4.459459459    7.648198273    7.648442610    5.656593712
    4.474474474    7.389718459    7.390041672    6.527775587
    4.489489489    7.101244375    7.101577378    7.517793383
    4.504504505    6.815076003    6.815374653    8.489195949
    4.519519520    6.562362240    6.562526282    9.380314882
    4.534534535    6.354819090    6.354811100   10.136817615
    4.549549550    6.218867504    6.218760278   10.634943381
    4.564564565    6.188805168    6.188783748   10.813160478
    4.579579580    6.272156183    6.272434845   10.710257770
    4.594594595    6.460429053    6.460990719   10.330310977
    4.609609610    6.745364892    6.745995215    9.711394572
    4.624624625    7.113909641    7.114471111    9.014897474
    4.639639640    7.520617227    7.521138781    8.388434463
    4.654654655    7.851870900    7.852418057    7.831088981
    4.669669670    8.029542047    8.030125407    7.251475660
    4.684684685    8.141028367    8.141571551    6.640401773
    4.699699700    8.299548212    8.299900246    6.057943381
    4.714714715    8.462955746    8.463018119    5.517872579
    4.729729730    8.535002388    8.534837160    5.013203675
    4.744744745    8.557817138    8.557526056    4.571773220
    4.759759760    8.656832685    8.656459145    4.228268677
    4.774774775    8.799329994    8.798872950    3.991523011
    4.789789790    8.799302708    8.798879787    3.852503428
    4.804804805    8.503059939    8.502892068    3.773382080
    4.819819820    7.974297227    7.974400093    3.687629556
    4.834834835    7.485161684    7.485358089    3.565071393
    4.849849850    7.219730213    7.219886598    3.445261365
    4.864864865    7.126002511    7.126073560    3.365137495
    4.879879880    7.032762996    7.032745112    3.293292893
    4.894894895    6.818444700    6.818342466    3.191611065
    4.909909910    6.479477991    6.479308926    3.077957101
    4.924924925    6.094946994    6.094767941    2.981917244
    4.939939940    5.778232409    5.778073890    2.905228245
    4.954954955    5.600269793    5.600079153    2.839694173
    4.969969970    5.547503124    5.547205875    2.797202596
    4.984984985    5.545312083    5.544889598    2.794206796
    5.000000000    5.520006761    5.519561039    2.827092832
    5.015015015    5.471099695    5.470796159    2.881159666
    5.030030030    5.449425871    5.449325483    2.945117903
    5.045045045    5.513752947    5.513787385    3.025229321
    5.060060060    5.689271981    5.689317862    3.135452390
    5.075075075    5.897374934    5.897289439    3.277615557
    5.090090090    5.983115084    5.982838367    3.446585896
    5.105105105    5.880407393    5.880050789    3.653565805
    5.120120120    5.692192414    5.691870614    3.925908372
    5.135135135    5.579539525    5.579256262    4.277908646
    5.150150150    5.592827637    5.592587704    4.708041931
    5.165165165    5.660391483    5.660242272    5.217083550
    5.180180180    5.729029828    5.728926582    5.783860638
    5.195195195    5.764334594    5.764106058    6.246778124
    5.210210210    5.688667658    5.688262134    6.371468020
    5.225225225    5.484173750    5.483722565    6.181161710
    5.240240240    5.238681819    5.238246409    5.932697202
    5.255255255    5.039416626    5.038955545    5.782306865
    5.270270270    4.907561382    4.907063595    5.707570511
    5.285285285    4.830899547    4.830413366    5.664624236
    5.300300300    4.811004394    4.810601896    5.675538049
    5.315315315    4.865394385    4.865121258    5.773277221
    5.330330330    4.965214634    4.965037483    5.969397390
    5.345345345    5.008671903    5.008532866    6.245999030
    5.360360360    4.903243051    4.903134025    6.590609718
    5.375375375    4.676619103    4.676533738    7.058129014
    5.390390390    4.434863682    4.434783017    7.716645238
    5.405405405    4.237387533    4.237280921    8.539621745
    5.420420420    4.086926736    4.086802033    9.421563388
    5.435435435    3.985325031    3.985246730   10.260730675
    5.450450450    3.952355349    3.952350113   11.031526598
    5.465465465    3.978620567    3.978660906   11.766571515
    5.480480480    3.983862477    3.983933929   12.389390765
    5.495495495    3.920615871    3.920708230   12.764080303
    5.510510511    3.833740622    3.833824867   12.910921589
    5.525525526    3.743899082    3.743948580   13.024065761
    5.540540541    3.632298211    3.632315515   13.188164868
    5.555555556    3.514099145    3.514105863   13.227025522
    5.570570571    3.425177701    3.425189896   12.970138834
    5.585585586    3.391082784    3.391133560   12.510223834
    5.600600601    3.427906275    3.428041893   12.089333674
    5.615615616    3.521212169    3.521432293   11.814993247
    5.630630631    3.616259928    3.616471506   11.629543012
    5.645645646    3.649481649    3.649575103   11.454455028
    5.660660661    3.624468516    3.624457476   11.345316767
    5.675675676    3.622655392    3.622640937   11.439216855
    5.690690691    3.674033719    3.674070178   11.696036138
    5.705705706    3.709327227    3.709362754   11.832938532
    5.720720721    3.648997568    3.648957249   11.630018858
    5.735735736    3.484075181    3.483985604   11.135944738
    5.750750751    3.273560477    3.273479263   10.495539173
    5.765765766    3.072551855    3.072489760    9.801335543
    5.780780781    2.909930875    2.909891526    9.108191224
    5.795795796    2.803312860    2.803312329    8.482968354
    5.810810811    2.769805714    2.769857042    7.997617483
    5.825825826    2.832674878    2.832780730    7.631970715
    5.840840841    2.996797398    2.996931110    7.266413792
    5.855855856    3.222573660    3.222668906    6.868978860
    5.870870871    3.440428266    3.440452703    6.489220498
    5.885885886    3.599573775    3.599548157    6.147725070
    5.900900901    3.673796133    3.673696960    5.860927527
    5.915915916    3.667849002    3.667685469    5.614795770
    5.930930931    3.629687644    3.629536364    5.344137565
    5.945945946    3.605659334    3.605567419    5.017552165
    5.960960961    3.604057817    3.604015542    4.696174058
    5.975975976    3.609992498    3.609981516    4.467297139
    5.990990991    3.617819826    3.617841843    4.342507671
    6.006006006    3.628416995    3.628471745    4.266430243
    6.021021021    3.639717030    3.639811627    4.186328919
    6.036036036    3.647120456    3.647242324    4.066866601
    6.051051051    3.645971181    3.646061145    3.880581944
    6.066066066    3.642041964    3.642061919    3.623144533
    6.081081081    3.647609134    3.647572409    3.346420243
    6.096096096    3.662122806    3.662062663    3.128983772
    6.111111111    3.669642502    3.669597013    3.017399473
    6.126126126    3.647242010    3.647219141    3.009325234
    6.141141141    3.605392315    3.605375760    3.051456217
    6.156156156    3.593650366    3.593622896    3.067688561
    6.171171171    3.646623757    3.646574478    3.025815413
    6.186186186    3.755685892    3.755602058    2.948334871
    6.201201201    3.867907413    3.867758201    2.838291394
    6.216216216    3.935098132    3.934877160    2.688751560
    6.231231231    3.968963501    3.968716090    2.534589211
    6.246246246    4.013952508    4.013719148    2.419987126
    6.261261261    4.091121543    4.090896775    2.359871055
    6.276276276    4.198213246    4.197977717    2.354386680
    6.291291291    4.311013441    4.310751073    2.387654489
    6.306306306    4.374696075    4.374398386    2.416311174
    6.321321321    4.314718028    4.314421452    2.397199523
    6.336336336    4.107519951    4.107260419    2.311559765
    6.351351351    3.808152273    3.807916979    2.186200910
    6.366366366    3.497680795    3.497460328    2.081911885
    6.381381381    3.252688366    3.252492594    2.041106737
    6.396396396    3.110186086    3.110029516    2.067162765
    6.411411411    3.059427652    3.059319601    2.134481540
    6.426426426    3.056947800    3.056870666    2.189454480
    6.441441441    3.049372479    3.049289458    2.174594654
    6.456456456    3.017105030    3.017017655    2.096607040
    6.471471471    2.988741042    2.988667683    2.012471179
    6.486486486    2.984815531    2.984730069    1.965928675
    6.501501502    2.981007962    2.980875929    1.971770134
    6.516516517    2.954808332    2.954627731    2.032062583
    6.531531532    2.912541773    2.912325657    2.141885475
    6.546546547    2.871462544    2.871226338    2.279632282
    6.561561562    2.859147189    2.858896417    2.421784121
    6.576576577    2.896374566    2.896120488    2.555267935
    6.591591592    2.965671679    2.965444030    2.645364415
    6.606606607    3.015366905    3.015190263    2.645835255
    6.621621622    3.021181658    3.021056971    2.548248287
    6.636636637    3.018958392    3.018859336    2.375803251
    6.651651652    3.038273323    3.038170808    2.186131812
    6.666666667    3.050936261    3.050822968    2.043919381
    6.681681682    3.007347834    3.007246611    1.974657246
    6.696696697    2.902912481    2.902848699    1.974737140
    6.711711712    2.777984458    2.777950834    2.040812764
    6.726726727    2.658497195    2.658457303    2.147663376
    6.741741742    2.528786168    2.528723494    2.229513227
    6.756756757    2.381548026    2.381487875    2.244056045
    6.771771772    2.242905061    2.242883749    2.212038422
    6.786786787    2.144559286    2.144590384    2.190149061
    6.801801802    2.108540267    2.108615561    2.223064203
    6.816816817    2.139441611    2.139538883    2.290760359
    6.831831832    2.228368596    2.228460895    2.345877372
    6.846846847    2.364331520    2.364388888    2.389085119
    6.861861862    2.519096199    2.519094207    2.435089965
    6.876876877    2.635908386    2.635849510    2.457334276
    6.891891892    2.671614288    2.671512667    2.419612225
    6.906906907    2.636015799    2.635887738    2.316448184
    6.921921922    2.578547361    2.578420925    2.178201027
    6.936936937    2.533309174    2.533205413    2.050267976
    6.951951952    2.496273460    2.496189700    1.967818508
    6.966966967    2.457042267    2.456981064    1.949626424
    6.981981982    2.409315937    2.409300821    1.992693426
    6.996996997    2.340437313    2.340465927    2.072535672
    7.012012012    2.246033719    2.246071323    2.166222011
    7.027027027    2.153111313    2.153138474    2.249669853
    7.042042042    2.100631199    2.100654246    2.277554731
    7.057057057    2.094973009    2.095005080    2.226642944
    7.072072072    2.108087193    2.108136097    2.123199824
    7.087087087    2.127358282    2.127425058    2.017024830
    7.102102102    2.168775669    2.168849376    1.951155473
    7.117117117    2.225247761    2.225295746    1.933505309
    7.132132132    2.261234542    2.261237416    1.954976913
    7.147147147    2.259926622    2.259903975    1.990078430
    7.162162162    2.238592142    2.238563617    1.985865650
    7.177177177    2.221135685    2.221105782    1.918442729
    7.192192192    2.221015113    2.220985308    1.820314162
    7.207207207    2.230556913    2.230528488    1.720343179
    7.222222222    2.231687988    2.231668529    1.628408889
    7.237237237    2.234954172    2.234936351    1.562756187
    7.252252252    2.274576675    2.274523789    1.548929929
    7.267267267    2.353542806    2.353438162    1.592229264
    7.282282282    2.436374654    2.436248414    1.673149464
    7.297297297    2.488620231    2.488512164    1.777277543
    7.312312312    2.505364656    2.505294870    1.909763578
    7.327327327    2.499273985    2.499246223    2.066474704
    7.342342342    2.484826723    2.484808414    2.199672421
    7.357357357    2.472760952    2.472703931    2.238755884
    7.372372372    2.458963154    2.458866371    2.168837861
    7.387387387    2.430948009    2.430844033    2.015018181
    7.402402402    2.386299509    2.386210632    1.804474208
    7.417417417    2.340995004    2.340934080    1.588597389
    7.432432432    2.311457563    2.311432458    1.413844811
    7.447447447    2.309963419    2.309972295    1.293499938
    7.462462462    2.335510791    2.335553430    1.216515358
    7.477477477    2.367600791    2.367667052    1.162284899
    7.492492492    2.385060960    2.385126882    1.119155970
    7.507507508    2.369768173    2.369819594    1.091663429
    7.522522523    2.312834849    2.312876802    1.087715599
    7.537537538    2.237273958    2.237317251    1.104909685
    7.552552553    2.179972913    2.180015504    1.128656053
    7.567567568    2.160182990    2.160227815    1.144989048
    7.582582583    2.185747293    2.185816732    1.141766890
    7.597597598    2.248808998    2.248930994    1.111713029
    7.612612613    2.318792226    2.318970063    1.067340372
    7.627627628    2.362584790    2.362785366    1.026408951
    7.642642643    2.364271291    2.364438481    1.000345835
    7.657657658    2.321966842    2.322052494    0.989959774
    7.672672673    2.250599687    2.250625506    0.982171427
    7.687687688    2.183348532    2.183372495    0.966115642
    7.702702703    2.135347590    2.135383193    0.952773865
    7.717717718    2.106393782    2.106429503    0.955181514
    7.732732733    2.098063014    2.098104774    0.965517903
    7.747747748    2.100291610    2.100359333    0.969447785
    7.762762763    2.117687154    2.117799143    0.969119581
    7.777777778    2.170960729    2.171123416    0.976005530
    7.792792793    2.251070761    2.251261935    0.995250911
    7.807807808    2.314313382    2.314484764    1.021131826
    7.822822823    2.310821392    2.310921467    1.043945125
    7.837837838    2.224435898    2.224434627    1.059557999
    7.852852853    2.085546849    2.085462153    1.066154697
    7.867867868    1.936513701    1.936403970    1.062669408
    7.882882883    1.804025728    1.803945915    1.055604674
    7.897897898    1.707547365    1.707509610    1.064520939
    7.912912913    1.658775171    1.658759204    1.112138685
    7.927927928    1.649715150    1.649703893    1.205693865
    7.942942943    1.653527485    1.653522607    1.326644025
    7.957957958    1.646861488    1.646864594    1.440700718
    7.972972973    1.630857557    1.630862579    1.529456084
    7.987987988    1.621872987    1.621881567    1.603682346
    8.003003003    1.633511586    1.633534401    1.680579020
    8.018018018    1.670492506    1.670529105    1.761380411
    8.033033033    1.721859040    1.721903079    1.823109334
    8.048048048    1.767217786    1.767274792    1.829279481
    8.063063063    1.794299004    1.794378258    1.764735145
    8.078078078    1.797482350    1.797575949    1.649885600
    8.093093093    1.775839121    1.775939672    1.526014462
    8.108108108    1.751491027    1.751617811    1.428055695
    8.123123123    1.760681963    1.760850966    1.367859610
    8.138138138    1.825708289    1.825904549    1.342311641
    8.153153153    1.934415018    1.934589689    1.348483531
    8.168168168    2.041660900    2.041765578    1.380403769
    8.183183183    2.119188174    2.119251718    1.418875508
    8.198198198    2.195221486    2.195311661    1.445982898
    8.213213213    2.296128472    2.296236465    1.465961521
    8.228228228    2.387138065    2.387187638    1.496476074
    8.243243243    2.428920393    2.428908071    1.556331410
    8.258258258    2.458057773    2.458066418    1.657862232
    8.273273273    2.528102000    2.528186627    1.785287559
    8.288288288    2.645100338    2.645256059    1.905332968
    8.303303303    2.772616284    2.772800400    2.000022989
    8.318318318    2.870226294    2.870391610    2.073209935
    8.333333333    2.925394866    2.925497808    2.133596365
    8.348348348    2.966501811    2.966562171    2.174002584
    8.363363363    3.033975208    3.034033207    2.169517433
    8.378378378    3.123140812    3.123189041    2.109259153
    8.393393393    3.189971379    3.189951627    2.023967670
    8.408408408    3.169152008    3.168994125    1.959355193
    8.423423423    3.033129735    3.032878313    1.928818097
    8.438438438    2.842289835    2.842054002    1.907535884
    8.453453453    2.674892081    2.674719738    1.868932498
    8.468468468    2.564835898    2.564717826    1.821182775
    8.483483483    2.503169091    2.503086121    1.789158098
    8.498498498    2.463811649    2.463753802    1.779788972
    8.513513514    2.418396193    2.418334326    1.781032466
    8.528528529    2.341953771    2.341854834    1.775217228
    8.543543544    2.230906021    2.230794526    1.746510713
    8.558558559    2.123001799    2.122950760    1.706638141
    8.573573574    2.064188213    2.064241378    1.678825159
    8.588588589    2.067553873    2.067693325    1.666674773
    8.603603604    2.119935377    2.120095402    1.678538351
    8.618618619    2.205856390    2.205988188    1.738208194
    8.633633634    2.324168979    2.324300084    1.859893037
    8.648648649    2.474660488    2.474833383    2.020099990
    8.663663664    2.623174749    2.623352437    2.151355339
    8.678678679    2.698214850    2.698302550    2.206801380
    8.693693694    2.673553332    2.673553591    2.209508983
    8.708708709    2.617003735    2.617022306    2.190964549
    8.723723724    2.609748217    2.609871932    2.175675938
    8.738738739    2.679735053    2.679946968    2.202670873
    8.753753754    2.788537886    2.788721466    2.274237190
    8.768768769    2.871823810    2.871896016    2.335452124
    8.783783784    2.890420123    2.890366021    2.329300899
    8.798798799    2.819097098    2.818908707    2.239134691
    8.813813814    2.669905433    2.669661034    2.092313193
    8.828828829    2.526705426    2.526542141    1.943801124
    8.843843844    2.476224993    2.476210352    1.845342613
    8.858858859    2.539634559    2.539724779    1.822970231
    8.873873874    2.663919701    2.663994498    1.885602447
    8.888888889    2.767378451    2.767347431    2.029418081
    8.903903904    2.803320997    2.803170194    2.233023853
    8.918918919    2.764586032    2.764369395    2.445211622
    8.933933934    2.696683012    2.696512832    2.591444488
    8.948948949    2.677026607    2.676974387    2.650130233
    8.963963964    2.752302620    2.752371510    2.669602053
    8.978978979    2.906392572    2.906531304    2.670618242
    8.993993994    3.063101353    3.063223477    2.614332017
    9.009009009    3.164968667    3.165032424    2.489587855
    9.024024024    3.226487076    3.226499251    2.344359896
    9.039039039    3.287121649    3.287123824    2.224115499
    9.054054054    3.363765526    3.363791015    2.150686865
    9.069069069    3.438612123    3.438667159    2.134956441
    9.084084084    3.492247952    3.492310442    2.172989156
    9.099099099    3.505272709    3.505282899    2.236203413
    9.114114114    3.468174034    3.468094040    2.273088204
    9.129129129    3.413905201    3.413758037    2.267921331
    9.144144144    3.381749788    3.381579617    2.259208364
    9.159159159    3.367693255    3.367527992    2.270878257
    9.174174174    3.355251479    3.355141727    2.296095538
    9.189189189    3.376673850    3.376681109    2.321414827
    9.204204204    3.462995436    3.463105006    2.338481095
    9.219219219    3.601741522    3.601907333    2.341387515
    9.234234234    3.774280928    3.774494590    2.320864009
    9.249249249    3.954802832    3.955005598    2.296241506
    9.264264264    4.087770188    4.087865469    2.308412420
    9.279279279    4.135686247    4.135633992    2.371214273
    9.294294294    4.104034296    4.103858010    2.467297637
    9.309309309    4.030186955    4.029977559    2.569024943
    9.324324324    3.946486046    3.946323217    2.653903007
    9.339339339    3.870187738    3.870097005    2.727569813
    9.354354354    3.812592184    3.812529222    2.801293553
    9.369369369    3.747906065    3.747766120    2.882692808
    9.384384384    3.648327452    3.648092360    2.982204920
    9.399399399    3.541550204    3.541304122    3.085110945
    9.414414414    3.453600780    3.453403635    3.143934958
    9.429429429    3.400370987    3.400270503    3.142140855
    9.444444444    3.419931736    3.419947537    3.119787325
    9.459459459    3.525497917    3.525566463    3.100412926
    9.474474474    3.677226162    3.677250227    3.071847808
    9.489489489    3.819336085    3.819264917    3.023100579
    9.504504505    3.939113514    3.938999279    2.961485793
    9.519519520    4.074767926    4.074706306    2.906630037
    9.534534535    4.232355688    4.232359416    2.874573523
    9.549549550    4.382742236    4.382751494    2.863632252
    9.564564565    4.507649699    4.507563431    2.847682042
    9.579579580    4.600841576    4.600606258    2.788104244
    9.594594595    4.675173786    4.674867718    2.675898830
    9.609609610    4.757852911    4.757625312    2.537415849
    9.624624625    4.859966877    4.859934615    2.396933265
    9.639639640    4.977335791    4.977514130    2.249815091
    9.654654655    5.106860413    5.107163258    2.091057123
    9.669669670    5.247765570    5.248051791    1.937934095
    9.684684685    5.366837127    5.366951311    1.807777728
    9.699699700    5.393126140    5.393000853    1.709895504
    9.714714715    5.276012457    5.275715044    1.646547297
    9.729729730    5.044595890    5.044273455    1.614426747
    9.744744745    4.803683413    4.803441709    1.609948676
    9.759759760    4.652769841    4.652605563    1.624504785
    9.774774775    4.611440162    4.611305557    1.644161219
    9.789789790    4.634647967    4.634524591    1.656131764
    9.804804805    4.655724628    4.655584516    1.655898869
    9.819819820    4.610998894    4.610780797    1.655351409
    9.834834835    4.503515136    4.503208934    1.667363611
    9.849849850    4.396820456    4.396466740    1.689171659
    9.864864865    4.305597833    4.305257295    1.713215927
    9.879879880    4.204535600    4.204279059    1.729103866
    9.894894895    4.095470926    4.095334942    1.727673259
    9.909909910    3.992769099    3.992758615    1.714188093
    9.924924925    3.928299993    3.928376953    1.704619097
    9.939939940    3.944072247    3.944160136    1.710580180
    9.954954955    4.031068159    4.031069957    1.729644358
    9.969969970    4.112787668    4.112632588    1.761324346
    9.984984985    4.130729435    4.130455636    1.815365087
   10.000000000    4.103599566    4.103312600    1.897525664
   10.015015015    4.057229623    4.056995131    1.996357559
   10.030030030    3.983505798    3.983338161    2.084814172
   10.045045045    3.876871332    3.876771964    2.144501021
   10.060060060    3.742469482    3.742421552    2.164835422
   10.075075075    3.587888731    3.587834224    2.148697406
   10.090090090    3.425491030    3.425390011    2.128385539
   10.105105105    3.264357881    3.264211732    2.129902971
   10.120120120    3.107696653    3.107518516    2.151519431
   10.135135135    2.962410690    2.962233335    2.172642458
   10.150150150    2.846572086    2.846447688    2.168002367
   10.165165165    2.783184214    2.783145981    2.137959361
   10.180180180    2.773232434    2.773268347    2.102819587
   10.195195195    2.789580646    2.789634578    2.072472297
   10.210210210    2.822806132    2.822838846    2.054366922
   10.225225225    2.888139529    2.888129960    2.070455864
   10.240240240    2.958827154    2.958718409    2.139980169
   10.255255255    2.984757885    2.984535531    2.247402384
   10.270270270    2.981498978    2.981235199    2.345466665
   10.285285285    2.979106852    2.978846266    2.408267341
   10.300300300    2.949075452    2.948811346    2.439788363
   10.315315315    2.868689056    2.868434633    2.435305329
   10.330330330    2.769947315    2.769725038    2.397286942
   10.345345345    2.680127182    2.679943736    2.349861470
   10.360360360    2.605797776    2.605646910    2.332230107
   10.375375375    2.549187787    2.549066341    2.364476779
   10.390390390    2.481635908    2.481548103    2.417009405
   10.405405405    2.369609096    2.369549727    2.434116742
   10.420420420    2.242155017    2.242110405    2.378445955
   10.435435435    2.158207026    2.158169738    2.271214138
   10.450450450    2.140682341    2.140649965    2.180898823
   10.465465465    2.165656864    2.165614519    2.142615298
   10.480480480    2.183848149    2.183760096    2.146383240
   10.495495495    2.168905974    2.168767537    2.186115781
   10.510510511    2.146947221    2.146807215    2.262003008
   10.525525526    2.150983826    2.150889257    2.363410303
   10.540540541    2.177140575    2.177100784    2.470126058
   10.555555556    2.203789122    2.203788099    2.553509793
   10.570570571    2.226638942    2.226666389    2.607318338
   10.585585586    2.250738385    2.250800554    2.649489131
   10.600600601    2.278105890    2.278193936    2.666386722
   10.615615616    2.298867988    2.298937087    2.620347405
   10.630630631    2.284842464    2.284861108    2.523453948
   10.645645646    2.221877249    2.221842483    2.426484049
   10.660660661    2.128215798    2.128126319    2.346778185
   10.675675676    2.037189243    2.037063573    2.272315175
   10.690690691    1.975122170    1.974994377    2.198922458
   10.705705706    1.944412569    1.944315531    2.138932145
   10.720720721    1.929162672    1.929111244    2.105657514
   10.735735736    1.919382110    1.919348923    2.103240542
   10.750750751    1.912815281    1.912758896    2.125984064
   10.765765766    1.903450907    1.903372661    2.161394883
   10.780780781    1.892295648    1.892229653    2.213136692
   10.795795796    1.887809261    1.887761728    2.291105655
   10.810810811    1.901008617    1.900965591    2.384056230
   10.825825826    1.946263258    1.946232129    2.471369287
   10.840840841    2.028236724    2.028232812    2.539539645
   10.855855856    2.126479606    2.126497357    2.593651511
   10.870870871    2.193748901    2.193773318    2.651845078
   10.885885886    2.184690461    2.184744386    2.719480777
   10.900900901    2.117552778    2.117669210    2.802861355
   10.915915916    2.062561807    2.062731352    2.909548558
   10.930930931    2.066499469    2.066688818    3.033466726
   10.945945946    2.124747589    2.124919225    3.139997096
   10.960960961    2.202931578    2.203057213    3.185750788
   10.975975976    2.267912110    2.267980102    3.175006258
   10.990990991    2.298519041    2.298528674    3.139390083
   11.006006006    2.290870579    2.290824954    3.084759675
   11.021021021    2.254600129    2.254523705    2.994342448
   11.036036036    2.211541939    2.211499775    2.869885972
   11.051051051    2.189416541    2.189437263    2.741079169
   11.066066066    2.192828094    2.192869960    2.637730751
   11.081081081    2.198329838    2.198339492    2.566645870
   11.096096096    2.188834112    2.188798490    2.520666699
   11.111111111    2.174055218    2.174010174    2.480150039
   11.126126126    2.178305907    2.178296065    2.418952703
   11.141141141    2.213369712    2.213409301    2.342111457
   11.156156156    2.268689540    2.268752851    2.274143421
   11.171171171    2.323680128    2.323723969    2.243397196
   11.186186186    2.352962377    2.352955788    2.261564658
   11.201201201    2.340977285    2.340915788    2.299502221
   11.216216216    2.287608060    2.287511235    2.319215693
   11.231231231    2.199264648    2.199178865    2.313536188
   11.246246246    2.099682168    2.099659633    2.293536419
   11.261261261    2.023626983    2.023690177    2.264418822
   11.276276276    1.992597787    1.992735078    2.224250381
   11.291291291    2.013230747    2.013394124    2.181005150
   11.306306306    2.074523090    2.074646648    2.148378488
   11.321321321    2.146613419    2.146666318    2.117883673
   11.336336336    2.206103243    2.206106132    2.077784439
   11.351351351    2.257895361    2.257876956    2.028229150
   11.366366366    2.321754542    2.321726489    1.973240067
   11.381381381    2.410884704    2.410877556    1.921521623
   11.396396396    2.520928917    2.520967983    1.878615002
   11.411411411    2.620421580    2.620488074    1.853827073
   11.426426426    2.670962448    2.671030728    1.864932649
   11.441441441    2.667244599    2.667313982    1.911561733
   11.456456456    2.624039073    2.624117047    1.971379392
   11.471471471    2.557298396    2.557389453    2.019053255
   11.486486486    2.494991799    2.495092643    2.048399911
   11.501501502    2.454528227    2.454620136    2.073074917
   11.516516517    2.423748093    2.423807555    2.100388764
   11.531531532    2.384754105    2.384789111    2.124207530
   11.546546547    2.349416189    2.349464588    2.143660494
   11.561561562    2.339188433    2.339256838    2.163779627
   11.576576577    2.345060000    2.345132595    2.180143595
   11.591591592    2.342249404    2.342326575    2.182047866
   11.606606607    2.314637433    2.314715249    2.170255482
   11.621621622    2.256629181    2.256692235    2.155512597
   11.636636637    2.176287482    2.176336985    2.131661697
   11.651651652    2.098364711    2.098428202    2.086481489
   11.666666667    2.044403059    2.044495968    2.038089726
   11.681681682    2.009324596    2.009425169    2.016479157
   11.696696697    1.968634200    1.968700329    2.034049005
   11.711711712    1.909708956    1.909713486    2.083621571
   11.726726727    1.845589865    1.845537639    2.145230762
   11.741741742    1.796123901    1.796049272    2.194203552
   11.756756757    1.773452504    1.773398210    2.209061997
   11.771771772    1.777063748    1.777056579    2.190539409
   11.786786787    1.797664274    1.797700352    2.169267163
   11.801801802    1.816674376    1.816711027    2.166853127
   11.816816817    1.822621145    1.822634539    2.187507298
   11.831831832    1.831193980    1.831206954    2.236637639
   11.846846847    1.861578881    1.861619133    2.304932084
   11.861861862    1.915822903    1.915903347    2.353471956
   11.876876877    1.982823184    1.982907174    2.359740831
   11.891891892    2.045392378    2.045405774    2.348442016
   11.906906907    2.099705378    2.099657870    2.369141667
   11.921921922    2.165179779    2.165163871    2.451405685
   11.936936937    2.241992486    2.242052407    2.573820490
   11.951951952    2.300545884    2.300649631    2.697766426
   11.966966967    2.319086341    2.319177238    2.800253993
   11.981981982    2.294626400    2.294679152    2.859770386
   11.996996997    2.240987341    2.241015627    2.847616485
   12.012012012    2.168864459    2.168878433    2.762449776
   12.027027027    2.086225808    2.086244163    2.654609700
   12.042042042    2.027589605    2.027645919    2.581382530
   12.057057057    2.028500286    2.028606334    2.557266893
   12.072072072    2.085196771    2.085328667    2.575080931
   12.087087087    2.162991113    2.163107239    2.632827054
   12.102102102    2.224541271    2.224626837    2.703558421
   12.117117117    2.247424205    2.247487939    2.738416514
   12.132132132    2.233833211    2.233880653    2.737391582
   12.147147147    2.206788844    2.206840069    2.741744060
   12.162162162    2.190384752    2.190470446    2.765985884
   12.177177177    2.188784833    2.188905335    2.793807330
   12.192192192    2.188904259    2.189031889    2.799509561
   12.207207207    2.183415726    2.183531569    2.743973879
   12.222222222    2.190372607    2.190508257    2.620201468
   12.237237237    2.237329925    2.237499007    2.492938745
   12.252252252    2.320157970    2.320302705    2.430709364
   12.267267267    2.399778906    2.399850584    2.441662219
   12.282282282    2.441837330    2.441856715    2.498753479
   12.297297297    2.449386624    2.449418517    2.581644383
   12.312312312    2.447383386    2.447447152    2.678326265
   12.327327327    2.442459224    2.442517286    2.779930239
   12.342342342    2.432955861    2.433010652    2.872773490
   12.357357357    2.433128983    2.433211057    2.953068824
   12.372372372    2.454733404    2.454815996    3.018563532
   12.387387387    2.493298768    2.493318935    3.035335798
   12.402402402    2.531862482    2.531782526    2.975237327
   12.417417417    2.546398197    2.546230945    2.866202113
   12.432432432    2.525617844    2.525417545    2.763203673
   12.447447447    2.483138324    2.482959347    2.694391224
   12.462462462    2.442976030    2.442851130    2.653485511
   12.477477477    2.412004232    2.411946890    2.616905044
   12.492492492    2.376871025    2.376889746    2.573559960
   12.507507508    2.334951339    2.335045279    2.539294528
   12.522522523    2.307855108    2.308023976    2.522230001
   12.537537538    2.319987605    2.320221995    2.511712259
   12.552552553    2.366856998    2.367127558    2.505514939
   12.567567568    2.407733614    2.408008232    2.519230578
   12.582582583    2.408840772    2.409102651    2.563075653
   12.597597598    2.382292572    2.382534866    2.621944455
   12.612612613    2.360498698    2.360732085    2.651260519
   12.627627628    2.360645106    2.360887262    2.631261166
   12.642642643    2.380732926    2.380987946    2.596928619
   12.657657658    2.410780271    2.411027131    2.586403759
   12.672672673    2.434263280    2.434465418    2.608340750
   12.687687688    2.439437268    2.439581825    2.647392381
   12.702702703    2.423793047    2.423898712    2.683391787
   12.717717718    2.386580696    2.386680821    2.701081692
   12.732732733    2.347010340    2.347125723    2.694797749
   12.747747748    2.335674686    2.335789976    2.679004353
   12.762762763    2.355409821    2.355483165    2.683000879
   12.777777778    2.383858201    2.383862873    2.734346117
   12.792792793    2.403375796    2.403312262    2.847550209
   12.807807808    2.419897114    2.419814968    3.020786279
   12.822822823    2.457467167    2.457443965    3.225035726
   12.837837838    2.520441232    2.520500298    3.392897759
   12.852852853    2.580478877    2.580561657    3.467781298
   12.867867868    2.607865819    2.607902030    3.460066648
   12.882882883    2.591054071    2.590994674    3.391489390
   12.897897898    2.533170520    2.533012645    3.271592479
   12.912912913    2.454400323    2.454208331    3.148990965
   12.927927928    2.372896295    2.372717934    3.085603736
   12.942942943    2.286674177    2.286540742    3.094052191
   12.957957958    2.202363802    2.202294035    3.149434850
   12.972972973    2.143005843    2.142988254    3.223175377
   12.987987988    2.118535409    2.118556495    3.292124031
   13.003003003    2.116368307    2.116415868    3.353142171
   13.018018018    2.112163214    2.112203080    3.426674309
   13.033033033    2.082122974    2.082124746    3.531606864
   13.048048048    2.021399930    2.021373173    3.668722494
   13.063063063    1.957282166    1.957262057    3.837828253
   13.078078078    1.923699113    1.923706927    4.041037327
   13.093093093    1.929643512    1.929668719    4.267177664
   13.108108108    1.960662593    1.960672074    4.486230851
   13.123123123    1.990079290    1.990044584    4.637794571
   13.138138138    1.995371010    1.995296925    4.686359994
   13.153153153    1.976386893    1.976305741    4.662392022
   13.168168168    1.956818988    1.956771476    4.606137409
   13.183183183    1.957544407    1.957560015    4.528898737
   13.198198198    1.978947324    1.979030825    4.420021374
   13.213213213    2.002807172    2.002924636    4.255419986
   13.228228228    2.000916736    2.001024847    4.008184643
   13.243243243    1.969289948    1.969391894    3.703354235
   13.258258258    1.933931087    1.934036278    3.415641111
   13.273273273    1.916252485    1.916330040    3.206193700
   13.288288288    1.913026210    1.913042798    3.095388636
   13.303303303    1.908513054    1.908485611    3.061982057
   13.318318318    1.902926237    1.902903477    3.064014922
   13.333333333    1.915129172    1.915151286    3.063126442
   13.348348348    1.960668921    1.960759791    3.032916220
   13.363363363    2.036769893    2.036937228    2.978720442
   13.378378378    2.119818639    2.120036182    2.921129135
   13.393393393    2.183166562    2.183376861    2.863048370
   13.408408408    2.211806429    2.211946298    2.804893531
   13.423423423    2.206495862    2.206541263    2.761360620
   13.438438438    2.189081302    2.189060572    2.747520990
   13.453453453    2.180328363    2.180275423    2.764696935
   13.468468468    2.178868087    2.178795848    2.801493981
   13.483483483    2.172847918    2.172740432    2.835041830
   13.498498498    2.156038689    2.155886527    2.842563430
   13.513513514    2.127711024    2.127553573    2.821430843
   13.528528529    2.083805342    2.083695012    2.782421938
   13.543543544    2.032456038    2.032415429    2.750349477
   13.558558559    1.996839862    1.996857686    2.773439906
   13.573573574    1.987725227    1.987781920    2.876929817
   13.588588589    2.002305994    2.002384588    3.025565738
   13.603603604    2.030717802    2.030796998    3.148513646
   13.618618619    2.054224929    2.054274723    3.202149723
   13.633633634    2.049729791    2.049731658    3.193796164
   13.648648649    2.005735911    2.005698332    3.147444326
   13.663663664    1.926776743    1.926699344    3.076833694
   13.678678679    1.827895229    1.827784431    2.984128061
   13.693693694    1.729819526    1.729710738    2.883290571
   13.708708709    1.649617993    1.649540274    2.802774048
   13.723723724    1.598513638    1.598457433    2.764369831
   13.738738739    1.577201541    1.577144603    2.779831097
   13.753753754    1.571748539    1.571704339    2.830660172
   13.768768769    1.569344240    1.569350043    2.863470691
   13.783783784    1.568964195    1.569032404    2.837179234
   13.798798799    1.572299506    1.572412179    2.748475618
   13.813813814    1.575396274    1.575515806    2.620095021
   13.828828829    1.576666904    1.576741873    2.485262058
   13.843843844    1.582651359    1.582658142    2.369900946
   13.858858859    1.597336813    1.597304308    2.285646225
   13.873873874    1.616100896    1.616066938    2.234769139
   13.888888889    1.634843177    1.634829777    2.203891654
   13.903903904    1.654921496    1.654928698    2.164503883
   13.918918919    1.681050370    1.681067528    2.105292298
   13.933933934    1.723084283    1.723109027    2.043184258
   13.948948949    1.783163981    1.783180777    2.005287241
   13.963963964    1.844054394    1.844031363    2.007908702
   13.978978979    1.883807529    1.883733826    2.036711172
   13.993993994    1.897609939    1.897522582    2.054268714
   14.009009009    1.895316387    1.895272264    2.033809588
   14.024024024    1.883907606    1.883928840    1.980235963
   14.039039039    1.873561995    1.873624807    1.923371415
   14.054054054    1.874817069    1.874886412    1.888312319
   14.069069069    1.888950066    1.889025682    1.880639379
   14.084084084    1.918390891    1.918475334    1.895119154
   14.099099099    1.961124224    1.961185313    1.921567742
   14.114114114    2.012385335    2.012417294    1.956360288
   14.129129129    2.079124266    2.079168768    2.004782796
   14.144144144    2.164107257    2.164206330    2.060117999
   14.159159159    2.251820067    2.251976860    2.112009025
   14.174174174    2.312647157    2.312819195    2.165902999
   14.189189189    2.315781830    2.315898875    2.224453391
   14.204204204    2.254286459    2.254309236    2.273680250
   14.219219219    2.154705994    2.154673331    2.301766395
   14.234234234    2.057978022    2.057956600    2.315869100
   14.249249249    1.994413942    1.994426464    2.331592269
   14.264264264    1.967558280    1.967585917    2.347030572
   14.279279279    1.955396864    1.955419513    2.344521423
   14.294294294    1.937126253    1.937139286    2.320135567
   14.309309309    1.912168640    1.912178522    2.283192426
   14.324324324    1.886884270    1.886895799    2.242025241
   14.339339339    1.863512358    1.863526387    2.206351200
   14.354354354    1.841035644    1.841042288    2.187761542
   14.369369369    1.816077977    1.816072024    2.186861832
   14.384384384    1.788789944    1.788789541    2.196749928
   14.399399399    1.764353735    1.764379665    2.221991481
   14.414414414    1.748854583    1.748910970    2.274944577
   14.429429429    1.741959745    1.742025759    2.344260676
   14.444444444    1.743000856    1.743055418    2.389387669
   14.459459459    1.760635017    1.760678440    2.376231338
   14.474474474    1.799307271    1.799347898    2.308997940
   14.489489489    1.842019786    1.842050726    2.224512057
   14.504504505    1.859624354    1.859619772    2.150246252
   14.519519520    1.836592127    1.836540596    2.086104537
   14.534534535    1.782054562    1.781970053    2.022770807
   14.549549550    1.718189376    1.718092125    1.958802186
   14.564564565    1.656388624    1.656304362    1.898438650
   14.579579580    1.596349191    1.596313926    1.846548872
   14.594594595    1.542681284    1.542689728    1.809067759
   14.609609610    1.500075097    1.500074794    1.788654122
   14.624624625    1.466085712    1.466051606    1.783251456
   14.639639640    1.437980315    1.437920479    1.785475729
   14.654654655    1.416448811    1.416380810    1.786319196
   14.669669670    1.398927442    1.398873762    1.786395044
   14.684684685    1.380115994    1.380089756    1.785123286
   14.699699700    1.358931048    1.358934982    1.774485436
   14.714714715    1.331662458    1.331699711    1.753183549
   14.729729730    1.297786256    1.297851875    1.725442250
   14.744744745    1.271933495    1.272011851    1.692827280
   14.759759760    1.271020623    1.271086305    1.655839242
   14.774774775    1.294975226    1.295012187    1.613741588
   14.789789790    1.330634884    1.330657217    1.566337643
   14.804804805    1.367173370    1.367193149    1.515237804
   14.819819820    1.403606073    1.403617194    1.462892933
   14.834834835    1.437546458    1.437533583    1.415811537
   14.849849850    1.462201193    1.462156839    1.376420612
   14.864864865    1.468879247    1.468812596    1.341479252
   14.879879880    1.450206738    1.450140661    1.313207867
   14.894894895    1.412706806    1.412653215    1.302617547
   14.909909910    1.369272012    1.369226384    1.314438150
   14.924924925    1.328832829    1.328785669    1.337509523
   14.939939940    1.294884174    1.294829181    1.355505204
   14.954954955    1.267793291    1.267729750    1.359922719
   14.969969970    1.247374061    1.247303403    1.355148075
   14.984984985    1.229226340    1.229145473    1.347084058
   15.000000000    1.205894451    1.205795695    1.336018964
