# energy grid [eV]     epsr_x  epsr_y  epsr_z
# plasmon frequences [eV]:    14.042076805   14.042061586   13.751841371
    0.000000000    8.002701366    8.002637481    4.763835394
    0.015015015    8.002971571    8.002907682    4.763864343
    0.030030030    8.003782463    8.003718562    4.763951194
    0.045045045    8.005134868    8.005070949    4.764095961
    0.060060060    8.007030172    8.006966226    4.764298665
    0.075075075    8.009470318    8.009406338    4.764559335
    0.090090090    8.012457816    8.012393794    4.764878012
    0.105105105    8.015995751    8.015931680    4.765254742
    0.120120120    8.020087795    8.020023667    4.765689582
    0.135135135    8.024738218    8.024674024    4.766182598
    0.150150150    8.029951902    8.029887636    4.766733862
    0.165165165    8.035734362    8.035670015    4.767343457
    0.180180180    8.042091761    8.042027326    4.768011475
    0.195195195    8.049030937    8.048966405    4.768738016
    0.210210210    8.056559424    8.056494787    4.769523190
    0.225225225    8.064685481    8.064620732    4.770367114
    0.240240240    8.073418127    8.073353258    4.771269917
    0.255255255    8.082767170    8.082702172    4.772231735
    0.270270270    8.092743250    8.092678114    4.773252713
    0.285285285    8.103357877    8.103292596    4.774333007
    0.300300300    8.114623485    8.114558049    4.775472780
    0.315315315    8.126553477    8.126487878    4.776672208
    0.330330330    8.139162285    8.139096516    4.777931472
    0.345345345    8.152465438    8.152399488    4.779250767
    0.360360360    8.166479622    8.166413483    4.780630296
    0.375375375    8.181222768    8.181156431    4.782070270
    0.390390390    8.196714131    8.196647586    4.783570913
    0.405405405    8.212974386    8.212907625    4.785132457
    0.420420420    8.230025735    8.229958747    4.786755146
    0.435435435    8.247892020    8.247824796    4.788439233
    0.450450450    8.266598855    8.266531386    4.790184982
    0.465465465    8.286173770    8.286106045    4.791992668
    0.480480480    8.306646369    8.306578377    4.793862576
    0.495495495    8.328048509    8.327980242    4.795795003
    0.510510511    8.350414504    8.350345949    4.797790257
    0.525525526    8.373781344    8.373712491    4.799848656
    0.540540541    8.398188950    8.398119790    4.801970533
    0.555555556    8.423680460    8.423610980    4.804156229
    0.570570571    8.450302545    8.450232734    4.806406099
    0.585585586    8.478105775    8.478035621    4.808720510
    0.600600601    8.507145030    8.507074521    4.811099842
    0.615615616    8.537479970    8.537409095    4.813544486
    0.630630631    8.569175573    8.569104319    4.816054849
    0.645645646    8.602302745    8.602231099    4.818631348
    0.660660661    8.636939029    8.636866979    4.821274417
    0.675675676    8.673169423    8.673096956    4.823984501
    0.690690691    8.711087322    8.711014423    4.826762062
    0.705705706    8.750795617    8.750722274    4.829607574
    0.720720721    8.792407980    8.792334178    4.832521528
    0.735735736    8.836050371    8.835976096    4.835504431
    0.750750751    8.881862807    8.881788045    4.838556804
    0.765765766    8.930001469    8.929926204    4.841679187
    0.780780781    8.980641191    8.980565409    4.844872134
    0.795795796    9.033978453    9.033902139    4.848136220
    0.810810811    9.090234960    9.090158097    4.851472036
    0.825825826    9.149661970    9.149584542    4.854880193
    0.840840841    9.212545545    9.212467537    4.858361321
    0.855855856    9.279212948    9.279134342    4.861916073
    0.870870871    9.350040465    9.349961247    4.865545120
    0.885885886    9.425463021    9.425383172    4.869249158
    0.900900901    9.505985986    9.505905491    4.873028909
    0.915915916    9.592199695    9.592118537    4.876885116
    0.930930931    9.684797168    9.684715330    4.880818554
    0.945945946    9.784595465    9.784512932    4.884830024
    0.960960961    9.892560661    9.892477417    4.888920360
    0.975975976   10.009835225   10.009751256    4.893090429
    0.990990991   10.137763598   10.137678890    4.897341137
    1.006006006   10.277904522   10.277819062    4.901673427
    1.021021021   10.432001525   10.431915304    4.906088285
    1.036036036   10.601842159   10.601755171    4.910586734
    1.051051051   10.788839004   10.788751245    4.915169827
    1.066066066   10.992932279   10.992843755    4.919838614
    1.081081081   11.209874426   11.209785154    4.924594055
    1.096096096   11.424860230   11.424770250    4.929436811
    1.111111111   11.599249946   11.599159317    4.934366811
    1.126126126   11.651828339   11.651737040    4.939382619
    1.141141141   11.470466316   11.470373731    4.944481806
    1.156156156   11.044697695   11.044601888    4.949665290
    1.171171171   10.609571027   10.609470261    4.954941956
    1.186186186   10.400963411   10.400859291    4.960320191
    1.201201201   10.372366284   10.372263269    4.965797903
    1.216216216   10.319573911   10.319476406    4.971366490
    1.231231231   10.107065670   10.106972563    4.977021199
    1.246246246    9.843427170    9.843329304    4.982772431
    1.261261261    9.760828376    9.760719651    4.988637264
    1.276276276    9.904457890    9.904340869    4.994616531
    1.291291291   10.143406011   10.143285934    5.000692344
    1.306306306   10.295968315   10.295849935    5.006831739
    1.321321321   10.174771649   10.174657889    5.012991383
    1.336336336    9.724284616    9.724172014    5.019160856
    1.351351351    9.216150303    9.216029464    5.025423168
    1.366366366    8.991171404    8.991039037    5.031881664
    1.381381381    9.062390548    9.062251913    5.038546263
    1.396396396    9.218540108    9.218403102    5.045366763
    1.411411411    9.215347842    9.215219917    5.052290385
    1.426426426    8.900736399    8.900618263    5.059286903
    1.441441441    8.421356701    8.421235981    5.066379530
    1.456456456    8.142919787    8.142784708    5.073629469
    1.471471471    8.212541167    8.212392480    5.081063171
    1.486486486    8.528788915    8.528631977    5.088666666
    1.501501502    8.965435419    8.965273872    5.096421228
    1.516516517    9.445632949    9.445468301    5.104313826
    1.531531532    9.919169525    9.919001886    5.112329752
    1.546546547   10.324162988   10.323991329    5.120439041
    1.561561562   10.551987018   10.551809129    5.128581216
    1.576576577   10.456871863   10.456685427    5.136673635
    1.591591592    9.997130476    9.996936422    5.144688846
    1.606606607    9.383691703    9.383493782    5.152733704
    1.621621622    8.930934259    8.930732513    5.161000698
    1.636636637    8.774569716    8.774358367    5.169624274
    1.651651652    8.772039389    8.771809563    5.178575312
    1.666666667    8.706903024    8.706651876    5.187753015
    1.681681682    8.577901328    8.577642319    5.197113116
    1.696696697    8.594589665    8.594336330    5.206678945
    1.711711712    8.842257867    8.842003635    5.216466159
    1.726726727    9.201390893    9.201114251    5.226461628
    1.741741742    9.487230421    9.486903034    5.236650309
    1.756756757    9.550670397    9.550277587    5.247026335
    1.771771772    9.436176531    9.435754217    5.257592405
    1.786786787    9.422068621    9.421672551    5.268355729
    1.801801802    9.688600868    9.688237837    5.279317760
    1.816816817   10.167666615   10.167308801    5.290462865
    1.831831832   10.695635726   10.695249771    5.301743155
    1.846846847   11.081126355   11.080674809    5.313055898
    1.861861862   11.108688896   11.108133945    5.324260533
    1.876876877   10.674978497   10.674311574    5.335347106
    1.891891892    9.971999586    9.971255701    5.346617116
    1.906906907    9.305483539    9.304711534    5.358419153
    1.921921922    8.804564386    8.803807044    5.370819401
    1.936936937    8.456538336    8.455854275    5.383708457
    1.951951952    8.253583771    8.253056394    5.396981489
    1.966966967    8.125846331    8.125498612    5.410583599
    1.981981982    8.039946470    8.039678613    5.424498519
    1.996996997    8.099869137    8.099576759    5.438729510
    2.012012012    8.309829653    8.309521069    5.453273998
    2.027027027    8.504079569    8.503821523    5.468110270
    2.042042042    8.506388021    8.506105414    5.483206651
    2.057057057    8.291843904    8.291304395    5.498563451
    2.072072072    8.004503305    8.003528928    5.514239842
    2.087087087    7.817579555    7.816207124    5.530271608
    2.102102102    7.784254460    7.782688531    5.546604472
    2.117117117    7.873613432    7.872077275    5.563233731
    2.132132132    8.090000144    8.088536517    5.580329184
    2.147147147    8.461798853    8.460331912    5.598012265
    2.162162162    8.890070351    8.888795896    5.616089213
    2.177177177    9.151720018    9.151086212    5.634173714
    2.192192192    9.111927208    9.112240409    5.651868298
    2.207207207    8.785695435    8.787035479    5.668748548
    2.222222222    8.180570063    8.182963153    5.684638004
    2.237237237    7.381793804    7.385033643    5.700558315
    2.252252252    6.592270363    6.595711993    5.717888805
    2.267267267    5.903563554    5.906480920    5.736382534
    2.282282282    5.321485560    5.323645061    5.754979751
    2.297297297    4.793651644    4.795493826    5.773502989
    2.312312312    4.221238310    4.223273524    5.792954263
    2.327327327    3.570308163    3.572653196    5.814303201
    2.342342342    2.856911201    2.859523085    5.837598830
    2.357357357    2.041593023    2.044510104    5.862346259
    2.372372372    1.025705443    1.028961286    5.887952624
    2.387387387   -0.138723720   -0.135435034    5.914108797
    2.402402402   -1.230639018   -1.227640216    5.941275984
    2.417417417   -2.046414617   -2.043832255    5.970549506
    2.432432432   -2.468589853   -2.466701681    6.002395776
    2.447447447   -2.473057645   -2.472075216    6.035942445
    2.462462462   -2.177453930   -2.177128169    6.069318693
    2.477477477   -1.777986371   -1.777963531    6.099395618
    2.492492492   -1.431329652   -1.431470848    6.121707569
    2.507507508   -1.217111086   -1.217436660    6.133295907
    2.522522523   -1.170545420   -1.171078130    6.139157996
    2.537537538   -1.256211683   -1.256881109    6.149947431
    2.552552553   -1.359677039   -1.360354274    6.167413491
    2.567567568   -1.412772063   -1.413390668    6.184348587
    2.582582583   -1.421362981   -1.421929480    6.199190626
    2.597597598   -1.409546882   -1.410091259    6.220651065
    2.612612613   -1.405253993   -1.405804752    6.252682693
    2.627627628   -1.391646765   -1.392224157    6.287117068
    2.642642643   -1.309397140   -1.309997337    6.309760441
    2.657657658   -1.120833321   -1.121433735    6.310264976
    2.672672673   -0.842108501   -0.842687465    6.298913396
    2.687687688   -0.516827663   -0.517372124    6.301734323
    2.702702703   -0.183292059   -0.183796239    6.325728352
    2.717717718    0.135868237    0.135405125    6.354023761
    2.732732733    0.430233651    0.429808426    6.367001336
    2.747747748    0.698575291    0.698180117    6.364941389
    2.762762763    0.946918232    0.946543654    6.373419249
    2.777777778    1.180507747    1.180148336    6.410600579
    2.792792793    1.399298621    1.398951779    6.471760097
    2.807807808    1.603345919    1.603009087    6.545869241
    2.822822823    1.796864372    1.796535351    6.624912474
    2.837837838    1.983884750    1.983564282    6.701461058
    2.852852853    2.164119048    2.163810175    6.763157355
    2.867867868    2.334905565    2.334611663    6.789857657
    2.882882883    2.494625278    2.494347955    6.764171939
    2.897897898    2.645316646    2.645052352    6.698926591
    2.912912913    2.791956241    2.791697494    6.639747791
    2.927927928    2.937799542    2.937541503    6.619861616
    2.942942943    3.081596970    3.081339500    6.628377721
    2.957957958    3.221294000    3.221037481    6.640633155
    2.972972973    3.358532920    3.358275723    6.660939545
    2.987987988    3.496209456    3.495948702    6.709587449
    3.003003003    3.635212368    3.634943514    6.787261592
    3.018018018    3.776100757    3.775819680    6.879803542
    3.033033033    3.918516056    3.918222597    6.971125236
    3.048048048    4.060471302    4.060167064    7.047939422
    3.063063063    4.201361161    4.201046284    7.111553328
    3.078078078    4.343421935    4.343093601    7.182734523
    3.093093093    4.487440048    4.487092749    7.275095561
    3.108108108    4.632428431    4.632057111    7.379211464
    3.123123123    4.779321134    4.778927084    7.470158468
    3.138138138    4.925958243    4.925551883    7.509598027
    3.153153153    5.062273286    5.061874305    7.461279792
    3.168168168    5.179465108    5.179107157    7.343658789
    3.183183183    5.275105165    5.274850561    7.242479877
    3.198198198    5.338717137    5.338637486    7.219071662
    3.213213213    5.350504210    5.350611574    7.259144884
    3.228228228    5.299494387    5.299791348    7.325333998
    3.243243243    5.186944530    5.187471145    7.405293482
    3.258258258    5.049477134    5.050148366    7.501380143
    3.273273273    4.956335874    4.956914260    7.607185322
    3.288288288    4.952895135    4.953213214    7.711089953
    3.303303303    5.021072988    5.021192438    7.808633030
    3.318318318    5.103914693    5.103984357    7.891507677
    3.333333333    5.163653923    5.163754297    7.937274804
    3.348348348    5.219252114    5.219368823    7.934962265
    3.363363363    5.305247093    5.305353172    7.905574532
    3.378378378    5.417022832    5.417122087    7.881771000
    3.393393393    5.533629113    5.533758309    7.875709438
    3.408408408    5.638362125    5.638592803    7.877409033
    3.423423423    5.707165579    5.707536106    7.880932983
    3.438438438    5.725684352    5.726090545    7.894734521
    3.453453453    5.706161377    5.706461005    7.936766614
    3.468468468    5.664479480    5.664671063    8.019971827
    3.483483483    5.627963119    5.628117943    8.141015119
    3.498498498    5.633207894    5.633368327    8.293856894
    3.513513514    5.697318726    5.697508932    8.484001540
    3.528528529    5.802454540    5.802687394    8.710806547
    3.543543544    5.924123915    5.924362530    8.944166896
    3.558558559    6.062601000    6.062798299    9.141687936
    3.573573574    6.217904155    6.218068928    9.280433268
    3.588588589    6.376159717    6.376341613    9.375919629
    3.603603604    6.514113127    6.514376889    9.464749662
    3.618618619    6.600059630    6.600445271    9.557049361
    3.633633634    6.627389671    6.627866494    9.603119281
    3.648648649    6.636174940    6.636710769    9.548811327
    3.663663664    6.650187650    6.650809692    9.394092152
    3.678678679    6.658460929    6.659156109    9.182164374
    3.693693694    6.679906974    6.680544510    8.974413907
    3.708708709    6.771855372    6.772335301    8.843860779
    3.723723724    6.959923422    6.960283283    8.794137212
    3.738738739    7.216922436    7.217225517    8.713651873
    3.753753754    7.493931973    7.494186113    8.526398129
    3.768768769    7.744024159    7.744198065    8.305762469
    3.783783784    7.928001942    7.928084125    8.134614230
    3.798798799    8.018851504    8.018863806    7.984506476
    3.813813814    7.987600245    7.987521083    7.776803239
    3.828828829    7.789503687    7.789294253    7.395092414
    3.843843844    7.437215297    7.436949516    6.756519901
    3.858858859    7.033644800    7.033409221    5.938907857
    3.873873874    6.670330610    6.669999755    5.068218419
    3.888888889    6.391261281    6.390645762    4.220123986
    3.903903904    6.209243585    6.208396845    3.491255768
    3.918918919    6.101353957    6.100462860    2.968563600
    3.933933934    6.021349050    6.020540817    2.642966570
    3.948948949    5.935757272    5.935126511    2.450164785
    3.963963964    5.864471387    5.864037640    2.368997496
    3.978978979    5.871768162    5.871459375    2.440838937
    3.993993994    5.991097903    5.990823918    2.673520276
    4.009009009    6.191274921    6.190933041    3.016066713
    4.024024024    6.410204968    6.409729202    3.402345236
    4.039039039    6.581021540    6.580472347    3.779533598
    4.054054054    6.674793937    6.674335072    4.129677607
    4.069069069    6.678481745    6.678173970    4.457526529
    4.084084084    6.580941986    6.580663401    4.759616533
    4.099099099    6.423896949    6.423577758    5.024208772
    4.114114114    6.292194651    6.291902447    5.248947120
    4.129129129    6.222134276    6.221959339    5.447526880
    4.144144144    6.142786284    6.142772491    5.627015612
    4.159159159    6.005215712    6.005287518    5.781603797
    4.174174174    5.912063183    5.912088456    5.925691045
    4.189189189    5.974900073    5.974856825    6.089042986
    4.204204204    6.162233178    6.162159896    6.261571332
    4.219219219    6.349043581    6.348986499    6.392177829
    4.234234234    6.465493618    6.465498594    6.455570453
    4.249249249    6.564342849    6.564427383    6.492284746
    4.264264264    6.670823317    6.670973397    6.568422774
    4.279279279    6.694044744    6.694292620    6.697576773
    4.294294294    6.537516290    6.537943348    6.843902625
    4.309309309    6.208434476    6.209021420    6.988725755
    4.324324324    5.863467004    5.864049231    7.166446302
    4.339339339    5.678187007    5.678649769    7.419015227
    4.354354354    5.656793234    5.657150496    7.744726402
    4.369369369    5.688678642    5.688919634    8.102932125
    4.384384384    5.650672081    5.650765379    8.437203202
    4.399399399    5.452524521    5.452476722    8.707696265
    4.414414414    5.096304990    5.096199407    8.924303351
    4.429429429    4.656116801    4.656107806    9.159248319
    4.444444444    4.228127635    4.228263430    9.462767362
    4.459459459    3.889282497    3.889434343    9.769981202
    4.474474474    3.651924083    3.651981516    9.927758731
    4.489489489    3.512867501    3.512827787    9.811218247
    4.504504505    3.478453892    3.478303138    9.413982581
    4.519519520    3.532788939    3.532560425    8.777460047
    4.534534535    3.664533095    3.664360716    7.893051426
    4.549549550    3.871371074    3.871387786    6.797543370
    4.564564565    4.124036137    4.124310979    5.632743545
    4.579579580    4.377506103    4.377898425    4.496812069
    4.594594595    4.599009373    4.599247322    3.449012798
    4.609609610    4.758712751    4.758695013    2.616775724
    4.624624625    4.818332259    4.818163498    2.070593779
    4.639639640    4.723155360    4.722935484    1.724738218
    4.654654655    4.465966170    4.465686869    1.441394319
    4.669669670    4.166495567    4.166082434    1.198079659
    4.684684685    3.940745885    3.940123839    1.062620024
    4.699699700    3.732644070    3.731822734    1.042553796
    4.714714715    3.443081573    3.442214887    1.101486569
    4.729729730    3.111066800    3.110306477    1.240572892
    4.744744745    2.841857958    2.841241746    1.467143209
    4.759759760    2.587651516    2.587165324    1.753921095
    4.774774775    2.189462604    2.189148944    2.057154624
    4.789789790    1.611401387    1.611357848    2.334343123
    4.804804805    1.015664694    1.015797755    2.543746336
    4.819819820    0.659464885    0.659516167    2.687618742
    4.834834835    0.618012889    0.617865618    2.823750541
    4.849849850    0.706112788    0.705811574    2.992591710
    4.864864865    0.709164221    0.708780331    3.162772083
    4.879879880    0.566195132    0.565780286    3.299151515
    4.894894895    0.365566804    0.365155402    3.430322879
    4.909909910    0.233080647    0.232712770    3.594358538
    4.924924925    0.249247229    0.248935753    3.786831572
    4.939939940    0.413529933    0.413218116    3.991218119
    4.954954955    0.641825199    0.641468094    4.210851033
    4.969969970    0.836674421    0.836306705    4.455533233
    4.984984985    0.948592575    0.948320750    4.712737517
    5.000000000    1.010248545    1.010174003    4.963585524
    5.015015015    1.088758961    1.088844171    5.201778578
    5.030030030    1.210790029    1.210877559    5.436728873
    5.045045045    1.351156545    1.351115546    5.681885482
    5.060060060    1.423449739    1.423225854    5.934891130
    5.075075075    1.330455762    1.330091119    6.185718058
    5.090090090    1.092539276    1.092192493    6.435767695
    5.105105105    0.868281471    0.868073517    6.695797594
    5.120120120    0.795163647    0.795052053    6.956426646
    5.135135135    0.853572298    0.853497373    7.186270454
    5.150150150    0.910705740    0.910665918    7.352935409
    5.165165165    0.888770145    0.888719812    7.418670292
    5.180180180    0.793652805    0.793474265    7.295525331
    5.195195195    0.615444955    0.615141506    6.896292625
    5.210210210    0.382679857    0.382428338    6.362556844
    5.225225225    0.205370782    0.205250070    6.005157393
    5.240240240    0.153492877    0.153432474    5.931757724
    5.255255255    0.197482973    0.197458338    6.017564436
    5.270270270    0.278988805    0.279047927    6.151520077
    5.285285285    0.368395701    0.368576182    6.335566303
    5.300300300    0.457731117    0.458021787    6.590030439
    5.315315315    0.512287833    0.512617868    6.895852813
    5.330330330    0.463655690    0.463948967    7.218162670
    5.345345345    0.287305030    0.287559723    7.530799882
    5.360360360    0.069513705    0.069746205    7.853739488
    5.375375375   -0.062153168   -0.061948968    8.203148264
    5.390390390   -0.073274159   -0.073102188    8.505071435
    5.405405405   -0.011310423   -0.011151406    8.637801384
    5.420420420    0.085596312    0.085796725    8.541967816
    5.435435435    0.206259635    0.206511360    8.243891120
    5.450450450    0.327815277    0.328063611    7.815028355
    5.465465465    0.390112508    0.390326630    7.246930608
    5.480480480    0.369591838    0.369770966    6.481397124
    5.495495495    0.337457349    0.337588774    5.603980241
    5.510510511    0.338623635    0.338703200    4.807061805
    5.525525526    0.350588674    0.350639260    4.142440907
    5.540540541    0.379394346    0.379451559    3.432842676
    5.555555556    0.454738101    0.454816929    2.567930976
    5.570570571    0.576737669    0.576845518    1.711465477
    5.585585586    0.725547986    0.725690988    1.101495876
    5.600600601    0.865869456    0.866012814    0.760176143
    5.615615616    0.948941304    0.949001180    0.527363694
    5.630630631    0.947930125    0.947847665    0.287172811
    5.645645646    0.895730808    0.895569997    0.059240538
    5.660660661    0.872589140    0.872473044   -0.085233275
    5.675675676    0.894489374    0.894448176   -0.235415744
    5.690690691    0.882979224    0.882942552   -0.629882778
    5.705705706    0.786065616    0.785967251   -1.360713757
    5.720720721    0.643954404    0.643836572   -2.220446009
    5.735735736    0.545112615    0.545050697   -2.965736475
    5.750750751    0.541018801    0.541009502   -3.516272646
    5.765765766    0.625840878    0.625859380   -3.881310681
    5.780780781    0.780371479    0.780414931   -4.071161403
    5.795795796    0.986358930    0.986419854   -4.099892225
    5.810810811    1.228325410    1.228383008   -4.038131624
    5.825825826    1.477336895    1.477358054   -4.010193109
    5.840840841    1.678958520    1.678901533   -4.039694835
    5.855855856    1.778703951    1.778563423   -4.041166265
    5.870870871    1.765376954    1.765209263   -3.991266069
    5.885885886    1.671149640    1.670977084   -3.906645642
    5.900900901    1.541291231    1.541123602   -3.808934520
    5.915915916    1.434465397    1.434371090   -3.744057547
    5.930930931    1.384925121    1.384924178   -3.716884803
    5.945945946    1.377151178    1.377196418   -3.656418996
    5.960960961    1.377366204    1.377412911   -3.500279641
    5.975975976    1.372986232    1.373028398   -3.280615579
    5.990990991    1.367503358    1.367538066   -3.085388638
    6.006006006    1.360116069    1.360134989   -2.963013432
    6.021021021    1.348388525    1.348377918   -2.909740065
    6.036036036    1.331784898    1.331705970   -2.905517817
    6.051051051    1.316260611    1.316102417   -2.915140026
    6.066066066    1.310634221    1.310444947   -2.880030887
    6.081081081    1.310871841    1.310698219   -2.745705751
    6.096096096    1.302420854    1.302284219   -2.519970396
    6.111111111    1.277726088    1.277615539   -2.260460763
    6.126126126    1.252956248    1.252837769   -2.040272870
    6.141141141    1.269042192    1.268897223   -1.912783923
    6.156156156    1.333611973    1.333437214   -1.872807502
    6.171171171    1.408162339    1.407960968   -1.862037217
    6.186186186    1.438468591    1.438237675   -1.847721893
    6.201201201    1.398542795    1.398295658   -1.830380108
    6.216216216    1.322322982    1.322109751   -1.782038407
    6.231231231    1.262105874    1.261957367   -1.672852228
    6.246246246    1.223483349    1.223375349   -1.517235351
    6.261261261    1.177556078    1.177455808   -1.348068808
    6.276276276    1.091314759    1.091217002   -1.194277369
    6.291291291    0.931730204    0.931641973   -1.089179447
    6.306306306    0.680445466    0.680396594   -1.048196308
    6.321321321    0.372704025    0.372721626   -1.049486381
    6.336336336    0.105177163    0.105233227   -1.044578722
    6.351351351   -0.043995797   -0.043927510   -0.980222974
    6.366366366   -0.051076153   -0.050989270   -0.845865644
    6.381381381    0.055991538    0.056101548   -0.678954861
    6.396396396    0.211588353    0.211713664   -0.528864682
    6.411411411    0.351649357    0.351766634   -0.435344136
    6.426426426    0.437544092    0.437623140   -0.415903331
    6.441441441    0.474229275    0.474274342   -0.430767046
    6.456456456    0.503871831    0.503910352   -0.406768631
    6.471471471    0.550267503    0.550285284   -0.316034335
    6.486486486    0.589221619    0.589195501   -0.178321778
    6.501501502    0.600514185    0.600464176   -0.023903637
    6.516516517    0.603779958    0.603738759    0.123022742
    6.531531532    0.621936152    0.621923223    0.236383992
    6.546546547    0.667039208    0.667060913    0.295183728
    6.561561562    0.736888302    0.736947318    0.297327893
    6.576576577    0.800550770    0.800661259    0.238584196
    6.591591592    0.815522239    0.815685973    0.109935808
    6.606606607    0.775929389    0.776123664   -0.056357968
    6.621621622    0.727932395    0.728121663   -0.202704997
    6.636636637    0.701172783    0.701335434   -0.276757214
    6.651651652    0.665004285    0.665147892   -0.245749509
    6.666666667    0.582803036    0.582954937   -0.128975700
    6.681681682    0.472001238    0.472178181    0.024841693
    6.696696697    0.386173576    0.386358915    0.180330535
    6.711711712    0.349557121    0.349717696    0.307986216
    6.726726727    0.340620198    0.340751634    0.365975980
    6.741741742    0.345859975    0.345996119    0.346436294
    6.756756757    0.389161725    0.389331040    0.304606443
    6.771771772    0.488819937    0.489013507    0.299591839
    6.786786787    0.638048476    0.638235432    0.348910244
    6.801801802    0.812808065    0.812959132    0.411419697
    6.816816817    0.981866960    0.981963405    0.432282312
    6.831831832    1.120217456    1.120253579    0.414835249
    6.846846847    1.205310984    1.205293305    0.387840186
    6.861861862    1.208592484    1.208548654    0.338446789
    6.876876877    1.128078520    1.128043368    0.248031347
    6.891891892    1.011046116    1.011038889    0.138849873
    6.906906907    0.919572872    0.919609783    0.057162500
    6.921921922    0.877775567    0.877862063    0.040324506
    6.936936937    0.862560750    0.862680071    0.094444382
    6.951951952    0.849420014    0.849556985    0.199492100
    6.966966967    0.834789591    0.834949939    0.322684908
    6.981981982    0.817577041    0.817749624    0.425499977
    6.996996997    0.803222983    0.803370405    0.483117014
    7.012012012    0.815958273    0.816068006    0.488644541
    7.027027027    0.878750235    0.878842466    0.432712087
    7.042042042    0.977299826    0.977391803    0.325457770
    7.057057057    1.071324577    1.071418025    0.220712388
    7.072072072    1.142650572    1.142736608    0.167932071
    7.087087087    1.207243587    1.207309140    0.183341414
    7.102102102    1.263879323    1.263906394    0.242029243
    7.117117117    1.285982611    1.285968592    0.305266826
    7.132132132    1.271951919    1.271930121    0.344805098
    7.147147147    1.254274783    1.254271626    0.332904568
    7.162162162    1.258908698    1.258920766    0.272726338
    7.177177177    1.287096417    1.287116803    0.218693595
    7.192192192    1.323809527    1.323834773    0.208682329
    7.207207207    1.351931774    1.351960744    0.239277313
    7.222222222    1.378493943    1.378520764    0.307368087
    7.237237237    1.427152570    1.427155099    0.415280523
    7.252252252    1.488499965    1.488478538    0.546705962
    7.267267267    1.521201835    1.521198316    0.667436054
    7.282282282    1.503083895    1.503133060    0.755678409
    7.297297297    1.450563203    1.450660006    0.812537174
    7.312312312    1.393523939    1.393643685    0.833056950
    7.327327327    1.348048200    1.348157125    0.786210447
    7.342342342    1.317915488    1.317982079    0.641590241
    7.357357357    1.295166441    1.295209697    0.427909352
    7.372372372    1.268742270    1.268810923    0.217361520
    7.387387387    1.240963157    1.241075604    0.052665888
    7.402402402    1.228247063    1.228396227   -0.034350935
    7.417417417    1.241242536    1.241418888   -0.027294118
    7.432432432    1.274849431    1.275037857    0.048527376
    7.447447447    1.315670230    1.315858215    0.153357173
    7.462462462    1.339735178    1.339911624    0.257590296
    7.477477477    1.332949147    1.333097108    0.351310971
    7.492492492    1.298286313    1.298403573    0.441875835
    7.507507508    1.248421087    1.248524504    0.535608493
    7.522522523    1.212868212    1.212975211    0.625779943
    7.537537538    1.222179667    1.222291233    0.697800342
    7.552552553    1.274491547    1.274607074    0.743413527
    7.567567568    1.348575628    1.348707455    0.765637431
    7.582582583    1.420355829    1.420511188    0.771580329
    7.597597598    1.459292673    1.459452051    0.780101832
    7.612612613    1.447513990    1.447634481    0.808926433
    7.627627628    1.394146348    1.394191917    0.858926473
    7.642642643    1.324021942    1.323988358    0.920664310
    7.657657658    1.262619949    1.262556200    0.979521346
    7.672672673    1.237098757    1.237074306    1.027640937
    7.687687688    1.251643373    1.251663118    1.076425572
    7.702702703    1.286863038    1.286896426    1.137811633
    7.717717718    1.332375260    1.332417968    1.201668863
    7.732732733    1.378004203    1.378067527    1.253797196
    7.747747748    1.418481429    1.418564297    1.299116889
    7.762762763    1.463965985    1.464051066    1.350825924
    7.777777778    1.498803571    1.498857658    1.409969600
    7.792792793    1.485156804    1.485142035    1.467318574
    7.807807808    1.403721480    1.403622741    1.513950147
    7.822822823    1.277864110    1.277701792    1.550593930
    7.837837838    1.163639091    1.163467833    1.582952010
    7.852852853    1.107167760    1.107052022    1.616132875
    7.867867868    1.115674721    1.115645301    1.658225353
    7.882882883    1.178415217    1.178449640    1.721524946
    7.897897898    1.280110889    1.280164455    1.812025359
    7.912912913    1.395696521    1.395745057    1.916677854
    7.927927928    1.496039894    1.496087856    2.005799767
    7.942942943    1.568203495    1.568257527    2.051322056
    7.957957958    1.625712799    1.625769039    2.050194423
    7.972972973    1.691172352    1.691230935    2.026701318
    7.987987988    1.771868871    1.771938466    2.001062284
    8.003003003    1.860537972    1.860616841    1.969248988
    8.018018018    1.941010999    1.941089623    1.911594288
    8.033033033    1.996938463    1.997018331    1.812062322
    8.048048048    2.027104680    2.027191682    1.683030982
    8.063063063    2.043469590    2.043555610    1.566704571
    8.078078078    2.058662970    2.058737042    1.503886946
    8.093093093    2.093798438    2.093871103    1.509424700
    8.108108108    2.170581229    2.170658170    1.567654777
    8.123123123    2.284474169    2.284529908    1.652244474
    8.138138138    2.402404222    2.402403126    1.745331518
    8.153153153    2.482367694    2.482294951    1.836192582
    8.168168168    2.510970481    2.510870774    1.910718824
    8.183183183    2.524694165    2.524634287    1.961147542
    8.198198198    2.552749657    2.552714891    2.001062152
    8.213213213    2.566971017    2.566894454    2.051362776
    8.228228228    2.537564344    2.537452284    2.118830079
    8.243243243    2.504879428    2.504819834    2.196864955
    8.258258258    2.517631623    2.517651329    2.260855676
    8.273273273    2.556138723    2.556185959    2.280714963
    8.288288288    2.569774509    2.569783644    2.252718556
    8.303303303    2.528866123    2.528802789    2.196582295
    8.318318318    2.445899331    2.445759108    2.129122674
    8.333333333    2.357914412    2.357733436    2.049712419
    8.348348348    2.295025036    2.294854546    1.947945831
    8.363363363    2.237300546    2.237127866    1.830363333
    8.378378378    2.137564902    2.137349853    1.733743403
    8.393393393    1.969260087    1.968983468    1.692535988
    8.408408408    1.750830737    1.750561490    1.697901278
    8.423423423    1.565722482    1.565572879    1.710739555
    8.438438438    1.483096564    1.483074014    1.706366399
    8.453453453    1.493768653    1.493810964    1.698998293
    8.468468468    1.547138053    1.547196612    1.714462004
    8.483483483    1.599016508    1.599075675    1.751228262
    8.498498498    1.628882364    1.628930224    1.788186472
    8.513513514    1.635399796    1.635426854    1.811285991
    8.528528529    1.636981132    1.637020903    1.819060892
    8.543543544    1.673021029    1.673131632    1.828767316
    8.558558559    1.773304828    1.773489962    1.865694567
    8.573573574    1.921672298    1.921871957    1.927705524
    8.588588589    2.079266710    2.079410752    2.006352431
    8.603603604    2.219267997    2.219328484    2.105945999
    8.618618619    2.334851989    2.334871669    2.217283689
    8.633633634    2.423036480    2.423059874    2.303931934
    8.648648649    2.461630934    2.461627941    2.317477442
    8.663663664    2.418810409    2.418718467    2.245310300
    8.678678679    2.309696366    2.309545339    2.143665416
    8.693693694    2.222348231    2.222251919    2.066845509
    8.708708709    2.221418775    2.221417444    2.024366021
    8.723723724    2.285246681    2.285268375    2.021986468
    8.738738739    2.342992854    2.342918231    2.040713860
    8.753753754    2.333363304    2.333147022    2.023099244
    8.768768769    2.251903035    2.251611028    1.937173655
    8.783783784    2.130118590    2.129815688    1.810649113
    8.798798799    2.012700082    2.012463940    1.702442215
    8.813813814    1.974346068    1.974269761    1.665889852
    8.828828829    2.058120483    2.058188393    1.722904987
    8.843843844    2.220178938    2.220275641    1.855335662
    8.858858859    2.369924148    2.369928633    2.026613432
    8.873873874    2.435246315    2.435120814    2.199984167
    8.888888889    2.413836653    2.413649362    2.336196558
    8.903903904    2.354083194    2.353928993    2.395294891
    8.918918919    2.318665488    2.318632172    2.345521935
    8.933933934    2.364066384    2.364167071    2.206993638
    8.948948949    2.487853280    2.488014448    2.055408544
    8.963963964    2.628998453    2.629134034    1.927277555
    8.978978979    2.710003777    2.710044624    1.792504023
    8.993993994    2.698881467    2.698824349    1.647296109
    9.009009009    2.644249922    2.644149439    1.546681054
    9.024024024    2.600832850    2.600741003    1.525731427
    9.039039039    2.576996177    2.576936918    1.571095076
    9.054054054    2.545572109    2.545524962    1.657508054
    9.069069069    2.487151850    2.487084470    1.756362573
    9.084084084    2.404389648    2.404265640    1.833991873
    9.099099099    2.308064018    2.307880165    1.859921663
    9.114114114    2.233829873    2.233643580    1.839719131
    9.129129129    2.213031227    2.212901433    1.825271785
    9.144144144    2.230196417    2.230141867    1.841405005
    9.159159159    2.255485741    2.255510402    1.866548554
    9.174174174    2.302172173    2.302284865    1.881540949
    9.189189189    2.386722696    2.386868958    1.882600226
    9.204204204    2.473732811    2.473830454    1.875259138
    9.219219219    2.524102298    2.524129886    1.863784484
    9.234234234    2.519790090    2.519726768    1.865275438
    9.249249249    2.436522728    2.436320023    1.907540717
    9.264264264    2.274349929    2.274038674    1.983572523
    9.279279279    2.079782552    2.079449848    2.055611879
    9.294294294    1.906789007    1.906529385    2.095157073
    9.309309309    1.785154149    1.785013691    2.094189280
    9.324324324    1.709703399    1.709644069    2.068972059
    9.339339339    1.670055097    1.670004604    2.040471391
    9.354354354    1.642845359    1.642729381    2.009505257
    9.369369369    1.606180504    1.606012235    1.974670324
    9.384384384    1.591149348    1.591041115    1.920966452
    9.399399399    1.630416398    1.630415933    1.819658641
    9.414414414    1.716999608    1.717085902    1.672399667
    9.429429429    1.852561958    1.852698922    1.531862140
    9.444444444    2.021877955    2.021983753    1.424621371
    9.459459459    2.169577173    2.169576597    1.328656326
    9.474474474    2.250770164    2.250671890    1.229182366
    9.489489489    2.273158957    2.273045220    1.136597712
    9.504504505    2.284577333    2.284535895    1.065750240
    9.519519520    2.297182659    2.297191959    1.019156231
    9.534534535    2.276466609    2.276441995    0.980357846
    9.549549550    2.213160233    2.213045081    0.923095386
    9.564564565    2.121518537    2.121327581    0.827016930
    9.579579580    2.022309929    2.022160650    0.704587797
    9.594594595    1.937856751    1.937872667    0.596848852
    9.609609610    1.867923939    1.868120137    0.528568659
    9.624624625    1.792770117    1.793049629    0.490850228
    9.639639640    1.697662624    1.697870934    0.471391243
    9.654654655    1.574445077    1.574463202    0.483075827
    9.669669670    1.402442250    1.402220502    0.536068242
    9.684684685    1.149239323    1.148838321    0.623493696
    9.699699700    0.822949509    0.822527648    0.732905215
    9.714714715    0.500170056    0.499879909    0.850376262
    9.729729730    0.283388268    0.283274699    0.965338360
    9.744744745    0.219371027    0.219357083    1.068997194
    9.759759760    0.256089936    0.256078995    1.151897902
    9.774774775    0.297480274    0.297441957    1.211543515
    9.789789790    0.278253779    0.278186552    1.254466245
    9.804804805    0.179652475    0.179535197    1.295792053
    9.819819820    0.038809269    0.038665215    1.346795644
    9.834834835   -0.067586738   -0.067684438    1.399878122
    9.849849850   -0.123539517   -0.123540740    1.443479786
    9.864864865   -0.170162548   -0.170044541    1.473703574
    9.879879880   -0.210160261   -0.209947003    1.490681428
    9.894894895   -0.223433436   -0.223184892    1.506083247
    9.909909910   -0.198653617   -0.198438643    1.535892218
    9.924924925   -0.129391899   -0.129280004    1.585161623
    9.939939940   -0.051172926   -0.051200865    1.644538806
    9.954954955   -0.036781772   -0.036934331    1.704995749
    9.969969970   -0.118853342   -0.119034222    1.768904083
    9.984984985   -0.246276531   -0.246364814    1.833172221
   10.000000000   -0.367139458   -0.367103354    1.881657901
   10.015015015   -0.485011541   -0.484895630    1.893381027
   10.030030030   -0.606580072   -0.606431971    1.864066978
   10.045045045   -0.718230689   -0.718085820    1.807982249
   10.060060060   -0.808997476   -0.808900967    1.743126016
   10.075075075   -0.869587933   -0.869556843    1.699539159
   10.090090090   -0.895930366   -0.895927006    1.692754211
   10.105105105   -0.890915056   -0.890900766    1.703114453
   10.120120120   -0.855345914   -0.855292862    1.704335096
   10.135135135   -0.784100047   -0.783983732    1.682106690
   10.150150150   -0.675117331   -0.674945874    1.648197282
   10.165165165   -0.545174247   -0.544996369    1.630826252
   10.180180180   -0.429152923   -0.429031365    1.639597875
   10.195195195   -0.342721442   -0.342686612    1.670048270
   10.210210210   -0.272286009   -0.272321274    1.725603145
   10.225225225   -0.229751193   -0.229855700    1.803667507
   10.240240240   -0.249057718   -0.249210375    1.875075530
   10.255255255   -0.305773278   -0.305885779    1.897665077
   10.270270270   -0.353113998   -0.353139101    1.861489177
   10.285285285   -0.407392058   -0.407361572    1.796422355
   10.300300300   -0.487982941   -0.487909616    1.721080849
   10.315315315   -0.556857302   -0.556731018    1.645540623
   10.330330330   -0.584271787   -0.584103370    1.593595463
   10.345345345   -0.583242963   -0.583053303    1.584745317
   10.360360360   -0.567803246   -0.567605662    1.612747541
   10.375375375   -0.557759124   -0.557556055    1.633825880
   10.390390390   -0.570431222   -0.570230300    1.604033660
   10.405405405   -0.571742971   -0.571558842    1.523075292
   10.420420420   -0.511436898   -0.511274498    1.439029079
   10.435435435   -0.397012415   -0.396869098    1.417651004
   10.450450450   -0.278412091   -0.278290640    1.472029965
   10.465465465   -0.200823145   -0.200734079    1.558686190
   10.480480480   -0.170361241   -0.170290594    1.646959024
   10.495495495   -0.147498491   -0.147392275    1.729731164
   10.510510511   -0.098744551   -0.098571675    1.792866423
   10.525525526   -0.038275643   -0.038057495    1.819859865
   10.540540541    0.004710344    0.004934006    1.799479052
   10.555555556    0.026946399    0.027153868    1.738729896
   10.570570571    0.039890010    0.040080174    1.665251686
   10.585585586    0.044656718    0.044821914    1.581655590
   10.600600601    0.034685913    0.034795481    1.468309550
   10.615615616   -0.003029929   -0.002987207    1.347603650
   10.630630631   -0.064767528   -0.064761499    1.273891171
   10.645645646   -0.117731814   -0.117734980    1.254606235
   10.660660661   -0.130424685   -0.130411701    1.259738400
   10.675675676   -0.095360720   -0.095301688    1.277192590
   10.690690691   -0.030312726   -0.030198699    1.315787386
   10.705705706    0.037268778    0.037424659    1.381397263
   10.720720721    0.094597548    0.094757387    1.465649699
   10.735735736    0.145510541    0.145640348    1.554600353
   10.750750751    0.191175195    0.191287862    1.634728016
   10.765765766    0.234923698    0.235060030    1.705665947
   10.780780781    0.286122464    0.286288205    1.775298786
   10.795795796    0.349517476    0.349689297    1.832140363
   10.810810811    0.424603814    0.424782045    1.858697623
   10.825825826    0.501363382    0.501559847    1.855198171
   10.840840841    0.553615869    0.553822498    1.836289905
   10.855855856    0.552459891    0.552659943    1.822691746
   10.870870871    0.490371017    0.490574605    1.816410669
   10.885885886    0.411775178    0.412001353    1.809814769
   10.900900901    0.388042680    0.388263750    1.799633483
   10.915915916    0.437643034    0.437814924    1.771229123
   10.930930931    0.517702682    0.517803275    1.700198463
   10.945945946    0.575522128    0.575551945    1.567264560
   10.960960961    0.586076901    0.586056465    1.398608366
   10.975975976    0.552796565    0.552752987    1.241398112
   10.990990991    0.495229906    0.495187982    1.105865062
   11.006006006    0.438753893    0.438739456    0.975822162
   11.021021021    0.404246255    0.404296311    0.855828411
   11.036036036    0.404588204    0.404702880    0.773612647
   11.051051051    0.430044308    0.430159186    0.744672891
   11.066066066    0.450945503    0.451013445    0.754581433
   11.081081081    0.453962691    0.453996404    0.777202717
   11.096096096    0.455265243    0.455314263    0.793431092
   11.111111111    0.475344490    0.475441699    0.789796129
   11.126126126    0.513406321    0.513538869    0.780582299
   11.141141141    0.546453452    0.546578000    0.795327794
   11.156156156    0.552456756    0.552537032    0.844456298
   11.171171171    0.521298363    0.521330783    0.917798124
   11.186186186    0.457616154    0.457629034    0.978162563
   11.201201201    0.383044107    0.383076941    0.993887452
   11.216216216    0.319848687    0.319938659    0.974627829
   11.231231231    0.289921818    0.290088897    0.948269424
   11.246246246    0.313858890    0.314081543    0.926357044
   11.261261261    0.388639445    0.388867230    0.908136136
   11.276276276    0.491942452    0.492121724    0.896883465
   11.291291291    0.596295328    0.596387551    0.901594666
   11.306306306    0.673129507    0.673144846    0.913250794
   11.321321321    0.710829020    0.710822654    0.918182549
   11.336336336    0.726604998    0.726623155    0.922408115
   11.351351351    0.743572249    0.743622910    0.935128155
   11.366366366    0.764825275    0.764913774    0.963230348
   11.381381381    0.774429805    0.774561659    1.009879100
   11.396396396    0.745944236    0.746086554    1.073617306
   11.411411411    0.661413175    0.661533251    1.157270733
   11.426426426    0.539326834    0.539429399    1.249117804
   11.441441441    0.418033303    0.418132131    1.322041324
   11.456456456    0.318290765    0.318387028    1.359689849
   11.471471471    0.254261035    0.254348122    1.369247125
   11.486486486    0.228240555    0.228305924    1.373013849
   11.501501502    0.217140386    0.217176420    1.381104591
   11.516516517    0.200004550    0.200027951    1.385860532
   11.531531532    0.184965888    0.185012594    1.383631790
   11.546546547    0.189122221    0.189193610    1.380095952
   11.561561562    0.197845740    0.197912468    1.373202157
   11.576576577    0.184727533    0.184783906    1.356297738
   11.591591592    0.145773706    0.145823012    1.333289013
   11.606606607    0.093877564    0.093911444    1.317065621
   11.621621622    0.047384474    0.047407651    1.307649882
   11.636636637    0.027228050    0.027262151    1.296630399
   11.651651652    0.041977837    0.042027637    1.299793458
   11.666666667    0.074474234    0.074510000    1.339364317
   11.681681682    0.098818550    0.098809146    1.408779728
   11.696696697    0.109774727    0.109720491    1.482572009
   11.711711712    0.128032254    0.127967175    1.536271905
   11.726726727    0.171778763    0.171746241    1.555632920
   11.741741742    0.240655292    0.240683545    1.541508726
   11.756756757    0.321059603    0.321144276    1.512103689
   11.771771772    0.396849641    0.396960238    1.501615736
   11.786786787    0.455817966    0.455911684    1.525833588
   11.801801802    0.495650630    0.495710390    1.570655284
   11.816816817    0.535258777    0.535318724    1.622730411
   11.831831832    0.591198135    0.591282393    1.668738822
   11.846846847    0.654740403    0.654840479    1.682783885
   11.861861862    0.707676002    0.707757585    1.660301841
   11.876876877    0.737589746    0.737610238    1.640245011
   11.891891892    0.745540193    0.745528282    1.662139356
   11.906906907    0.748835991    0.748886158    1.726978534
   11.921921922    0.748869050    0.748998639    1.790245670
   11.936936937    0.719435338    0.719575865    1.805487973
   11.951951952    0.652092209    0.652184360    1.764250620
   11.966966967    0.565755065    0.565795253    1.675063491
   11.981981982    0.486423247    0.486450447    1.545323590
   11.996996997    0.432094721    0.432135480    1.400859997
   12.012012012    0.406819583    0.406882897    1.297306505
   12.027027027    0.424846834    0.424946922    1.273859032
   12.042042042    0.495835580    0.495962205    1.312607033
   12.057057057    0.589211577    0.589327394    1.371534272
   12.072072072    0.657341248    0.657412492    1.428499606
   12.087087087    0.674456265    0.674485086    1.462494830
   12.102102102    0.645419693    0.645436702    1.444969736
   12.117117117    0.596037912    0.596061010    1.391010390
   12.132132132    0.558290584    0.558330852    1.351462328
   12.147147147    0.549737016    0.549809359    1.335668421
   12.162162162    0.563481408    0.563570757    1.313836090
   12.177177177    0.580166766    0.580239269    1.265431145
   12.192192192    0.592967524    0.593008073    1.183773475
   12.207207207    0.615176757    0.615209258    1.088148117
   12.222222222    0.660643453    0.660681660    1.043909081
   12.237237237    0.712025910    0.712022213    1.095370453
   12.252252252    0.729584622    0.729511480    1.209471563
   12.267267267    0.695998588    0.695904250    1.325434007
   12.282282282    0.634693686    0.634641887    1.414114560
   12.297297297    0.582329024    0.582326694    1.470510481
   12.312312312    0.547646789    0.547640637    1.494335465
   12.327327327    0.520890267    0.520865864    1.483416815
   12.342342342    0.506452076    0.506437031    1.439239145
   12.357357357    0.508043042    0.508015875    1.370168471
   12.372372372    0.510820993    0.510734793    1.266714479
   12.387387387    0.496357319    0.496216808    1.125772880
   12.402402402    0.453020277    0.452880029    0.992134292
   12.417417417    0.386113193    0.386041004    0.918647766
   12.432432432    0.320332977    0.320365891    0.909823248
   12.447447447    0.278758485    0.278891186    0.932370233
   12.462462462    0.261687136    0.261892948    0.954686791
   12.477477477    0.251469760    0.251723024    0.967809308
   12.492492492    0.243360401    0.243637104    0.989177410
   12.507507508    0.253646997    0.253924364    1.027778415
   12.522522523    0.291746065    0.292004034    1.069723970
   12.537537538    0.338414175    0.338624086    1.108620569
   12.552552553    0.355641507    0.355783681    1.155160435
   12.567567568    0.326567862    0.326646805    1.210467456
   12.582582583    0.281583355    0.281615301    1.254846151
   12.597597598    0.259632894    0.259636633    1.260112884
   12.612612613    0.266745077    0.266737458    1.226077163
   12.627627628    0.284512191    0.284489121    1.200761687
   12.642642643    0.294743714    0.294684826    1.218564507
   12.657657658    0.286081689    0.285966628    1.267126069
   12.672672673    0.255967221    0.255805058    1.316061046
   12.687687688    0.215365504    0.215192904    1.345188234
   12.702702703    0.175289471    0.175136543    1.353111102
   12.717717718    0.151267582    0.151137924    1.350326947
   12.732732733    0.161171698    0.161038931    1.358222667
   12.747747748    0.193884635    0.193714633    1.399348404
   12.762762763    0.217771083    0.217562019    1.479499230
   12.777777778    0.219146441    0.218931278    1.583047168
   12.792792793    0.209483592    0.209310878    1.679939880
   12.807807808    0.207879854    0.207793676    1.732193571
   12.822822823    0.210997116    0.210975541    1.697829229
   12.837837838    0.188345020    0.188304579    1.563498540
   12.852852853    0.121067804    0.120946781    1.381594970
   12.867867868    0.020771762    0.020578631    1.213751232
   12.882882883   -0.088446151   -0.088667892    1.079614051
   12.897897898   -0.181794108   -0.181963226    1.008201285
   12.912912913   -0.243130477   -0.243205502    1.029898574
   12.927927928   -0.279486582   -0.279480260    1.118611110
   12.942942943   -0.295954086   -0.295885312    1.216742691
   12.957957958   -0.281769587   -0.281675345    1.290221223
   12.972972973   -0.241087779   -0.241000492    1.331065083
   12.987987988   -0.198831785   -0.198764105    1.350270849
   13.003003003   -0.177798748   -0.177768074    1.372038238
   13.018018018   -0.184881679   -0.184896806    1.408614229
   13.033033033   -0.206642658   -0.206675276    1.447644153
   13.048048048   -0.211484468   -0.211495492    1.472295743
   13.063063063   -0.176142142   -0.176122899    1.474103330
   13.078078078   -0.112275742   -0.112250959    1.435390399
   13.093093093   -0.050695496   -0.050694691    1.332129592
   13.108108108   -0.015812429   -0.015843816    1.139620426
   13.123123123   -0.014376162   -0.014413218    0.861615508
   13.138138138   -0.030418547   -0.030421154    0.560127462
   13.153153153   -0.036108941   -0.036052700    0.288275057
   13.168168168   -0.017912552   -0.017801443    0.047392279
   13.183183183    0.010766023    0.010903119   -0.182322698
   13.198198198    0.027553593    0.027671732   -0.413092698
   13.213213213    0.016907800    0.016970860   -0.643280182
   13.228228228   -0.012462403   -0.012441967   -0.835002040
   13.243243243   -0.027967759   -0.027963193   -0.923579701
   13.258258258   -0.013975692   -0.014000257   -0.889438917
   13.273273273    0.016188993    0.016122895   -0.770392513
   13.288288288    0.042716707    0.042645143   -0.627796302
   13.303303303    0.065676411    0.065651309   -0.515492203
   13.318318318    0.100810871    0.100849262   -0.456057199
   13.333333333    0.152198793    0.152282608   -0.445429901
   13.348348348    0.203373931    0.203471777   -0.457856459
   13.363363363    0.228261432    0.228327477   -0.460739284
   13.378378378    0.210573112    0.210558442   -0.448561839
   13.393393393    0.156362934    0.156244336   -0.427126783
   13.408408408    0.085186698    0.084987967   -0.389295303
   13.423423423    0.022610540    0.022394267   -0.330410499
   13.438438438   -0.015842098   -0.016029354   -0.262430163
   13.453453453   -0.041112526   -0.041265895   -0.205099924
   13.468468468   -0.070655305   -0.070788785   -0.175067442
   13.483483483   -0.108570306   -0.108689430   -0.178942744
   13.498498498   -0.148749838   -0.148820022   -0.201725042
   13.513513514   -0.187034342   -0.187023144   -0.217526356
   13.528528529   -0.216349638   -0.216271214   -0.206631446
   13.543543544   -0.220739970   -0.220638508   -0.150263724
   13.558558559   -0.201124000   -0.201037311   -0.057711245
   13.573573574   -0.175898514   -0.175843686    0.013510004
   13.588588589   -0.162074353   -0.162061912    0.002987774
   13.603603604   -0.173283167   -0.173320536   -0.097387424
   13.618618619   -0.217461450   -0.217544069   -0.240565497
   13.633633634   -0.286998693   -0.287097244   -0.378951774
   13.648648649   -0.359661483   -0.359754517   -0.494825708
   13.663663664   -0.413106047   -0.413184034   -0.588053945
   13.678678679   -0.431774425   -0.431810434   -0.653310509
   13.693693694   -0.411845240   -0.411826123   -0.675629506
   13.708708709   -0.360717574   -0.360667034   -0.655961594
   13.723723724   -0.292178525   -0.292125609   -0.613329906
   13.738738739   -0.225630458   -0.225567456   -0.580154874
   13.753753754   -0.173237488   -0.173139252   -0.599911338
   13.768768769   -0.131043813   -0.130919625   -0.685736454
   13.783783784   -0.092346229   -0.092235962   -0.804188124
   13.798798799   -0.057555984   -0.057495550   -0.910098832
   13.813813814   -0.027286693   -0.027297075   -0.971877627
   13.828828829    0.004602451    0.004532812   -0.980832640
   13.843843844    0.040938882    0.040863383   -0.948954097
   13.858858859    0.075864643    0.075826322   -0.895330731
   13.873873874    0.104862239    0.104863774   -0.840375606
   13.888888889    0.131155055    0.131178199   -0.805265577
   13.903903904    0.158664743    0.158686703   -0.789643593
   13.918918919    0.190064714    0.190077913   -0.767705755
   13.933933934    0.221391006    0.221390225   -0.718771791
   13.948948949    0.235754365    0.235726694   -0.645321043
   13.963963964    0.220101307    0.220057902   -0.573669574
   13.978978979    0.182507003    0.182491625   -0.536508368
   13.993993994    0.144095710    0.144148335   -0.540269881
   14.009009009    0.116322876    0.116433346   -0.558481328
   14.024024024    0.103027523    0.103146683   -0.554939223
   14.039039039    0.107968907    0.108056983   -0.513735372
   14.054054054    0.124733040    0.124792082   -0.446937976
   14.069069069    0.146139194    0.146186685   -0.373753474
   14.084084084    0.167610655    0.167632265   -0.307320385
   14.099099099    0.180978862    0.180975923   -0.252170562
   14.114114114    0.186885147    0.186900275   -0.203204096
   14.129129129    0.184272978    0.184327985   -0.163507554
   14.144144144    0.156657395    0.156725227   -0.142399410
   14.159159159    0.086182418    0.086209205   -0.134288876
   14.174174174   -0.031044480   -0.031100831   -0.132963960
   14.189189189   -0.173772073   -0.173905908   -0.148073426
   14.204204204   -0.299612928   -0.299755363   -0.184901270
   14.219219219   -0.373715598   -0.373799155   -0.230609207
   14.234234234   -0.390631835   -0.390657476   -0.269430657
   14.249249249   -0.372980201   -0.372992593   -0.304078992
   14.264264264   -0.354986338   -0.355012193   -0.350154280
   14.279279279   -0.356301225   -0.356338711   -0.406755174
   14.294294294   -0.369414554   -0.369451352   -0.456753013
   14.309309309   -0.380642877   -0.380673647   -0.490698377
   14.324324324   -0.387465070   -0.387491918   -0.506018875
   14.339339339   -0.392110656   -0.392139342   -0.501420816
   14.354354354   -0.396904275   -0.396937358   -0.483990267
   14.369369369   -0.400769452   -0.400791069   -0.466996790
   14.384384384   -0.398875279   -0.398873731   -0.453451334
   14.399399399   -0.388283559   -0.388269944   -0.439939049
   14.414414414   -0.372137243   -0.372137346   -0.440548951
   14.429429429   -0.355836315   -0.355868139   -0.485329266
   14.444444444   -0.338034718   -0.338089527   -0.582908694
   14.459459459   -0.320671147   -0.320734732   -0.702697916
   14.474474474   -0.320960812   -0.321035176   -0.798454562
   14.489489489   -0.357381248   -0.357479872   -0.850084057
   14.504504505   -0.426409753   -0.426529521   -0.873372322
   14.519519520   -0.502426238   -0.502537903   -0.887925786
   14.534534535   -0.559062536   -0.559141566   -0.897169293
   14.549549550   -0.589135842   -0.589171661   -0.895980054
   14.564564565   -0.602049621   -0.602037492   -0.882217029
   14.579579580   -0.601817622   -0.601779718   -0.856247498
   14.594594595   -0.588080246   -0.588071160   -0.821710866
   14.609609610   -0.567198362   -0.567231366   -0.786480606
   14.624624625   -0.545123834   -0.545165174   -0.758628173
   14.639639640   -0.522481415   -0.522504246   -0.744366310
   14.654654655   -0.500459872   -0.500450410   -0.740987879
   14.669669670   -0.483099398   -0.483058173   -0.743652199
   14.684684685   -0.469161114   -0.469102548   -0.756130883
   14.699699700   -0.456102762   -0.456038840   -0.776844107
   14.714714715   -0.441740164   -0.441683422   -0.797616865
   14.729729730   -0.415148430   -0.415116309   -0.815337453
   14.744744745   -0.368194556   -0.368200058   -0.830365987
   14.759759760   -0.311588463   -0.311632631   -0.842424427
   14.774774775   -0.264985550   -0.265044547   -0.851198729
   14.789789790   -0.238141233   -0.238197214   -0.853917616
   14.804804805   -0.227844538   -0.227904865   -0.848472237
   14.819819820   -0.230434043   -0.230509354   -0.831836951
   14.834834835   -0.248626148   -0.248713649   -0.803957618
   14.849849850   -0.282768690   -0.282851350   -0.770411870
   14.864864865   -0.329817573   -0.329876159   -0.732358328
   14.879879880   -0.377302285   -0.377333354   -0.684850674
   14.894894895   -0.410219396   -0.410238747   -0.629821551
   14.909909910   -0.424859744   -0.424880494   -0.582374965
   14.924924925   -0.425103044   -0.425128733   -0.555731926
   14.939939940   -0.416966381   -0.416993004   -0.549222629
   14.954954955   -0.404662429   -0.404685098   -0.550987361
   14.969969970   -0.392542732   -0.392560027   -0.550786318
   14.984984985   -0.384888011   -0.384900691   -0.548408101
   15.000000000   -0.379337091   -0.379337217   -0.545783779
