# energy grid [eV]     ieps_x  ieps_y  ieps_z
#
    0.000000000    7.746327335    7.746262647    4.499029773
    0.015015015    7.744819552    7.744754885    4.498868772
    0.030030030    7.742212437    7.742147807    4.498590276
    0.045045045    7.739063434    7.738998848    4.498253573
    0.060060060    7.735382437    7.735317903    4.497859426
    0.075075075    7.731173207    7.731108732    4.497407897
    0.090090090    7.726439990    7.726375582    4.496899054
    0.105105105    7.721187531    7.721123197    4.496332972
    0.120120120    7.715421056    7.715356803    4.495709736
    0.135135135    7.709146255    7.709082091    4.495029438
    0.150150150    7.702369268    7.702305199    4.494292180
    0.165165165    7.695096659    7.695032694    4.493498072
    0.180180180    7.687335402    7.687271547    4.492647230
    0.195195195    7.679092855    7.679029118    4.491739781
    0.210210210    7.670376744    7.670313130    4.490775858
    0.225225225    7.661195133    7.661131650    4.489755605
    0.240240240    7.651556407    7.651493062    4.488679171
    0.255255255    7.641469246    7.641406046    4.487546714
    0.270270270    7.630942603    7.630879555    4.486358400
    0.285285285    7.619985678    7.619922788    4.485114402
    0.300300300    7.608607898    7.608545172    4.483814903
    0.315315315    7.596818888    7.596756333    4.482460091
    0.330330330    7.584628453    7.584566075    4.481050163
    0.345345345    7.572046553    7.571984358    4.479585323
    0.360360360    7.559083280    7.559021274    4.478065781
    0.375375375    7.545748836    7.545687025    4.476491757
    0.390390390    7.532053511    7.531991901    4.474863476
    0.405405405    7.518007665    7.517946261    4.473181171
    0.420420420    7.503621703    7.503560511    4.471445081
    0.435435435    7.488906061    7.488845087    4.469655453
    0.450450450    7.473871184    7.473810432    4.467812539
    0.465465465    7.458527507    7.458466983    4.465916600
    0.480480480    7.442885442    7.442825151    4.463967902
    0.495495495    7.426955359    7.426895306    4.461966716
    0.510510511    7.410747574    7.410687764    4.459913323
    0.525525526    7.394272329    7.394212766    4.457808006
    0.540540541    7.377539785    7.377480474    4.455651056
    0.555555556    7.360560005    7.360500950    4.453442771
    0.570570571    7.343342947    7.343284152    4.451183453
    0.585585586    7.325898447    7.325839917    4.448873409
    0.600600601    7.308236216    7.308177955    4.446512954
    0.615615616    7.290365827    7.290307838    4.444102406
    0.630630631    7.272296706    7.272238993    4.441642089
    0.645645646    7.254038130    7.253980696    4.439132334
    0.660660661    7.235599214    7.235542063    4.436573473
    0.675675676    7.216988909    7.216932045    4.433965847
    0.690690691    7.198215998    7.198159423    4.431309799
    0.705705706    7.179289087    7.179232804    4.428605677
    0.720720721    7.160216605    7.160160618    4.425853835
    0.735735736    7.141006802    7.140951112    4.423054629
    0.750750751    7.121667741    7.121612352    4.420208421
    0.765765766    7.102207301    7.102152215    4.417315577
    0.780780781    7.082633174    7.082578393    4.414376465
    0.795795796    7.062952864    7.062898390    4.411391459
    0.810810811    7.043173685    7.043119521    4.408360936
    0.825825826    7.023302764    7.023248910    4.405285276
    0.840840841    7.003347037    7.003293496    4.402164863
    0.855855856    6.983313255    6.983260028    4.399000083
    0.870870871    6.963207979    6.963155069    4.395791328
    0.885885886    6.943037586    6.942984994    4.392538989
    0.900900901    6.922808270    6.922755996    4.389243463
    0.915915916    6.902526039    6.902474085    4.385905149
    0.930930931    6.882196724    6.882145091    4.382524448
    0.945945946    6.861825975    6.861774664    4.379101764
    0.960960961    6.841419269    6.841368279    4.375637503
    0.975975976    6.820981906    6.820931240    4.372132073
    0.990990991    6.800519019    6.800468677    4.368585885
    1.006006006    6.780035572    6.779985554    4.364999351
    1.021021021    6.759536364    6.759486670    4.361372886
    1.036036036    6.739026031    6.738976662    4.357706906
    1.051051051    6.718509052    6.718460008    4.354001828
    1.066066066    6.697989751    6.697941032    4.350258072
    1.081081081    6.677472299    6.677423904    4.346476059
    1.096096096    6.656960716    6.656912646    4.342656209
    1.111111111    6.636458879    6.636411134    4.338798947
    1.126126126    6.615970523    6.615923101    4.334904696
    1.141141141    6.595499242    6.595452144    4.330973881
    1.156156156    6.575048494    6.575001719    4.327006928
    1.171171171    6.554621608    6.554575155    4.323004263
    1.186186186    6.534221780    6.534175649    4.318966314
    1.201201201    6.513852083    6.513806273    4.314893508
    1.216216216    6.493515467    6.493469977    4.310786273
    1.231231231    6.473214762    6.473169591    4.306645037
    1.246246246    6.452952682    6.452907830    4.302470229
    1.261261261    6.432731831    6.432687296    4.298262277
    1.276276276    6.412554700    6.412510481    4.294021610
    1.291291291    6.392423674    6.392379770    4.289748656
    1.306306306    6.372341038    6.372297447    4.285443843
    1.321321321    6.352308971    6.352265693    4.281107600
    1.336336336    6.332329560    6.332286592    4.276740353
    1.351351351    6.312404793    6.312362136    4.272342529
    1.366366366    6.292536570    6.292494221    4.267914556
    1.381381381    6.272726700    6.272684657    4.263456858
    1.396396396    6.252976906    6.252935168    4.258969862
    1.411411411    6.233288827    6.233247393    4.254453990
    1.426426426    6.213664024    6.213622891    4.249909668
    1.441441441    6.194103975    6.194063143    4.245337316
    1.456456456    6.174610087    6.174569553    4.240737356
    1.471471471    6.155183691    6.155143454    4.236110209
    1.486486486    6.135826048    6.135786105    4.231456294
    1.501501502    6.116538349    6.116498699    4.226776027
    1.516516517    6.097321720    6.097282361    4.222069826
    1.531531532    6.078177224    6.078138154    4.217338106
    1.546546547    6.059105859    6.059067077    4.212581280
    1.561561562    6.040108566    6.040070069    4.207799760
    1.576576577    6.021186227    6.021148013    4.202993956
    1.591591592    6.002339668    6.002301736    4.198164277
    1.606606607    5.983569662    5.983532009    4.193311130
    1.621621622    5.964876930    5.964839554    4.188434920
    1.636636637    5.946262141    5.946225040    4.183536051
    1.651651652    5.927725919    5.927689092    4.178614924
    1.666666667    5.909268839    5.909232283    4.173671939
    1.681681682    5.890891432    5.890855145    4.168707492
    1.696696697    5.872594186    5.872558165    4.163721980
    1.711711712    5.854377546    5.854341790    4.158715796
    1.726726727    5.836241918    5.836206424    4.153689332
    1.741741742    5.818187670    5.818152437    4.148642975
    1.756756757    5.800215131    5.800180156    4.143577114
    1.771771772    5.782324596    5.782289878    4.138492132
    1.786786787    5.764516325    5.764481861    4.133388412
    1.801801802    5.746790545    5.746756333    4.128266335
    1.816816817    5.729147451    5.729113488    4.123126276
    1.831831832    5.711587208    5.711553492    4.117968612
    1.846846847    5.694109950    5.694076480    4.112793716
    1.861861862    5.676715786    5.676682559    4.107601957
    1.876876877    5.659404795    5.659371810    4.102393703
    1.891891892    5.642177032    5.642144285    4.097169319
    1.906906907    5.625032526    5.625000016    4.091929168
    1.921921922    5.607971282    5.607939006    4.086673610
    1.936936937    5.590993284    5.590961241    4.081403002
    1.951951952    5.574098491    5.574066679    4.076117699
    1.966966967    5.557286845    5.557255261    4.070818052
    1.981981982    5.540558265    5.540526907    4.065504412
    1.996996997    5.523912652    5.523881517    4.060177125
    2.012012012    5.507349887    5.507318974    4.054836534
    2.027027027    5.490869836    5.490839143    4.049482981
    2.042042042    5.474472348    5.474441872    4.044116804
    2.057057057    5.458157253    5.458126994    4.038738339
    2.072072072    5.441924370    5.441894323    4.033347918
    2.087087087    5.425773499    5.425743664    4.027945871
    2.102102102    5.409704431    5.409674805    4.022532526
    2.117117117    5.393716939    5.393687521    4.017108206
    2.132132132    5.377810787    5.377781575    4.011673234
    2.147147147    5.361985726    5.361956717    4.006227927
    2.162162162    5.346241495    5.346212686    4.000772602
    2.177177177    5.330577822    5.330549213    3.995307571
    2.192192192    5.314994426    5.314966014    3.989833144
    2.207207207    5.299491016    5.299462799    3.984349628
    2.222222222    5.284067291    5.284039268    3.978857327
    2.237237237    5.268722942    5.268695110    3.973356543
    2.252252252    5.253457651    5.253430010    3.967847574
    2.267267267    5.238271094    5.238243640    3.962330715
    2.282282282    5.223162939    5.223135670    3.956806258
    2.297297297    5.208132845    5.208105761    3.951274495
    2.312312312    5.193180467    5.193153565    3.945735710
    2.327327327    5.178305453    5.178278731    3.940190189
    2.342342342    5.163507446    5.163480903    3.934638211
    2.357357357    5.148786083    5.148759716    3.929080055
    2.372372372    5.134140996    5.134114803    3.923515996
    2.387387387    5.119571812    5.119545793    3.917946307
    2.402402402    5.105078154    5.105052306    3.912371256
    2.417417417    5.090659643    5.090633965    3.906791110
    2.432432432    5.076315893    5.076290382    3.901206132
    2.447447447    5.062046516    5.062021172    3.895616584
    2.462462462    5.047851122    5.047825942    3.890022723
    2.477477477    5.033729316    5.033704299    3.884424804
    2.492492492    5.019680702    5.019655846    3.878823079
    2.507507508    5.005704882    5.005680186    3.873217797
    2.522522523    4.991801454    4.991776916    3.867609205
    2.537537538    4.977970016    4.977945633    3.861997546
    2.552552553    4.964210162    4.964185935    3.856383062
    2.567567568    4.950521488    4.950497413    3.850765989
    2.582582583    4.936903585    4.936879662    3.845146565
    2.597597598    4.923356046    4.923332273    3.839525019
    2.612612613    4.909878461    4.909854836    3.833901583
    2.627627628    4.896470421    4.896446942    3.828276484
    2.642642643    4.883131514    4.883108181    3.822649945
    2.657657658    4.869861330    4.869838141    3.817022187
    2.672672673    4.856659458    4.856636412    3.811393430
    2.687687688    4.843525488    4.843502582    3.805763889
    2.702702703    4.830459006    4.830436241    3.800133778
    2.717717718    4.817459604    4.817436977    3.794503307
    2.732732733    4.804526870    4.804504379    3.788872685
    2.747747748    4.791660394    4.791638039    3.783242116
    2.762762763    4.778859767    4.778837546    3.777611803
    2.777777778    4.766124579    4.766102490    3.771981946
    2.792792793    4.753454423    4.753432466    3.766352743
    2.807807808    4.740848891    4.740827064    3.760724388
    2.822822823    4.728307577    4.728285878    3.755097073
    2.837837838    4.715830075    4.715808505    3.749470990
    2.852852853    4.703415983    4.703394539    3.743846324
    2.867867868    4.691064897    4.691043577    3.738223260
    2.882882883    4.678776415    4.678755219    3.732601980
    2.897897898    4.666550137    4.666529064    3.726982665
    2.912912913    4.654385665    4.654364713    3.721365490
    2.927927928    4.642282602    4.642261770    3.715750632
    2.942942943    4.630240552    4.630219839    3.710138263
    2.957957958    4.618259121    4.618238526    3.704528551
    2.972972973    4.606337918    4.606317439    3.698921665
    2.987987988    4.594476551    4.594456187    3.693317770
    3.003003003    4.582674632    4.582654382    3.687717029
    3.018018018    4.570931774    4.570911638    3.682119602
    3.033033033    4.559247593    4.559227569    3.676525647
    3.048048048    4.547621706    4.547601793    3.670935320
    3.063063063    4.536053731    4.536033928    3.665348774
    3.078078078    4.524543290    4.524523596    3.659766161
    3.093093093    4.513090006    4.513070419    3.654187630
    3.108108108    4.501693504    4.501674024    3.648613327
    3.123123123    4.490353412    4.490334038    3.643043397
    3.138138138    4.479069359    4.479050090    3.637477983
    3.153153153    4.467840976    4.467821811    3.631917224
    3.168168168    4.456667898    4.456648836    3.626361258
    3.183183183    4.445549761    4.445530800    3.620810222
    3.198198198    4.434486202    4.434467342    3.615264250
    3.213213213    4.423476863    4.423458103    3.609723472
    3.228228228    4.412521386    4.412502724    3.604188018
    3.243243243    4.401619416    4.401600852    3.598658017
    3.258258258    4.390770600    4.390752134    3.593133593
    3.273273273    4.379974589    4.379956219    3.587614870
    3.288288288    4.369231033    4.369212758    3.582101969
    3.303303303    4.358539588    4.358521408    3.576595011
    3.318318318    4.347899910    4.347881823    3.571094112
    3.333333333    4.337311657    4.337293663    3.565599388
    3.348348348    4.326774492    4.326756589    3.560110952
    3.363363363    4.316288077    4.316270265    3.554628917
    3.378378378    4.305852078    4.305834357    3.549153393
    3.393393393    4.295466165    4.295448533    3.543684486
    3.408408408    4.285130006    4.285112463    3.538222304
    3.423423423    4.274843276    4.274825820    3.532766951
    3.438438438    4.264605649    4.264588281    3.527318529
    3.453453453    4.254416804    4.254399521    3.521877139
    3.468468468    4.244276419    4.244259222    3.516442880
    3.483483483    4.234184178    4.234167066    3.511015849
    3.498498498    4.224139765    4.224122737    3.505596142
    3.513513514    4.214142867    4.214125922    3.500183851
    3.528528529    4.204193173    4.204176310    3.494779070
    3.543543544    4.194290374    4.194273593    3.489381888
    3.558558559    4.184434165    4.184417465    3.483992395
    3.573573574    4.174624242    4.174607622    3.478610676
    3.588588589    4.164860303    4.164843763    3.473236818
    3.603603604    4.155142048    4.155125587    3.467870905
    3.618618619    4.145469182    4.145452799    3.462513018
    3.633633634    4.135841408    4.135825103    3.457163238
    3.648648649    4.126258435    4.126242207    3.451821645
    3.663663664    4.116719972    4.116703820    3.446488314
    3.678678679    4.107225731    4.107209655    3.441163324
    3.693693694    4.097775426    4.097759425    3.435846748
    3.708708709    4.088368774    4.088352847    3.430538659
    3.723723724    4.079005493    4.078989641    3.425239128
    3.738738739    4.069685305    4.069669525    3.419948226
    3.753753754    4.060407931    4.060392224    3.414666021
    3.768768769    4.051173097    4.051157461    3.409392581
    3.783783784    4.041980530    4.041964966    3.404127971
    3.798798799    4.032829959    4.032814466    3.398872256
    3.813813814    4.023721117    4.023705694    3.393625498
    3.828828829    4.014653736    4.014638383    3.388387760
    3.843843844    4.005627552    4.005612268    3.383159102
    3.858858859    3.996642303    3.996627087    3.377939582
    3.873873874    3.987697728    3.987682581    3.372729259
    3.888888889    3.978793570    3.978778490    3.367528189
    3.903903904    3.969929572    3.969914559    3.362336426
    3.918918919    3.961105481    3.961090534    3.357154026
    3.933933934    3.952321043    3.952306162    3.351981040
    3.948948949    3.943576009    3.943561194    3.346817520
    3.963963964    3.934870132    3.934855381    3.341663516
    3.978978979    3.926203163    3.926188477    3.336519078
    3.993993994    3.917574861    3.917560238    3.331384252
    4.009009009    3.908984981    3.908970422    3.326259086
    4.024024024    3.900433284    3.900418788    3.321143626
    4.039039039    3.891919531    3.891905097    3.316037914
    4.054054054    3.883443485    3.883429114    3.310941996
    4.069069069    3.875004913    3.874990603    3.305855912
    4.084084084    3.866603580    3.866589331    3.300779704
    4.099099099    3.858239257    3.858225068    3.295713413
    4.114114114    3.849911713    3.849897584    3.290657075
    4.129129129    3.841620721    3.841606652    3.285610731
    4.144144144    3.833366056    3.833352047    3.280574416
    4.159159159    3.825147495    3.825133544    3.275548166
    4.174174174    3.816964814    3.816950921    3.270532015
    4.189189189    3.808817793    3.808803959    3.265525999
    4.204204204    3.800706215    3.800692438    3.260530149
    4.219219219    3.792629862    3.792616142    3.255544497
    4.234234234    3.784588520    3.784574856    3.250569074
    4.249249249    3.776581974    3.776568366    3.245603910
    4.264264264    3.768610013    3.768596461    3.240649034
    4.279279279    3.760672427    3.760658931    3.235704474
    4.294294294    3.752769007    3.752755566    3.230770257
    4.309309309    3.744899547    3.744886161    3.225846410
    4.324324324    3.737063842    3.737050510    3.220932957
    4.339339339    3.729261688    3.729248410    3.216029923
    4.354354354    3.721492883    3.721479659    3.211137332
    4.369369369    3.713757227    3.713744056    3.206255206
    4.384384384    3.706054521    3.706041403    3.201383569
    4.399399399    3.698384568    3.698371502    3.196522439
    4.414414414    3.690747172    3.690734158    3.191671839
    4.429429429    3.683142138    3.683129176    3.186831787
    4.444444444    3.675569275    3.675556364    3.182002302
    4.459459459    3.668028391    3.668015531    3.177183403
    4.474474474    3.660519296    3.660506487    3.172375105
    4.489489489    3.653041803    3.653029044    3.167577427
    4.504504505    3.645595723    3.645583015    3.162790382
    4.519519520    3.638180874    3.638168214    3.158013987
    4.534534535    3.630797069    3.630784459    3.153248256
    4.549549550    3.623444127    3.623431566    3.148493201
    4.564564565    3.616121867    3.616109355    3.143748837
    4.579579580    3.608830109    3.608817646    3.139015174
    4.594594595    3.601568676    3.601556260    3.134292225
    4.609609610    3.594337389    3.594325021    3.129580000
    4.624624625    3.587136074    3.587123753    3.124878509
    4.639639640    3.579964556    3.579952283    3.120187762
    4.654654655    3.572822663    3.572810436    3.115507767
    4.669669670    3.565710222    3.565698043    3.110838533
    4.684684685    3.558627065    3.558614931    3.106180068
    4.699699700    3.551573021    3.551560934    3.101532377
    4.714714715    3.544547924    3.544535882    3.096895468
    4.729729730    3.537551606    3.537539610    3.092269346
    4.744744745    3.530583904    3.530571952    3.087654017
    4.759759760    3.523644652    3.523632745    3.083049484
    4.774774775    3.516733688    3.516721827    3.078455753
    4.789789790    3.509850852    3.509839034    3.073872826
    4.804804805    3.502995982    3.502984209    3.069300706
    4.819819820    3.496168920    3.496157191    3.064739396
    4.834834835    3.489369509    3.489357822    3.060188897
    4.849849850    3.482597590    3.482585947    3.055649212
    4.864864865    3.475853010    3.475841410    3.051120340
    4.879879880    3.469135614    3.469124056    3.046602282
    4.894894895    3.462445248    3.462433733    3.042095037
    4.909909910    3.455781762    3.455770289    3.037598606
    4.924924925    3.449145003    3.449133572    3.033112986
    4.939939940    3.442534822    3.442523433    3.028638176
    4.954954955    3.435951072    3.435939724    3.024174175
    4.969969970    3.429393603    3.429382297    3.019720979
    4.984984985    3.422862271    3.422851005    3.015278585
    5.000000000    3.416356929    3.416345704    3.010846990
    5.015015015    3.409877433    3.409866248    3.006426190
    5.030030030    3.403423640    3.403412496    3.002016180
    5.045045045    3.396995408    3.396984304    2.997616957
    5.060060060    3.390592596    3.390581532    2.993228513
    5.075075075    3.384215064    3.384204039    2.988850845
    5.090090090    3.377862673    3.377851687    2.984483946
    5.105105105    3.371535284    3.371524338    2.980127809
    5.120120120    3.365232761    3.365221853    2.975782428
    5.135135135    3.358954968    3.358944099    2.971447796
    5.150150150    3.352701769    3.352690939    2.967123904
    5.165165165    3.346473031    3.346462239    2.962810746
    5.180180180    3.340268621    3.340257866    2.958508312
    5.195195195    3.334088405    3.334077689    2.954216595
    5.210210210    3.327932254    3.327921576    2.949935585
    5.225225225    3.321800037    3.321789396    2.945665272
    5.240240240    3.315691625    3.315681021    2.941405648
    5.255255255    3.309606889    3.309596322    2.937156702
    5.270270270    3.303545702    3.303535172    2.932918424
    5.285285285    3.297507937    3.297497443    2.928690803
    5.300300300    3.291493468    3.291483011    2.924473828
    5.315315315    3.285502172    3.285491751    2.920267488
    5.330330330    3.279533923    3.279523539    2.916071772
    5.345345345    3.273588600    3.273578251    2.911886667
    5.360360360    3.267666079    3.267655766    2.907712161
    5.375375375    3.261766240    3.261755962    2.903548242
    5.390390390    3.255888963    3.255878720    2.899394898
    5.405405405    3.250034127    3.250023919    2.895252114
    5.420420420    3.244201613    3.244191441    2.891119879
    5.435435435    3.238391305    3.238381167    2.886998178
    5.450450450    3.232603085    3.232592982    2.882886997
    5.465465465    3.226836837    3.226826768    2.878786323
    5.480480480    3.221092445    3.221082410    2.874696141
    5.495495495    3.215369795    3.215359794    2.870616437
    5.510510511    3.209668772    3.209658805    2.866547196
    5.525525526    3.203989265    3.203979331    2.862488403
    5.540540541    3.198331160    3.198321260    2.858440042
    5.555555556    3.192694346    3.192684479    2.854402098
    5.570570571    3.187078712    3.187068878    2.850374556
    5.585585586    3.181484149    3.181474348    2.846357400
    5.600600601    3.175910547    3.175900779    2.842350613
    5.615615616    3.170357798    3.170348062    2.838354178
    5.630630631    3.164825794    3.164816091    2.834368081
    5.645645646    3.159314427    3.159304757    2.830392303
    5.660660661    3.153823593    3.153813955    2.826426828
    5.675675676    3.148353185    3.148343579    2.822471639
    5.690690691    3.142903099    3.142893524    2.818526718
    5.705705706    3.137473230    3.137463687    2.814592048
    5.720720721    3.132063475    3.132053963    2.810667612
    5.735735736    3.126673731    3.126664251    2.806753390
    5.750750751    3.121303897    3.121294448    2.802849367
    5.765765766    3.115953871    3.115944453    2.798955522
    5.780780781    3.110623552    3.110614165    2.795071838
    5.795795796    3.105312841    3.105303484    2.791198297
    5.810810811    3.100021638    3.100012312    2.787334879
    5.825825826    3.094749844    3.094740549    2.783481566
    5.840840841    3.089497362    3.089488098    2.779638339
    5.855855856    3.084264095    3.084254860    2.775805179
    5.870870871    3.079049945    3.079040740    2.771982066
    5.885885886    3.073854817    3.073845642    2.768168982
    5.900900901    3.068678615    3.068669470    2.764365906
    5.915915916    3.063521245    3.063512130    2.760572819
    5.930930931    3.058382612    3.058373526    2.756789701
    5.945945946    3.053262623    3.053253567    2.753016532
    5.960960961    3.048161185    3.048152158    2.749253293
    5.975975976    3.043078207    3.043069208    2.745499962
    5.990990991    3.038013595    3.038004625    2.741756520
    6.006006006    3.032967259    3.032958318    2.738022947
    6.021021021    3.027939109    3.027930197    2.734299222
    6.036036036    3.022929054    3.022920171    2.730585323
    6.051051051    3.017937006    3.017928151    2.726881232
    6.066066066    3.012962876    3.012954049    2.723186926
    6.081081081    3.008006575    3.007997776    2.719502384
    6.096096096    3.003068016    3.003059246    2.715827587
    6.111111111    2.998147112    2.998138370    2.712162513
    6.126126126    2.993243777    2.993235062    2.708507139
    6.141141141    2.988357925    2.988349237    2.704861447
    6.156156156    2.983489470    2.983480810    2.701225413
    6.171171171    2.978638327    2.978629695    2.697599016
    6.186186186    2.973804413    2.973795808    2.693982236
    6.201201201    2.968987644    2.968979066    2.690375049
    6.216216216    2.964187936    2.964179385    2.686777436
    6.231231231    2.959405207    2.959396683    2.683189373
    6.246246246    2.954639375    2.954630877    2.679610839
    6.261261261    2.949890358    2.949881887    2.676041813
    6.276276276    2.945158075    2.945149630    2.672482271
    6.291291291    2.940442446    2.940434028    2.668932193
    6.306306306    2.935743390    2.935734998    2.665391556
    6.321321321    2.931060829    2.931052463    2.661860338
    6.336336336    2.926394682    2.926386343    2.658338517
    6.351351351    2.921744872    2.921736558    2.654826070
    6.366366366    2.917111321    2.917103033    2.651322976
    6.381381381    2.912493950    2.912485688    2.647829211
    6.396396396    2.907892683    2.907884447    2.644344754
    6.411411411    2.903307444    2.903299233    2.640869581
    6.426426426    2.898738155    2.898729970    2.637403672
    6.441441441    2.894184743    2.894176582    2.633947002
    6.456456456    2.889647130    2.889638995    2.630499550
    6.471471471    2.885125244    2.885117134    2.627061292
    6.486486486    2.880619009    2.880610924    2.623632206
    6.501501502    2.876128351    2.876120291    2.620212270
    6.516516517    2.871653198    2.871645163    2.616801461
    6.531531532    2.867193477    2.867185466    2.613399756
    6.546546547    2.862749115    2.862741129    2.610007131
    6.561561562    2.858320040    2.858312078    2.606623565
    6.576576577    2.853906181    2.853898243    2.603249035
    6.591591592    2.849507466    2.849499553    2.599883517
    6.606606607    2.845123826    2.845115936    2.596526989
    6.621621622    2.840755189    2.840747324    2.593179428
    6.636636637    2.836401486    2.836393645    2.589840811
    6.651651652    2.832062648    2.832054830    2.586511115
    6.666666667    2.827738606    2.827730812    2.583190316
    6.681681682    2.823429291    2.823421520    2.579878393
    6.696696697    2.819134634    2.819126888    2.576575322
    6.711711712    2.814854570    2.814846846    2.573281080
    6.726726727    2.810589029    2.810581329    2.569995643
    6.741741742    2.806337946    2.806330269    2.566718990
    6.756756757    2.802101254    2.802093600    2.563451097
    6.771771772    2.797878886    2.797871255    2.560191940
    6.786786787    2.793670777    2.793663169    2.556941498
    6.801801802    2.789476862    2.789469277    2.553699746
    6.816816817    2.785297077    2.785289514    2.550466662
    6.831831832    2.781131355    2.781123816    2.547242223
    6.846846847    2.776979634    2.776972117    2.544026405
    6.861861862    2.772841849    2.772834355    2.540819185
    6.876876877    2.768717938    2.768710466    2.537620542
    6.891891892    2.764607837    2.764600387    2.534430450
    6.906906907    2.760511484    2.760504056    2.531248888
    6.921921922    2.756428816    2.756421410    2.528075833
    6.936936937    2.752359772    2.752352388    2.524911260
    6.951951952    2.748304289    2.748296928    2.521755148
    6.966966967    2.744262308    2.744254968    2.518607473
    6.981981982    2.740233767    2.740226449    2.515468213
    6.996996997    2.736218606    2.736211309    2.512337343
    7.012012012    2.732216764    2.732209489    2.509214842
    7.027027027    2.728228183    2.728220929    2.506100686
    7.042042042    2.724252802    2.724245570    2.502994852
    7.057057057    2.720290563    2.720283352    2.499897318
    7.072072072    2.716341406    2.716334217    2.496808060
    7.087087087    2.712405275    2.712398107    2.493727055
    7.102102102    2.708482110    2.708474963    2.490654281
    7.117117117    2.704571854    2.704564728    2.487589715
    7.132132132    2.700674450    2.700667345    2.484533334
    7.147147147    2.696789841    2.696782756    2.481485114
    7.162162162    2.692917970    2.692910906    2.478445034
    7.177177177    2.689058781    2.689051737    2.475413070
    7.192192192    2.685212217    2.685205194    2.472389200
    7.207207207    2.681378223    2.681371221    2.469373400
    7.222222222    2.677556745    2.677549763    2.466365649
    7.237237237    2.673747726    2.673740764    2.463365922
    7.252252252    2.669951112    2.669944171    2.460374199
    7.267267267    2.666166848    2.666159927    2.457390456
    7.282282282    2.662394882    2.662387981    2.454414670
    7.297297297    2.658635157    2.658628276    2.451446818
    7.312312312    2.654887622    2.654880761    2.448486880
    7.327327327    2.651152224    2.651145382    2.445534830
    7.342342342    2.647428908    2.647422087    2.442590648
    7.357357357    2.643717623    2.643710821    2.439654311
    7.372372372    2.640018316    2.640011534    2.436725796
    7.387387387    2.636330936    2.636324173    2.433805080
    7.402402402    2.632655430    2.632648687    2.430892142
    7.417417417    2.628991747    2.628985024    2.427986959
    7.432432432    2.625339837    2.625333133    2.425089509
    7.447447447    2.621699648    2.621692963    2.422199770
    7.462462462    2.618071130    2.618064464    2.419317718
    7.477477477    2.614454232    2.614447586    2.416443333
    7.492492492    2.610848905    2.610842278    2.413576591
    7.507507508    2.607255099    2.607248490    2.410717471
    7.522522523    2.603672765    2.603666175    2.407865951
    7.537537538    2.600101852    2.600095281    2.405022008
    7.552552553    2.596542314    2.596535761    2.402185620
    7.567567568    2.592994100    2.592987566    2.399356766
    7.582582583    2.589457163    2.589450647    2.396535424
    7.597597598    2.585931454    2.585924957    2.393721571
    7.612612613    2.582416926    2.582410448    2.390915186
    7.627627628    2.578913531    2.578907071    2.388116246
    7.642642643    2.575421222    2.575414781    2.385324731
    7.657657658    2.571939953    2.571933529    2.382540618
    7.672672673    2.568469675    2.568463270    2.379763886
    7.687687688    2.565010343    2.565003956    2.376994512
    7.702702703    2.561561911    2.561555542    2.374232476
    7.717717718    2.558124332    2.558117981    2.371477755
    7.732732733    2.554697561    2.554691228    2.368730329
    7.747747748    2.551281553    2.551275238    2.365990175
    7.762762763    2.547876261    2.547869964    2.363257273
    7.777777778    2.544481642    2.544475363    2.360531600
    7.792792793    2.541097650    2.541091388    2.357813136
    7.807807808    2.537724241    2.537717997    2.355101858
    7.822822823    2.534361371    2.534355144    2.352397747
    7.837837838    2.531008996    2.531002786    2.349700780
    7.852852853    2.527667071    2.527660879    2.347010937
    7.867867868    2.524335554    2.524329379    2.344328195
    7.882882883    2.521014401    2.521008243    2.341652535
    7.897897898    2.517703569    2.517697428    2.338983935
    7.912912913    2.514403015    2.514396891    2.336322374
    7.927927928    2.511112696    2.511106590    2.333667831
    7.942942943    2.507832571    2.507826482    2.331020286
    7.957957958    2.504562597    2.504556525    2.328379717
    7.972972973    2.501302732    2.501296677    2.325746103
    7.987987988    2.498052934    2.498046896    2.323119424
    8.003003003    2.494813163    2.494807141    2.320499659
    8.018018018    2.491583376    2.491577371    2.317886788
    8.033033033    2.488363533    2.488357545    2.315280789
    8.048048048    2.485153593    2.485147621    2.312681643
    8.063063063    2.481953515    2.481947560    2.310089328
    8.078078078    2.478763259    2.478757320    2.307503824
    8.093093093    2.475582785    2.475576862    2.304925111
    8.108108108    2.472412052    2.472406146    2.302353169
    8.123123123    2.469251022    2.469245132    2.299787977
    8.138138138    2.466099654    2.466093780    2.297229514
    8.153153153    2.462957909    2.462952052    2.294677761
    8.168168168    2.459825748    2.459819907    2.292132698
    8.183183183    2.456703133    2.456697307    2.289594303
    8.198198198    2.453590024    2.453584214    2.287062558
    8.213213213    2.450486382    2.450480589    2.284537443
    8.228228228    2.447392171    2.447386393    2.282018936
    8.243243243    2.444307351    2.444301589    2.279507019
    8.258258258    2.441231885    2.441226139    2.277001671
    8.273273273    2.438165734    2.438160004    2.274502873
    8.288288288    2.435108862    2.435103147    2.272010605
    8.303303303    2.432061231    2.432055532    2.269524847
    8.318318318    2.429022804    2.429017121    2.267045579
    8.333333333    2.425993544    2.425987876    2.264572782
    8.348348348    2.422973414    2.422967762    2.262106437
    8.363363363    2.419962379    2.419956741    2.259646523
    8.378378378    2.416960400    2.416954778    2.257193022
    8.393393393    2.413967443    2.413961836    2.254745914
    8.408408408    2.410983471    2.410977879    2.252305179
    8.423423423    2.408008448    2.408002872    2.249870798
    8.438438438    2.405042339    2.405036778    2.247442753
    8.453453453    2.402085109    2.402079563    2.245021024
    8.468468468    2.399136722    2.399131191    2.242605591
    8.483483483    2.396197143    2.396191626    2.240196436
    8.498498498    2.393266337    2.393260835    2.237793540
    8.513513514    2.390344269    2.390338783    2.235396883
    8.528528529    2.387430906    2.387425434    2.233006447
    8.543543544    2.384526212    2.384520754    2.230622213
    8.558558559    2.381630153    2.381624710    2.228244162
    8.573573574    2.378742696    2.378737268    2.225872275
    8.588588589    2.375863806    2.375858393    2.223506534
    8.603603604    2.372993450    2.372988051    2.221146919
    8.618618619    2.370131594    2.370126210    2.218793413
    8.633633634    2.367278206    2.367272836    2.216445997
    8.648648649    2.364433251    2.364427896    2.214104651
    8.663663664    2.361596698    2.361591357    2.211769359
    8.678678679    2.358768512    2.358763185    2.209440101
    8.693693694    2.355948662    2.355943349    2.207116858
    8.708708709    2.353137115    2.353131816    2.204799614
    8.723723724    2.350333838    2.350328553    2.202488349
    8.738738739    2.347538799    2.347533529    2.200183045
    8.753753754    2.344751967    2.344746711    2.197883685
    8.768768769    2.341973310    2.341968068    2.195590249
    8.783783784    2.339202795    2.339197567    2.193302721
    8.798798799    2.336440392    2.336435177    2.191021081
    8.813813814    2.333686069    2.333680868    2.188745313
    8.828828829    2.330939794    2.330934607    2.186475398
    8.843843844    2.328201537    2.328196364    2.184211318
    8.858858859    2.325471267    2.325466107    2.181953057
    8.873873874    2.322748952    2.322743806    2.179700595
    8.888888889    2.320034563    2.320029431    2.177453915
    8.903903904    2.317328069    2.317322950    2.175213000
    8.918918919    2.314629440    2.314624334    2.172977833
    8.933933934    2.311938645    2.311933553    2.170748395
    8.948948949    2.309255654    2.309250576    2.168524669
    8.963963964    2.306580438    2.306575373    2.166306638
    8.978978979    2.303912967    2.303907915    2.164094285
    8.993993994    2.301253211    2.301248173    2.161887592
    9.009009009    2.298601141    2.298596116    2.159686541
    9.024024024    2.295956728    2.295951716    2.157491117
    9.039039039    2.293319942    2.293314943    2.155301301
    9.054054054    2.290690754    2.290685768    2.153117077
    9.069069069    2.288069136    2.288064164    2.150938427
    9.084084084    2.285455060    2.285450100    2.148765335
    9.099099099    2.282848495    2.282843548    2.146597784
    9.114114114    2.280249414    2.280244480    2.144435756
    9.129129129    2.277657789    2.277652868    2.142279235
    9.144144144    2.275073591    2.275068683    2.140128205
    9.159159159    2.272496793    2.272491898    2.137982648
    9.174174174    2.269927366    2.269922484    2.135842548
    9.189189189    2.267365283    2.267360413    2.133707888
    9.204204204    2.264810517    2.264805659    2.131578651
    9.219219219    2.262263039    2.262258194    2.129454822
    9.234234234    2.259722822    2.259717989    2.127336384
    9.249249249    2.257189839    2.257185019    2.125223320
    9.264264264    2.254664064    2.254659256    2.123115613
    9.279279279    2.252145468    2.252140673    2.121013249
    9.294294294    2.249634026    2.249629243    2.118916210
    9.309309309    2.247129710    2.247124939    2.116824480
    9.324324324    2.244632494    2.244627736    2.114738043
    9.339339339    2.242142351    2.242137606    2.112656883
    9.354354354    2.239659256    2.239654523    2.110580983
    9.369369369    2.237183182    2.237178460    2.108510329
    9.384384384    2.234714102    2.234709393    2.106444904
    9.399399399    2.232251992    2.232247295    2.104384692
    9.414414414    2.229796825    2.229792140    2.102329677
    9.429429429    2.227348575    2.227343902    2.100279843
    9.444444444    2.224907217    2.224902556    2.098235175
    9.459459459    2.222472725    2.222468076    2.096195658
    9.474474474    2.220045074    2.220040437    2.094161274
    9.489489489    2.217624239    2.217619614    2.092132009
    9.504504505    2.215210195    2.215205582    2.090107848
    9.519519520    2.212802917    2.212798315    2.088088774
    9.534534535    2.210402379    2.210397789    2.086074772
    9.549549550    2.208008558    2.208003979    2.084065828
    9.564564565    2.205621428    2.205616861    2.082061925
    9.579579580    2.203240964    2.203236409    2.080063048
    9.594594595    2.200867144    2.200862600    2.078069182
    9.609609610    2.198499942    2.198495410    2.076080312
    9.624624625    2.196139333    2.196134813    2.074096423
    9.639639640    2.193785295    2.193780786    2.072117499
    9.654654655    2.191437803    2.191433305    2.070143526
    9.669669670    2.189096833    2.189092347    2.068174488
    9.684684685    2.186762361    2.186757886    2.066210371
    9.699699700    2.184434365    2.184429901    2.064251160
    9.714714715    2.182112819    2.182108367    2.062296839
    9.729729730    2.179797702    2.179793261    2.060347395
    9.744744745    2.177488989    2.177484559    2.058402811
    9.759759760    2.175186658    2.175182239    2.056463075
    9.774774775    2.172890685    2.172886277    2.054528170
    9.789789790    2.170601047    2.170596651    2.052598082
    9.804804805    2.168317722    2.168313337    2.050672797
    9.819819820    2.166040687    2.166036313    2.048752301
    9.834834835    2.163769919    2.163765556    2.046836578
    9.849849850    2.161505395    2.161501043    2.044925614
    9.864864865    2.159247094    2.159242752    2.043019395
    9.879879880    2.156994992    2.156990662    2.041117907
    9.894894895    2.154749068    2.154744748    2.039221135
    9.909909910    2.152509299    2.152504990    2.037329066
    9.924924925    2.150275664    2.150271365    2.035441684
    9.939939940    2.148048139    2.148043852    2.033558976
    9.954954955    2.145826705    2.145822428    2.031680927
    9.969969970    2.143611338    2.143607072    2.029807524
    9.984984985    2.141402017    2.141397762    2.027938753
   10.000000000    2.139198721    2.139194476    2.026074600
   10.015015015    2.137001428    2.136997194    2.024215050
   10.030030030    2.134810117    2.134805893    2.022360090
   10.045045045    2.132624766    2.132620553    2.020509706
   10.060060060    2.130445355    2.130441152    2.018663884
   10.075075075    2.128271862    2.128267669    2.016822611
   10.090090090    2.126104266    2.126100084    2.014985873
   10.105105105    2.123942547    2.123938375    2.013153656
   10.120120120    2.121786683    2.121782522    2.011325947
   10.135135135    2.119636654    2.119632503    2.009502732
   10.150150150    2.117492440    2.117488299    2.007683997
   10.165165165    2.115354020    2.115349889    2.005869730
   10.180180180    2.113221373    2.113217252    2.004059916
   10.195195195    2.111094479    2.111090369    2.002254543
   10.210210210    2.108973318    2.108969218    2.000453597
   10.225225225    2.106857870    2.106853780    1.998657064
   10.240240240    2.104748115    2.104744035    1.996864932
   10.255255255    2.102644032    2.102639962    1.995077188
   10.270270270    2.100545603    2.100541543    1.993293817
   10.285285285    2.098452806    2.098448756    1.991514808
   10.300300300    2.096365623    2.096361583    1.989740147
   10.315315315    2.094284033    2.094280003    1.987969821
   10.330330330    2.092208018    2.092203998    1.986203817
   10.345345345    2.090137558    2.090133547    1.984442122
   10.360360360    2.088072633    2.088068632    1.982684723
   10.375375375    2.086013224    2.086009233    1.980931608
   10.390390390    2.083959313    2.083955331    1.979182763
   10.405405405    2.081910879    2.081906908    1.977438176
   10.420420420    2.079867904    2.079863942    1.975697835
   10.435435435    2.077830370    2.077826417    1.973961726
   10.450450450    2.075798256    2.075794313    1.972229836
   10.465465465    2.073771545    2.073767612    1.970502154
   10.480480480    2.071750217    2.071746294    1.968778667
   10.495495495    2.069734255    2.069730341    1.967059362
   10.510510511    2.067723639    2.067719735    1.965344226
   10.525525526    2.065718352    2.065714457    1.963633248
   10.540540541    2.063718374    2.063714488    1.961926415
   10.555555556    2.061723688    2.061719811    1.960223715
   10.570570571    2.059734275    2.059730408    1.958525134
   10.585585586    2.057750117    2.057746259    1.956830662
   10.600600601    2.055771196    2.055767348    1.955140286
   10.615615616    2.053797495    2.053793656    1.953453993
   10.630630631    2.051828995    2.051825165    1.951771772
   10.645645646    2.049865678    2.049861857    1.950093611
   10.660660661    2.047907527    2.047903716    1.948419497
   10.675675676    2.045954524    2.045950722    1.946749418
   10.690690691    2.044006652    2.044002859    1.945083363
   10.705705706    2.042063893    2.042060109    1.943421319
   10.720720721    2.040126230    2.040122455    1.941763275
   10.735735736    2.038193644    2.038189879    1.940109219
   10.750750751    2.036266120    2.036262363    1.938459138
   10.765765766    2.034343640    2.034339892    1.936813022
   10.780780781    2.032426186    2.032422447    1.935170859
   10.795795796    2.030513742    2.030510012    1.933532636
   10.810810811    2.028606290    2.028602569    1.931898342
   10.825825826    2.026703815    2.026700102    1.930267966
   10.840840841    2.024806298    2.024802594    1.928641496
   10.855855856    2.022913723    2.022910028    1.927018920
   10.870870871    2.021026073    2.021022388    1.925400227
   10.885885886    2.019143333    2.019139656    1.923785405
   10.900900901    2.017265485    2.017261816    1.922174444
   10.915915916    2.015392512    2.015388852    1.920567331
   10.930930931    2.013524399    2.013520748    1.918964056
   10.945945946    2.011661128    2.011657486    1.917364607
   10.960960961    2.009802685    2.009799051    1.915768972
   10.975975976    2.007949052    2.007945427    1.914177141
   10.990990991    2.006100213    2.006096597    1.912589102
   11.006006006    2.004256153    2.004252545    1.911004845
   11.021021021    2.002416855    2.002413256    1.909424358
   11.036036036    2.000582304    2.000578713    1.907847629
   11.051051051    1.998752483    1.998748900    1.906274649
   11.066066066    1.996927376    1.996923802    1.904705405
   11.081081081    1.995106969    1.995103404    1.903139888
   11.096096096    1.993291245    1.993287688    1.901578085
   11.111111111    1.991480189    1.991476640    1.900019987
   11.126126126    1.989673785    1.989670244    1.898465582
   11.141141141    1.987872018    1.987868485    1.896914860
   11.156156156    1.986074872    1.986071348    1.895367810
   11.171171171    1.984282332    1.984278816    1.893824420
   11.186186186    1.982494382    1.982490875    1.892284681
   11.201201201    1.980711008    1.980707509    1.890748581
   11.216216216    1.978932195    1.978928704    1.889216110
   11.231231231    1.977157926    1.977154443    1.887687258
   11.246246246    1.975388188    1.975384714    1.886162013
   11.261261261    1.973622965    1.973619499    1.884640366
   11.276276276    1.971862243    1.971858784    1.883122305
   11.291291291    1.970106006    1.970102555    1.881607821
   11.306306306    1.968354240    1.968350797    1.880096903
   11.321321321    1.966606929    1.966603495    1.878589540
   11.336336336    1.964864060    1.964860634    1.877085722
   11.351351351    1.963125618    1.963122200    1.875585439
   11.366366366    1.961391588    1.961388178    1.874088681
   11.381381381    1.959661956    1.959658553    1.872595437
   11.396396396    1.957936707    1.957933313    1.871105697
   11.411411411    1.956215828    1.956212441    1.869619450
   11.426426426    1.954499302    1.954495923    1.868136688
   11.441441441    1.952787118    1.952783746    1.866657399
   11.456456456    1.951079259    1.951075896    1.865181574
   11.471471471    1.949375713    1.949372357    1.863709202
   11.486486486    1.947676464    1.947673116    1.862240274
   11.501501502    1.945981500    1.945978160    1.860774779
   11.516516517    1.944290806    1.944287474    1.859312708
   11.531531532    1.942604368    1.942601043    1.857854051
   11.546546547    1.940922173    1.940918855    1.856398797
   11.561561562    1.939244206    1.939240896    1.854946937
   11.576576577    1.937570454    1.937567152    1.853498461
   11.591591592    1.935900903    1.935897609    1.852053360
   11.606606607    1.934235540    1.934232253    1.850611623
   11.621621622    1.932574351    1.932571071    1.849173241
   11.636636637    1.930917322    1.930914050    1.847738205
   11.651651652    1.929264440    1.929261176    1.846306504
   11.666666667    1.927615693    1.927612436    1.844878128
   11.681681682    1.925971065    1.925967815    1.843453069
   11.696696697    1.924330545    1.924327302    1.842031317
   11.711711712    1.922694118    1.922690883    1.840612863
   11.726726727    1.921061772    1.921058544    1.839197695
   11.741741742    1.919433493    1.919430273    1.837785807
   11.756756757    1.917809269    1.917806057    1.836377187
   11.771771772    1.916189087    1.916185881    1.834971827
   11.786786787    1.914572933    1.914569734    1.833569716
   11.801801802    1.912960794    1.912957603    1.832170847
   11.816816817    1.911352658    1.911349474    1.830775209
   11.831831832    1.909748512    1.909745336    1.829382793
   11.846846847    1.908148343    1.908145174    1.827993591
   11.861861862    1.906552139    1.906548976    1.826607592
   11.876876877    1.904959886    1.904956731    1.825224788
   11.891891892    1.903371572    1.903368424    1.823845169
   11.906906907    1.901787185    1.901784044    1.822468727
   11.921921922    1.900206712    1.900203578    1.821095452
   11.936936937    1.898630140    1.898627013    1.819725335
   11.951951952    1.897057458    1.897054338    1.818358367
   11.966966967    1.895488652    1.895485540    1.816994539
   11.981981982    1.893923711    1.893920605    1.815633843
   11.996996997    1.892362622    1.892359524    1.814276269
   12.012012012    1.890805373    1.890802282    1.812921809
   12.027027027    1.889251952    1.889248868    1.811570453
   12.042042042    1.887702347    1.887699269    1.810222192
   12.057057057    1.886156545    1.886153475    1.808877019
   12.072072072    1.884614536    1.884611471    1.807534923
   12.087087087    1.883076305    1.883073248    1.806195897
   12.102102102    1.881541843    1.881538792    1.804859932
   12.117117117    1.880011136    1.880008092    1.803527018
   12.132132132    1.878484173    1.878481136    1.802197148
   12.147147147    1.876960943    1.876957913    1.800870312
   12.162162162    1.875441433    1.875438409    1.799546502
   12.177177177    1.873925631    1.873922615    1.798225710
   12.192192192    1.872413527    1.872410518    1.796907926
   12.207207207    1.870905109    1.870902106    1.795593143
   12.222222222    1.869400364    1.869397368    1.794281351
   12.237237237    1.867899282    1.867896292    1.792972543
   12.252252252    1.866401851    1.866398868    1.791666710
   12.267267267    1.864908059    1.864905082    1.790363843
   12.282282282    1.863417896    1.863414926    1.789063934
   12.297297297    1.861931349    1.861928385    1.787766975
   12.312312312    1.860448408    1.860445451    1.786472958
   12.327327327    1.858969061    1.858966111    1.785181873
   12.342342342    1.857493297    1.857490353    1.783893713
   12.357357357    1.856021105    1.856018168    1.782608470
   12.372372372    1.854552474    1.854549543    1.781326135
   12.387387387    1.853087393    1.853084469    1.780046701
   12.402402402    1.851625850    1.851622932    1.778770158
   12.417417417    1.850167836    1.850164924    1.777496499
   12.432432432    1.848713337    1.848710432    1.776225716
   12.447447447    1.847262345    1.847259446    1.774957801
   12.462462462    1.845814848    1.845811955    1.773692745
   12.477477477    1.844370835    1.844367949    1.772430541
   12.492492492    1.842930295    1.842927415    1.771171180
   12.507507508    1.841493218    1.841490344    1.769914655
   12.522522523    1.840059593    1.840056725    1.768660957
   12.537537538    1.838629409    1.838626548    1.767410080
   12.552552553    1.837202655    1.837199801    1.766162014
   12.567567568    1.835779322    1.835776474    1.764916751
   12.582582583    1.834359399    1.834356557    1.763674285
   12.597597598    1.832942874    1.832940038    1.762434608
   12.612612613    1.831529738    1.831526909    1.761197710
   12.627627628    1.830119981    1.830117157    1.759963585
   12.642642643    1.828713591    1.828710773    1.758732226
   12.657657658    1.827310558    1.827307747    1.757503623
   12.672672673    1.825910873    1.825908068    1.756277770
   12.687687688    1.824514525    1.824511726    1.755054659
   12.702702703    1.823121504    1.823118710    1.753834282
   12.717717718    1.821731799    1.821729011    1.752616631
   12.732732733    1.820345400    1.820342619    1.751401700
   12.747747748    1.818962298    1.818959523    1.750189479
   12.762762763    1.817582482    1.817579713    1.748979963
   12.777777778    1.816205942    1.816203179    1.747773143
   12.792792793    1.814832668    1.814829911    1.746569012
   12.807807808    1.813462651    1.813459900    1.745367562
   12.822822823    1.812095880    1.812093134    1.744168787
   12.837837838    1.810732345    1.810729606    1.742972677
   12.852852853    1.809372037    1.809369304    1.741779227
   12.867867868    1.808014946    1.808012219    1.740588429
   12.882882883    1.806661062    1.806658340    1.739400275
   12.897897898    1.805310376    1.805307660    1.738214758
   12.912912913    1.803962877    1.803960167    1.737031870
   12.927927928    1.802618556    1.802615851    1.735851605
   12.942942943    1.801277403    1.801274705    1.734673956
   12.957957958    1.799939409    1.799936717    1.733498914
   12.972972973    1.798604565    1.798601878    1.732326473
   12.987987988    1.797272860    1.797270179    1.731156626
   13.003003003    1.795944285    1.795941610    1.729989365
   13.018018018    1.794618832    1.794616162    1.728824684
   13.033033033    1.793296489    1.793293825    1.727662574
   13.048048048    1.791977249    1.791974591    1.726503030
   13.063063063    1.790661102    1.790658449    1.725346044
   13.078078078    1.789348038    1.789345390    1.724191609
   13.093093093    1.788038048    1.788035406    1.723039717
   13.108108108    1.786731123    1.786728487    1.721890363
   13.123123123    1.785427253    1.785424623    1.720743539
   13.138138138    1.784126431    1.784123806    1.719599238
   13.153153153    1.782828645    1.782826026    1.718457452
   13.168168168    1.781533888    1.781531275    1.717318176
   13.183183183    1.780242151    1.780239543    1.716181403
   13.198198198    1.778953423    1.778950821    1.715047124
   13.213213213    1.777667697    1.777665100    1.713915335
   13.228228228    1.776384963    1.776382371    1.712786027
   13.243243243    1.775105213    1.775102626    1.711659194
   13.258258258    1.773828436    1.773825856    1.710534829
   13.273273273    1.772554626    1.772552051    1.709412926
   13.288288288    1.771283772    1.771281202    1.708293478
   13.303303303    1.770015867    1.770013302    1.707176477
   13.318318318    1.768750900    1.768748341    1.706061918
   13.333333333    1.767488864    1.767486310    1.704949794
   13.348348348    1.766229750    1.766227201    1.703840097
   13.363363363    1.764973549    1.764971006    1.702732822
   13.378378378    1.763720252    1.763717714    1.701627962
   13.393393393    1.762469851    1.762467319    1.700525510
   13.408408408    1.761222338    1.761219811    1.699425459
   13.423423423    1.759977703    1.759975181    1.698327804
   13.438438438    1.758735938    1.758733422    1.697232537
   13.453453453    1.757497035    1.757494524    1.696139653
   13.468468468    1.756260986    1.756258480    1.695049144
   13.483483483    1.755027781    1.755025281    1.693961004
   13.498498498    1.753797413    1.753794918    1.692875227
   13.513513514    1.752569873    1.752567383    1.691791806
   13.528528529    1.751345153    1.751342668    1.690710735
   13.543543544    1.750123244    1.750120764    1.689632008
   13.558558559    1.748904139    1.748901664    1.688555618
   13.573573574    1.747687828    1.747685359    1.687481559
   13.588588589    1.746474305    1.746471840    1.686409824
   13.603603604    1.745263560    1.745261100    1.685340408
   13.618618619    1.744055585    1.744053131    1.684273304
   13.633633634    1.742850373    1.742847924    1.683208505
   13.648648649    1.741647915    1.741645471    1.682146006
   13.663663664    1.740448203    1.740445764    1.681085801
   13.678678679    1.739251230    1.739248796    1.680027882
   13.693693694    1.738056986    1.738054557    1.678972244
   13.708708709    1.736865465    1.736863041    1.677918882
   13.723723724    1.735676658    1.735674239    1.676867788
   13.738738739    1.734490557    1.734488143    1.675818956
   13.753753754    1.733307155    1.733304746    1.674772381
   13.768768769    1.732126444    1.732124039    1.673728056
   13.783783784    1.730948415    1.730946015    1.672685976
   13.798798799    1.729773061    1.729770666    1.671646134
   13.813813814    1.728600374    1.728597984    1.670608524
   13.828828829    1.727430347    1.727427962    1.669573141
   13.843843844    1.726262971    1.726260591    1.668539978
   13.858858859    1.725098239    1.725095864    1.667509029
   13.873873874    1.723936144    1.723933774    1.666480289
   13.888888889    1.722776677    1.722774312    1.665453751
   13.903903904    1.721619832    1.721617471    1.664429410
   13.918918919    1.720465600    1.720463244    1.663407259
   13.933933934    1.719313974    1.719311623    1.662387294
   13.948948949    1.718164946    1.718162600    1.661369507
   13.963963964    1.717018509    1.717016168    1.660353894
   13.978978979    1.715874656    1.715872320    1.659340448
   13.993993994    1.714733379    1.714731047    1.658329163
   14.009009009    1.713594670    1.713592343    1.657320035
   14.024024024    1.712458522    1.712456200    1.656313056
   14.039039039    1.711324929    1.711322611    1.655308222
   14.054054054    1.710193881    1.710191568    1.654305526
   14.069069069    1.709065373    1.709063065    1.653304964
   14.084084084    1.707939397    1.707937093    1.652306528
   14.099099099    1.706815945    1.706813646    1.651310215
   14.114114114    1.705695011    1.705692716    1.650316017
   14.129129129    1.704576586    1.704574297    1.649323929
   14.144144144    1.703460665    1.703458380    1.648333946
   14.159159159    1.702347239    1.702344959    1.647346063
   14.174174174    1.701236302    1.701234026    1.646360272
   14.189189189    1.700127847    1.700125575    1.645376570
   14.204204204    1.699021866    1.699019599    1.644394950
   14.219219219    1.697918352    1.697916090    1.643415408
   14.234234234    1.696817298    1.696815041    1.642437936
   14.249249249    1.695718698    1.695716445    1.641462531
   14.264264264    1.694622544    1.694620296    1.640489186
   14.279279279    1.693528830    1.693526585    1.639517896
   14.294294294    1.692437547    1.692435308    1.638548655
   14.309309309    1.691348691    1.691346456    1.637581459
   14.324324324    1.690262252    1.690260022    1.636616301
   14.339339339    1.689178226    1.689176000    1.635653177
   14.354354354    1.688096604    1.688094383    1.634692081
   14.369369369    1.687017381    1.687015163    1.633733008
   14.384384384    1.685940548    1.685938336    1.632775951
   14.399399399    1.684866101    1.684863892    1.631820907
   14.414414414    1.683794030    1.683791826    1.630867870
   14.429429429    1.682724331    1.682722131    1.629916834
   14.444444444    1.681656996    1.681654801    1.628967794
   14.459459459    1.680592019    1.680589828    1.628020745
   14.474474474    1.679529392    1.679527206    1.627075682
   14.489489489    1.678469110    1.678466928    1.626132599
   14.504504505    1.677411166    1.677408988    1.625191491
   14.519519520    1.676355552    1.676353379    1.624252354
   14.534534535    1.675302264    1.675300094    1.623315181
   14.549549550    1.674251293    1.674249128    1.622379969
   14.564564565    1.673202633    1.673200473    1.621446710
   14.579579580    1.672156279    1.672154122    1.620515402
   14.594594595    1.671112223    1.671110071    1.619586037
   14.609609610    1.670070459    1.670068311    1.618658612
   14.624624625    1.669030981    1.669028837    1.617733122
   14.639639640    1.667993781    1.667991642    1.616809560
   14.654654655    1.666958855    1.666956720    1.615887922
   14.669669670    1.665926195    1.665924064    1.614968204
   14.684684685    1.664895795    1.664893668    1.614050400
   14.699699700    1.663867649    1.663865526    1.613134505
   14.714714715    1.662841751    1.662839632    1.612220514
   14.729729730    1.661818093    1.661815978    1.611308422
   14.744744745    1.660796671    1.660794560    1.610398224
   14.759759760    1.659777477    1.659775370    1.609489915
   14.774774775    1.658760505    1.658758403    1.608583491
   14.789789790    1.657745750    1.657743652    1.607678947
   14.804804805    1.656733205    1.656731111    1.606776277
   14.819819820    1.655722864    1.655720774    1.605875476
   14.834834835    1.654714721    1.654712635    1.604976541
   14.849849850    1.653708769    1.653706687    1.604079465
   14.864864865    1.652705003    1.652702925    1.603184245
   14.879879880    1.651703417    1.651701343    1.602290875
   14.894894895    1.650704004    1.650701934    1.601399351
   14.909909910    1.649706759    1.649704693    1.600509667
   14.924924925    1.648711675    1.648709613    1.599621819
   14.939939940    1.647718746    1.647716688    1.598735803
   14.954954955    1.646727967    1.646725913    1.597851613
   14.969969970    1.645739332    1.645737282    1.596969245
   14.984984985    1.644752834    1.644750788    1.596088694
   15.000000000    1.643768468    1.643766426    1.595209955
