Energy(eV)	Absorption_cm-1
0.000000E+00	0.000000E+00
1.501501E-02	7.223381E-01
3.003003E-02	2.890684E+00
4.504504E-02	6.509038E+00
6.006006E-02	1.158409E+01
7.507508E-02	1.812526E+01
9.009009E-02	2.614472E+01
1.051051E-01	3.565748E+01
1.201201E-01	4.668147E+01
1.351351E-01	5.923760E+01
1.501502E-01	7.334989E+01
1.651652E-01	8.904559E+01
1.801802E-01	1.063553E+02
1.951952E-01	1.253133E+02
2.102102E-01	1.459573E+02
2.252252E-01	1.683292E+02
2.402402E-01	1.924750E+02
2.552553E-01	2.184452E+02
2.702703E-01	2.462948E+02
2.852853E-01	2.760842E+02
3.003003E-01	3.078790E+02
3.153153E-01	3.417508E+02
3.303303E-01	3.777775E+02
3.453453E-01	4.160437E+02
3.603604E-01	4.566418E+02
3.753754E-01	4.996719E+02
3.903904E-01	5.452433E+02
4.054054E-01	5.934749E+02
4.204204E-01	6.444961E+02
4.354354E-01	6.984483E+02
4.504505E-01	7.554855E+02
4.654655E-01	8.157763E+02
4.804805E-01	8.795050E+02
4.954955E-01	9.468737E+02
5.105105E-01	1.018104E+03
5.255255E-01	1.093441E+03
5.405405E-01	1.173151E+03
5.555556E-01	1.257533E+03
5.705706E-01	1.346914E+03
5.855856E-01	1.441658E+03
6.006006E-01	1.542170E+03
6.156156E-01	1.648902E+03
6.306306E-01	1.762357E+03
6.456456E-01	1.883103E+03
6.606607E-01	2.011776E+03
6.756757E-01	2.149097E+03
6.906907E-01	2.295880E+03
7.057057E-01	2.453057E+03
7.207207E-01	2.621688E+03
7.357357E-01	2.802994E+03
7.507508E-01	2.998384E+03
7.657658E-01	3.209493E+03
7.807808E-01	3.438230E+03
7.957958E-01	3.686837E+03
8.108108E-01	3.957963E+03
8.258258E-01	4.254766E+03
8.408408E-01	4.581032E+03
8.558559E-01	4.941346E+03
8.708709E-01	5.341306E+03
8.858859E-01	5.787815E+03
9.009009E-01	6.289484E+03
9.159159E-01	6.857174E+03
9.309309E-01	7.504768E+03
9.459459E-01	8.250266E+03
9.609610E-01	9.117368E+03
9.759760E-01	1.013782E+04
9.909910E-01	1.135494E+04
1.006006E+00	1.282906E+04
1.021021E+00	1.464599E+04
1.036036E+00	1.693053E+04
1.051051E+00	1.986795E+04
1.066066E+00	2.373756E+04
1.081081E+00	2.896065E+04
1.096096E+00	3.614824E+04
1.111111E+00	4.605837E+04
1.126126E+00	5.913633E+04
1.141141E+00	7.402846E+04
1.156156E+00	8.596596E+04
1.171171E+00	9.037979E+04
1.186186E+00	8.992823E+04
1.201201E+00	9.110631E+04
1.216216E+00	9.651665E+04
1.231231E+00	1.027986E+05
1.246246E+00	1.040730E+05
1.261261E+00	1.001780E+05
1.276276E+00	9.712669E+04
1.291291E+00	9.991011E+04
1.306306E+00	1.101365E+05
1.321321E+00	1.257569E+05
1.336336E+00	1.393532E+05
1.351351E+00	1.421795E+05
1.366366E+00	1.355729E+05
1.381381E+00	1.293697E+05
1.396396E+00	1.305977E+05
1.411411E+00	1.398631E+05
1.426426E+00	1.508566E+05
1.441441E+00	1.524484E+05
1.456456E+00	1.404498E+05
1.471471E+00	1.227850E+05
1.486486E+00	1.081585E+05
1.501502E+00	9.991450E+04
1.516517E+00	9.845738E+04
1.531532E+00	1.038339E+05
1.546547E+00	1.165304E+05
1.561562E+00	1.368348E+05
1.576577E+00	1.624481E+05
1.591592E+00	1.860097E+05
1.606607E+00	1.986710E+05
1.621622E+00	1.981286E+05
1.636637E+00	1.915523E+05
1.651652E+00	1.883689E+05
1.666667E+00	1.893551E+05
1.681682E+00	1.867506E+05
1.696697E+00	1.770539E+05
1.711712E+00	1.672423E+05
1.726727E+00	1.649895E+05
1.741742E+00	1.722917E+05
1.756757E+00	1.846922E+05
1.771772E+00	1.922191E+05
1.786787E+00	1.892041E+05
1.801802E+00	1.824811E+05
1.816817E+00	1.821072E+05
1.831832E+00	1.935138E+05
1.846847E+00	2.183099E+05
1.861862E+00	2.540837E+05
1.876877E+00	2.919206E+05
1.891892E+00	3.205495E+05
1.906907E+00	3.363126E+05
1.921922E+00	3.431213E+05
1.936937E+00	3.446913E+05
1.951952E+00	3.434364E+05
1.966967E+00	3.425791E+05
1.981982E+00	3.399546E+05
1.996997E+00	3.342380E+05
2.012012E+00	3.321656E+05
2.027027E+00	3.402923E+05
2.042042E+00	3.572758E+05
2.057057E+00	3.752550E+05
2.072072E+00	3.864365E+05
2.087087E+00	3.891770E+05
2.102102E+00	3.875153E+05
2.117117E+00	3.848721E+05
2.132132E+00	3.822389E+05
2.147147E+00	3.834012E+05
2.162162E+00	3.965823E+05
2.177177E+00	4.253446E+05
2.192192E+00	4.645220E+05
2.207207E+00	5.083363E+05
2.222222E+00	5.536896E+05
2.237237E+00	5.940067E+05
2.252252E+00	6.252043E+05
2.267267E+00	6.496943E+05
2.282282E+00	6.707605E+05
2.297297E+00	6.927828E+05
2.312312E+00	7.184413E+05
2.327327E+00	7.465201E+05
2.342342E+00	7.760693E+05
2.357357E+00	8.092834E+05
2.372372E+00	8.466877E+05
2.387387E+00	8.807172E+05
2.402402E+00	9.019061E+05
2.417417E+00	9.051361E+05
2.432432E+00	8.886450E+05
2.447447E+00	8.545298E+05
2.462462E+00	8.115755E+05
2.477477E+00	7.714703E+05
2.492492E+00	7.421968E+05
2.507508E+00	7.261647E+05
2.522523E+00	7.218786E+05
2.537538E+00	7.224116E+05
2.552553E+00	7.191464E+05
2.567568E+00	7.102368E+05
2.582583E+00	6.978159E+05
2.597598E+00	6.840892E+05
2.612613E+00	6.701716E+05
2.627628E+00	6.526727E+05
2.642643E+00	6.259401E+05
2.657658E+00	5.873514E+05
2.672673E+00	5.387413E+05
2.687688E+00	4.839882E+05
2.702703E+00	4.267624E+05
2.717718E+00	3.701003E+05
2.732733E+00	3.167929E+05
2.747748E+00	2.689332E+05
2.762763E+00	2.275917E+05
2.777778E+00	1.937557E+05
2.792793E+00	1.675063E+05
2.807808E+00	1.471757E+05
2.822823E+00	1.308582E+05
2.837838E+00	1.177901E+05
2.852853E+00	1.077664E+05
2.867868E+00	1.003038E+05
2.882883E+00	9.452005E+04
2.897898E+00	8.947081E+04
2.912913E+00	8.473893E+04
2.927928E+00	8.059555E+04
2.942943E+00	7.736141E+04
2.957958E+00	7.481731E+04
2.972973E+00	7.256674E+04
2.987988E+00	7.063405E+04
3.003003E+00	6.920054E+04
3.018018E+00	6.840191E+04
3.033033E+00	6.846041E+04
3.048048E+00	6.944546E+04
3.063063E+00	7.114732E+04
3.078078E+00	7.351504E+04
3.093093E+00	7.684593E+04
3.108108E+00	8.130798E+04
3.123123E+00	8.713057E+04
3.138138E+00	9.506290E+04
3.153153E+00	1.055937E+05
3.168168E+00	1.183125E+05
3.183183E+00	1.330237E+05
3.198198E+00	1.502304E+05
3.213213E+00	1.692637E+05
3.228228E+00	1.879443E+05
3.243243E+00	2.027814E+05
3.258258E+00	2.087703E+05
3.273273E+00	2.041786E+05
3.288288E+00	1.938468E+05
3.303303E+00	1.855611E+05
3.318318E+00	1.828050E+05
3.333333E+00	1.826454E+05
3.348348E+00	1.806118E+05
3.363363E+00	1.775070E+05
3.378378E+00	1.768255E+05
3.393393E+00	1.798806E+05
3.408408E+00	1.869976E+05
3.423423E+00	1.977923E+05
3.438438E+00	2.094252E+05
3.453453E+00	2.189391E+05
3.468468E+00	2.244897E+05
3.483483E+00	2.240926E+05
3.498498E+00	2.181481E+05
3.513514E+00	2.102667E+05
3.528529E+00	2.044466E+05
3.543544E+00	2.011712E+05
3.558559E+00	1.997816E+05
3.573574E+00	2.014835E+05
3.588589E+00	2.076164E+05
3.603604E+00	2.188661E+05
3.618619E+00	2.339765E+05
3.633634E+00	2.483002E+05
3.648649E+00	2.585420E+05
3.663664E+00	2.662539E+05
3.678679E+00	2.717695E+05
3.693694E+00	2.717649E+05
3.708709E+00	2.662023E+05
3.723724E+00	2.611185E+05
3.738739E+00	2.630313E+05
3.753754E+00	2.751299E+05
3.768769E+00	2.977588E+05
3.783784E+00	3.296810E+05
3.798799E+00	3.690600E+05
3.813814E+00	4.148319E+05
3.828829E+00	4.638370E+05
3.843844E+00	5.070247E+05
3.858859E+00	5.367949E+05
3.873874E+00	5.526405E+05
3.888889E+00	5.572867E+05
3.903904E+00	5.550744E+05
3.918919E+00	5.513509E+05
3.933934E+00	5.492822E+05
3.948949E+00	5.471993E+05
3.963964E+00	5.396650E+05
3.978979E+00	5.242910E+05
3.993994E+00	5.068523E+05
4.009009E+00	4.958282E+05
4.024024E+00	4.967497E+05
4.039039E+00	5.098630E+05
4.054054E+00	5.312138E+05
4.069069E+00	5.580328E+05
4.084084E+00	5.857190E+05
4.099099E+00	6.070331E+05
4.114114E+00	6.187189E+05
4.129129E+00	6.269297E+05
4.144144E+00	6.389585E+05
4.159159E+00	6.484651E+05
4.174174E+00	6.439237E+05
4.189189E+00	6.293576E+05
4.204204E+00	6.205319E+05
4.219219E+00	6.266313E+05
4.234234E+00	6.417706E+05
4.249249E+00	6.584248E+05
4.264264E+00	6.818460E+05
4.279279E+00	7.191303E+05
4.294294E+00	7.663100E+05
4.309309E+00	8.094402E+05
4.324324E+00	8.331100E+05
4.339339E+00	8.376457E+05
4.354354E+00	8.392296E+05
4.369369E+00	8.518577E+05
4.384384E+00	8.809425E+05
4.399399E+00	9.226297E+05
4.414414E+00	9.659623E+05
4.429429E+00	1.000943E+06
4.444444E+00	1.021141E+06
4.459459E+00	1.026020E+06
4.474474E+00	1.019719E+06
4.489489E+00	1.004063E+06
4.504505E+00	9.811913E+05
4.519520E+00	9.550740E+05
4.534535E+00	9.278907E+05
4.549550E+00	9.030962E+05
4.564565E+00	8.869198E+05
4.579580E+00	8.833419E+05
4.594595E+00	8.932186E+05
4.609610E+00	9.168488E+05
4.624625E+00	9.544010E+05
4.639640E+00	1.003970E+06
4.654655E+00	1.055089E+06
4.669670E+00	1.094033E+06
4.684685E+00	1.122467E+06
4.699700E+00	1.154558E+06
4.714715E+00	1.192711E+06
4.729730E+00	1.225726E+06
4.744745E+00	1.250498E+06
4.759760E+00	1.281695E+06
4.774775E+00	1.327782E+06
4.789790E+00	1.375878E+06
4.804805E+00	1.401897E+06
4.819820E+00	1.389895E+06
4.834835E+00	1.353756E+06
4.849850E+00	1.325234E+06
4.864865E+00	1.320173E+06
4.879880E+00	1.328759E+06
4.894895E+00	1.331691E+06
4.909910E+00	1.316300E+06
4.924925E+00	1.280634E+06
4.939940E+00	1.234572E+06
4.954955E+00	1.194859E+06
4.969970E+00	1.171950E+06
4.984985E+00	1.163472E+06
5.000000E+00	1.157644E+06
5.015015E+00	1.147285E+06
5.030030E+00	1.135502E+06
5.045045E+00	1.132071E+06
5.060060E+00	1.148791E+06
5.075075E+00	1.185551E+06
5.090090E+00	1.222753E+06
5.105105E+00	1.238088E+06
5.120120E+00	1.228353E+06
5.135135E+00	1.212753E+06
5.150150E+00	1.211641E+06
5.165165E+00	1.225368E+06
5.180180E+00	1.247135E+06
5.195195E+00	1.274317E+06
5.210210E+00	1.295680E+06
5.225225E+00	1.297200E+06
5.240240E+00	1.279487E+06
5.255255E+00	1.254772E+06
5.270270E+00	1.232588E+06
5.285285E+00	1.215592E+06
5.300300E+00	1.205371E+06
5.315315E+00	1.208717E+06
5.330330E+00	1.230495E+06
5.345345E+00	1.261289E+06
5.360360E+00	1.280120E+06
5.375375E+00	1.274171E+06
5.390390E+00	1.250009E+06
5.405405E+00	1.220176E+06
5.420420E+00	1.190300E+06
5.435435E+00	1.162599E+06
5.450450E+00	1.143671E+06
5.465465E+00	1.141478E+06
5.480480E+00	1.148295E+06
5.495495E+00	1.147299E+06
5.510511E+00	1.138041E+06
5.525526E+00	1.126529E+06
5.540541E+00	1.108996E+06
5.555556E+00	1.082802E+06
5.570571E+00	1.053236E+06
5.585586E+00	1.027932E+06
5.600601E+00	1.015682E+06
5.615616E+00	1.021501E+06
5.630631E+00	1.039761E+06
5.645646E+00	1.055348E+06
5.660661E+00	1.057503E+06
5.675676E+00	1.056834E+06
5.690691E+00	1.069552E+06
5.705706E+00	1.092141E+06
5.720721E+00	1.106741E+06
5.735736E+00	1.098878E+06
5.750751E+00	1.068366E+06
5.765766E+00	1.023304E+06
5.780781E+00	9.714013E+05
5.795796E+00	9.201577E+05
5.810811E+00	8.777926E+05
5.825826E+00	8.556058E+05
5.840841E+00	8.623204E+05
5.855856E+00	8.949083E+05
5.870871E+00	9.395314E+05
5.885886E+00	9.829021E+05
5.900901E+00	1.015657E+06
5.915916E+00	1.031618E+06
5.930931E+00	1.034367E+06
5.945946E+00	1.033833E+06
5.960961E+00	1.036130E+06
5.975976E+00	1.040407E+06
5.990991E+00	1.045182E+06
6.006006E+00	1.050726E+06
6.021021E+00	1.057020E+06
6.036036E+00	1.063331E+06
6.051051E+00	1.067989E+06
6.066066E+00	1.070747E+06
6.081081E+00	1.074357E+06
6.096096E+00	1.080823E+06
6.111111E+00	1.088407E+06
6.126126E+00	1.090693E+06
6.141141E+00	1.083462E+06
6.156156E+00	1.074507E+06
6.171171E+00	1.076017E+06
6.186186E+00	1.094118E+06
6.201201E+00	1.122516E+06
6.216216E+00	1.147936E+06
6.231231E+00	1.165281E+06
6.246246E+00	1.181483E+06
6.261261E+00	1.204253E+06
6.276276E+00	1.237834E+06
6.291291E+00	1.282953E+06
6.306306E+00	1.334062E+06
6.321321E+00	1.375892E+06
6.336336E+00	1.391260E+06
6.351351E+00	1.374523E+06
6.366366E+00	1.330340E+06
6.381381E+00	1.272882E+06
6.396396E+00	1.220966E+06
6.411411E+00	1.187390E+06
6.426426E+00	1.173131E+06
6.441441E+00	1.167412E+06
6.456456E+00	1.158314E+06
6.471471E+00	1.146631E+06
6.486486E+00	1.141060E+06
6.501502E+00	1.140792E+06
6.516517E+00	1.137625E+06
6.531532E+00	1.128307E+06
6.546547E+00	1.113841E+06
6.561562E+00	1.100380E+06
6.576577E+00	1.098502E+06
6.591592E+00	1.112563E+06
6.606607E+00	1.132704E+06
6.621622E+00	1.145501E+06
6.636637E+00	1.152734E+06
6.651652E+00	1.166164E+06
6.666667E+00	1.187223E+06
6.681682E+00	1.203148E+06
6.696697E+00	1.202705E+06
6.711712E+00	1.188189E+06
6.726727E+00	1.168512E+06
6.741742E+00	1.142978E+06
6.756757E+00	1.103968E+06
6.771772E+00	1.051932E+06
6.786787E+00	9.959673E+05
6.801802E+00	9.493242E+05
6.816817E+00	9.227208E+05
6.831832E+00	9.195800E+05
6.846847E+00	9.399827E+05
6.861862E+00	9.801492E+05
6.876877E+00	1.025812E+06
6.891892E+00	1.059025E+06
6.906907E+00	1.071118E+06
6.921922E+00	1.068440E+06
6.936937E+00	1.063177E+06
6.951952E+00	1.059369E+06
6.966967E+00	1.055291E+06
6.981982E+00	1.049637E+06
6.996997E+00	1.038031E+06
7.012012E+00	1.013635E+06
7.027027E+00	9.775727E+05
7.042042E+00	9.436824E+05
7.057057E+00	9.237754E+05
7.072072E+00	9.143483E+05
7.087087E+00	9.083767E+05
7.102102E+00	9.104676E+05
7.117117E+00	9.236612E+05
7.132132E+00	9.382431E+05
7.147147E+00	9.433586E+05
7.162162E+00	9.385598E+05
7.177177E+00	9.300939E+05
7.192192E+00	9.247728E+05
7.207207E+00	9.238850E+05
7.222222E+00	9.209870E+05
7.237237E+00	9.145142E+05
7.252252E+00	9.160471E+05
7.267267E+00	9.339137E+05
7.282282E+00	9.618523E+05
7.297297E+00	9.876351E+05
7.312312E+00	1.004859E+06
7.327327E+00	1.013989E+06
7.342342E+00	1.018049E+06
7.357357E+00	1.021359E+06
7.372372E+00	1.024974E+06
7.387387E+00	1.025072E+06
7.402402E+00	1.017569E+06
7.417417E+00	1.004462E+06
7.432432E+00	9.913564E+05
7.447447E+00	9.846562E+05
7.462462E+00	9.890263E+05
7.477477E+00	1.001402E+06
7.492492E+00	1.015279E+06
7.507508E+00	1.023240E+06
7.522523E+00	1.016682E+06
7.537538E+00	9.951125E+05
7.552553E+00	9.692865E+05
7.567568E+00	9.499309E+05
7.582583E+00	9.449042E+05
7.597598E+00	9.577869E+05
7.612613E+00	9.825100E+05
7.627628E+00	1.007711E+06
7.642643E+00	1.024396E+06
7.657658E+00	1.027008E+06
7.672673E+00	1.013658E+06
7.687688E+00	9.925470E+05
7.702703E+00	9.723927E+05
7.717718E+00	9.556994E+05
7.732733E+00	9.453820E+05
7.747748E+00	9.395223E+05
7.762763E+00	9.374866E+05
7.777778E+00	9.488304E+05
7.792793E+00	9.778912E+05
7.807808E+00	1.015272E+06
7.822823E+00	1.042593E+06
7.837838E+00	1.043959E+06
7.852853E+00	1.016579E+06
7.867868E+00	9.692563E+05
7.882883E+00	9.121529E+05
7.897898E+00	8.566877E+05
7.912913E+00	8.150697E+05
7.927928E+00	7.920567E+05
7.942943E+00	7.802844E+05
7.957958E+00	7.680335E+05
7.972973E+00	7.511839E+05
7.987988E+00	7.345277E+05
8.003003E+00	7.245886E+05
8.018018E+00	7.257200E+05
8.033033E+00	7.361853E+05
8.048048E+00	7.486208E+05
8.063063E+00	7.568239E+05
8.078078E+00	7.569021E+05
8.093093E+00	7.451919E+05
8.108108E+00	7.262328E+05
8.123123E+00	7.140230E+05
8.138138E+00	7.210927E+05
8.153153E+00	7.479522E+05
8.168168E+00	7.806174E+05
8.183183E+00	8.051977E+05
8.198198E+00	8.270322E+05
8.213213E+00	8.582654E+05
8.228228E+00	8.921724E+05
8.243243E+00	9.113467E+05
8.258258E+00	9.200704E+05
8.273273E+00	9.374369E+05
8.288288E+00	9.721780E+05
8.303303E+00	1.017448E+06
8.318318E+00	1.060097E+06
8.333333E+00	1.091551E+06
8.348348E+00	1.115300E+06
8.363363E+00	1.145839E+06
8.378378E+00	1.189527E+06
8.393393E+00	1.239286E+06
8.408408E+00	1.275613E+06
8.423423E+00	1.276017E+06
8.438438E+00	1.240888E+06
8.453453E+00	1.191681E+06
8.468468E+00	1.149257E+06
8.483483E+00	1.121418E+06
8.498498E+00	1.104884E+06
8.513514E+00	1.091038E+06
8.528529E+00	1.067916E+06
8.543544E+00	1.025635E+06
8.558559E+00	9.705660E+05
8.573574E+00	9.234756E+05
8.588589E+00	8.980123E+05
8.603604E+00	8.940272E+05
8.618619E+00	9.060832E+05
8.633634E+00	9.331098E+05
8.648649E+00	9.774785E+05
8.663664E+00	1.032877E+06
8.678679E+00	1.075804E+06
8.693694E+00	1.084734E+06
8.708709E+00	1.069011E+06
8.723724E+00	1.057730E+06
8.738739E+00	1.071943E+06
8.753754E+00	1.109133E+06
8.768769E+00	1.150293E+06
8.783784E+00	1.179221E+06
8.798799E+00	1.180778E+06
8.813814E+00	1.143372E+06
8.828829E+00	1.083706E+06
8.843844E+00	1.040108E+06
8.858859E+00	1.037276E+06
8.873874E+00	1.068245E+06
8.888889E+00	1.106198E+06
8.903904E+00	1.129270E+06
8.918919E+00	1.125046E+06
8.933934E+00	1.097742E+06
8.948949E+00	1.072909E+06
8.963964E+00	1.076217E+06
8.978979E+00	1.113429E+06
8.993994E+00	1.164615E+06
9.009009E+00	1.205547E+06
9.024024E+00	1.232680E+06
9.039039E+00	1.256392E+06
9.054054E+00	1.285933E+06
9.069069E+00	1.319328E+06
9.084084E+00	1.350821E+06
9.099099E+00	1.373385E+06
9.114114E+00	1.378137E+06
9.129129E+00	1.368481E+06
9.144144E+00	1.358302E+06
9.159159E+00	1.351898E+06
9.174174E+00	1.342168E+06
9.189189E+00	1.335865E+06
9.204204E+00	1.348351E+06
9.219219E+00	1.382007E+06
9.234234E+00	1.433675E+06
9.249249E+00	1.499904E+06
9.264264E+00	1.566382E+06
9.279279E+00	1.616616E+06
9.294294E+00	1.643100E+06
9.309309E+00	1.649583E+06
9.324324E+00	1.644758E+06
9.339339E+00	1.634767E+06
9.354354E+00	1.627228E+06
9.369369E+00	1.619602E+06
9.384384E+00	1.597590E+06
9.399399E+00	1.561584E+06
9.414414E+00	1.520483E+06
9.429429E+00	1.479363E+06
9.444444E+00	1.453899E+06
9.459459E+00	1.459294E+06
9.474474E+00	1.490863E+06
9.489489E+00	1.529869E+06
9.504505E+00	1.563990E+06
9.519520E+00	1.601844E+06
9.534535E+00	1.651079E+06
9.549550E+00	1.705359E+06
9.564565E+00	1.757597E+06
9.579580E+00	1.802832E+06
9.594595E+00	1.840487E+06
9.609610E+00	1.877498E+06
9.624625E+00	1.920242E+06
9.639640E+00	1.970345E+06
9.654655E+00	2.028545E+06
9.669670E+00	2.098692E+06
9.684685E+00	2.179907E+06
9.699700E+00	2.256223E+06
9.714715E+00	2.302997E+06
9.729730E+00	2.304562E+06
9.744745E+00	2.270024E+06
9.759760E+00	2.230983E+06
9.774775E+00	2.215083E+06
9.789790E+00	2.228405E+06
9.804805E+00	2.260392E+06
9.819820E+00	2.288294E+06
9.834835E+00	2.294485E+06
9.849850E+00	2.288542E+06
9.864865E+00	2.283795E+06
9.879880E+00	2.275213E+06
9.894895E+00	2.257643E+06
9.909910E+00	2.230847E+06
9.924925E+00	2.200145E+06
9.939940E+00	2.185649E+06
9.954955E+00	2.205641E+06
9.969970E+00	2.250328E+06
9.984985E+00	2.292469E+06
1.000000E+01	2.323039E+06
1.001502E+01	2.349136E+06
1.003003E+01	2.371066E+06
1.004505E+01	2.383999E+06
1.006006E+01	2.385847E+06
1.007508E+01	2.375100E+06
1.009009E+01	2.352454E+06
1.010511E+01	2.319938E+06
1.012012E+01	2.277706E+06
1.013514E+01	2.224729E+06
1.015015E+01	2.163679E+06
1.016517E+01	2.106015E+06
1.018018E+01	2.065683E+06
1.019520E+01	2.042532E+06
1.021021E+01	2.029665E+06
1.022523E+01	2.035230E+06
1.024024E+01	2.063338E+06
1.025526E+01	2.092251E+06
1.027027E+01	2.110529E+06
1.028529E+01	2.131512E+06
1.030030E+01	2.154846E+06
1.031532E+01	2.162281E+06
1.033033E+01	2.151051E+06
1.034535E+01	2.131738E+06
1.036036E+01	2.110678E+06
1.037538E+01	2.095790E+06
1.039039E+01	2.086681E+06
1.040541E+01	2.061929E+06
1.042042E+01	2.007946E+06
1.043544E+01	1.941394E+06
1.045045E+01	1.890140E+06
1.046547E+01	1.868184E+06
1.048048E+01	1.863825E+06
1.049550E+01	1.852686E+06
1.051051E+01	1.828696E+06
1.052553E+01	1.807874E+06
1.054054E+01	1.801333E+06
1.055556E+01	1.803490E+06
1.057057E+01	1.808222E+06
1.058559E+01	1.816629E+06
1.060060E+01	1.831883E+06
1.061562E+01	1.855899E+06
1.063063E+01	1.878612E+06
1.064565E+01	1.883198E+06
1.066066E+01	1.862196E+06
1.067568E+01	1.821390E+06
1.069069E+01	1.775841E+06
1.070571E+01	1.738743E+06
1.072072E+01	1.711062E+06
1.073574E+01	1.687985E+06
1.075075E+01	1.668304E+06
1.076577E+01	1.648424E+06
1.078078E+01	1.624674E+06
1.079580E+01	1.598336E+06
1.081081E+01	1.574323E+06
1.082583E+01	1.563125E+06
1.084084E+01	1.577171E+06
1.085586E+01	1.618223E+06
1.087087E+01	1.669747E+06
1.088589E+01	1.698913E+06
1.090090E+01	1.685624E+06
1.091592E+01	1.647359E+06
1.093093E+01	1.619469E+06
1.094595E+01	1.622152E+06
1.096096E+01	1.650810E+06
1.097598E+01	1.690356E+06
1.099099E+01	1.725694E+06
1.100601E+01	1.746595E+06
1.102102E+01	1.748888E+06
1.103604E+01	1.735195E+06
1.105105E+01	1.719282E+06
1.106607E+01	1.714718E+06
1.108108E+01	1.717951E+06
1.109610E+01	1.716160E+06
1.111111E+01	1.704952E+06
1.112613E+01	1.694027E+06
1.114114E+01	1.697157E+06
1.115616E+01	1.718532E+06
1.117117E+01	1.753593E+06
1.118619E+01	1.791060E+06
1.120120E+01	1.817706E+06
1.121622E+01	1.825470E+06
1.123123E+01	1.807601E+06
1.124625E+01	1.762897E+06
1.126126E+01	1.704486E+06
1.127628E+01	1.651153E+06
1.129129E+01	1.619265E+06
1.130631E+01	1.616675E+06
1.132132E+01	1.634386E+06
1.133634E+01	1.655159E+06
1.135135E+01	1.672226E+06
1.136637E+01	1.692536E+06
1.138138E+01	1.726930E+06
1.139640E+01	1.782294E+06
1.141141E+01	1.852174E+06
1.142643E+01	1.916654E+06
1.144144E+01	1.961923E+06
1.145646E+01	1.986465E+06
1.147147E+01	1.990227E+06
1.148649E+01	1.981183E+06
1.150150E+01	1.973927E+06
1.151652E+01	1.972501E+06
1.153153E+01	1.967350E+06
1.154655E+01	1.955591E+06
1.156156E+01	1.950856E+06
1.157658E+01	1.960930E+06
1.159159E+01	1.978665E+06
1.160661E+01	1.993265E+06
1.162162E+01	1.995316E+06
1.163664E+01	1.978354E+06
1.165165E+01	1.946419E+06
1.166667E+01	1.914442E+06
1.168168E+01	1.892677E+06
1.169670E+01	1.874686E+06
1.171171E+01	1.845946E+06
1.172673E+01	1.802296E+06
1.174174E+01	1.751403E+06
1.175676E+01	1.705501E+06
1.177177E+01	1.673309E+06
1.178679E+01	1.657098E+06
1.180180E+01	1.649473E+06
1.181682E+01	1.636360E+06
1.183183E+01	1.617436E+06
1.184685E+01	1.605795E+06
1.186186E+01	1.610439E+06
1.187688E+01	1.630861E+06
1.189189E+01	1.658057E+06
1.190691E+01	1.683127E+06
1.192192E+01	1.714123E+06
1.193694E+01	1.761087E+06
1.195195E+01	1.814496E+06
1.196697E+01	1.858754E+06
1.198198E+01	1.883322E+06
1.199700E+01	1.886554E+06
1.201201E+01	1.870329E+06
1.202703E+01	1.830614E+06
1.204204E+01	1.776779E+06
1.205706E+01	1.738908E+06
1.207207E+01	1.737483E+06
1.208709E+01	1.766914E+06
1.210210E+01	1.807614E+06
1.211712E+01	1.839746E+06
1.213213E+01	1.851832E+06
1.214715E+01	1.846244E+06
1.216216E+01	1.835780E+06
1.217718E+01	1.830374E+06
1.219219E+01	1.827334E+06
1.220721E+01	1.817949E+06
1.222222E+01	1.804413E+06
1.223724E+01	1.806322E+06
1.225225E+01	1.837593E+06
1.226727E+01	1.887068E+06
1.228228E+01	1.931114E+06
1.229730E+01	1.957399E+06
1.231231E+01	1.972894E+06
1.232733E+01	1.984127E+06
1.234234E+01	1.988565E+06
1.235736E+01	1.990403E+06
1.237237E+01	2.000476E+06
1.238739E+01	2.024385E+06
1.240240E+01	2.059860E+06
1.241742E+01	2.095438E+06
1.243243E+01	2.117176E+06
1.244745E+01	2.120856E+06
1.246246E+01	2.115182E+06
1.247748E+01	2.110119E+06
1.249249E+01	2.102488E+06
1.250751E+01	2.083966E+06
1.252252E+01	2.058738E+06
1.253754E+01	2.045490E+06
1.255255E+01	2.059442E+06
1.256757E+01	2.090968E+06
1.258258E+01	2.113473E+06
1.259760E+01	2.115124E+06
1.261261E+01	2.105836E+06
1.262763E+01	2.100523E+06
1.264264E+01	2.106557E+06
1.265766E+01	2.124881E+06
1.267267E+01	2.149934E+06
1.268769E+01	2.172405E+06
1.270270E+01	2.186701E+06
1.271772E+01	2.185649E+06
1.273273E+01	2.168277E+06
1.274775E+01	2.151419E+06
1.276276E+01	2.150945E+06
1.277778E+01	2.164180E+06
1.279279E+01	2.178812E+06
1.280781E+01	2.188618E+06
1.282282E+01	2.204586E+06
1.283784E+01	2.241765E+06
1.285285E+01	2.296979E+06
1.286787E+01	2.354174E+06
1.288288E+01	2.399695E+06
1.289790E+01	2.424575E+06
1.291291E+01	2.428503E+06
1.292793E+01	2.420360E+06
1.294294E+01	2.401203E+06
1.295796E+01	2.367270E+06
1.297297E+01	2.328078E+06
1.298799E+01	2.300145E+06
1.300300E+01	2.291181E+06
1.301802E+01	2.295911E+06
1.303303E+01	2.298698E+06
1.304805E+01	2.281332E+06
1.306306E+01	2.240881E+06
1.307808E+01	2.195901E+06
1.309309E+01	2.167485E+06
1.310811E+01	2.163836E+06
1.312312E+01	2.177500E+06
1.313814E+01	2.190620E+06
1.315315E+01	2.188483E+06
1.316817E+01	2.173305E+06
1.318318E+01	2.160734E+06
1.319820E+01	2.163118E+06
1.321321E+01	2.181085E+06
1.322823E+01	2.198348E+06
1.324324E+01	2.196210E+06
1.325826E+01	2.176612E+06
1.327327E+01	2.155318E+06
1.328829E+01	2.141965E+06
1.330330E+01	2.129983E+06
1.331832E+01	2.110907E+06
1.333333E+01	2.090940E+06
1.334835E+01	2.086411E+06
1.336336E+01	2.109798E+06
1.337838E+01	2.157728E+06
1.339339E+01	2.214616E+06
1.340841E+01	2.264804E+06
1.342342E+01	2.296787E+06
1.343844E+01	2.311945E+06
1.345345E+01	2.324023E+06
1.346847E+01	2.341328E+06
1.348348E+01	2.361300E+06
1.349850E+01	2.378447E+06
1.351351E+01	2.390438E+06
1.352853E+01	2.391989E+06
1.354354E+01	2.377321E+06
1.355856E+01	2.355324E+06
1.357357E+01	2.340344E+06
1.358859E+01	2.341029E+06
1.360360E+01	2.361031E+06
1.361862E+01	2.397110E+06
1.363363E+01	2.436384E+06
1.364865E+01	2.463235E+06
1.366366E+01	2.467591E+06
1.367868E+01	2.445527E+06
1.369369E+01	2.400628E+06
1.370871E+01	2.341907E+06
1.372372E+01	2.281594E+06
1.373874E+01	2.233105E+06
1.375375E+01	2.199736E+06
1.376877E+01	2.174096E+06
1.378378E+01	2.151547E+06
1.379880E+01	2.133158E+06
1.381381E+01	2.117609E+06
1.382883E+01	2.100260E+06
1.384384E+01	2.082357E+06
1.385886E+01	2.069627E+06
1.387387E+01	2.062803E+06
1.388889E+01	2.057884E+06
1.390390E+01	2.053106E+06
1.391892E+01	2.049224E+06
1.393393E+01	2.053609E+06
1.394895E+01	2.077084E+06
1.396396E+01	2.117904E+06
1.397898E+01	2.160444E+06
1.399399E+01	2.190970E+06
1.400901E+01	2.208042E+06
1.402402E+01	2.212751E+06
1.403904E+01	2.207502E+06
1.405405E+01	2.200803E+06
1.406907E+01	2.197503E+06
1.408408E+01	2.201490E+06
1.409910E+01	2.216419E+06
1.411411E+01	2.239482E+06
1.412913E+01	2.274189E+06
1.414414E+01	2.330048E+06
1.415916E+01	2.408498E+06
1.417417E+01	2.498505E+06
1.418919E+01	2.578042E+06
1.420420E+01	2.624783E+06
1.421922E+01	2.630870E+06
1.423423E+01	2.606835E+06
1.424925E+01	2.575128E+06
1.426426E+01	2.556877E+06
1.427928E+01	2.555653E+06
1.429429E+01	2.559140E+06
1.430931E+01	2.558997E+06
1.432432E+01	2.556116E+06
1.433934E+01	2.552666E+06
1.435435E+01	2.549667E+06
1.436937E+01	2.545153E+06
1.438438E+01	2.536123E+06
1.439940E+01	2.522611E+06
1.441441E+01	2.508902E+06
1.442943E+01	2.498365E+06
1.444444E+01	2.489965E+06
1.445946E+01	2.488515E+06
1.447447E+01	2.506841E+06
1.448949E+01	2.549341E+06
1.450450E+01	2.601937E+06
1.451952E+01	2.643597E+06
1.453453E+01	2.662338E+06
1.454955E+01	2.661651E+06
1.456456E+01	2.651047E+06
1.457958E+01	2.632531E+06
1.459459E+01	2.607019E+06
1.460961E+01	2.580172E+06
1.462462E+01	2.555190E+06
1.463964E+01	2.531585E+06
1.465465E+01	2.510520E+06
1.466967E+01	2.494063E+06
1.468468E+01	2.479439E+06
1.469970E+01	2.464410E+06
1.471471E+01	2.445933E+06
1.472973E+01	2.415469E+06
1.474474E+01	2.372073E+06
1.475976E+01	2.330729E+06
1.477477E+01	2.307560E+06
1.478979E+01	2.305030E+06
1.480480E+01	2.315721E+06
1.481982E+01	2.336036E+06
1.483483E+01	2.366550E+06
1.484985E+01	2.404287E+06
1.486486E+01	2.443445E+06
1.487988E+01	2.472587E+06
1.489489E+01	2.484107E+06
1.490991E+01	2.480339E+06
1.492492E+01	2.467198E+06
1.493994E+01	2.450196E+06
1.495495E+01	2.432516E+06
1.496997E+01	2.417432E+06
1.498498E+01	2.406616E+06
1.500000E+01	2.395306E+06
